0.001,0.0088062,0.0004118,-0.0011494,-0.0074893,0.0063852,-0.0045117,0.0048647,-0.0021857,0.0046565,-0.00031677,-0.0019187,0.0069282,-0.0045388,-0.0025477,0.013232,-0.0020816,0.010915,-0.003127
0.0011,-0.00047968,-0.0011358,0.00039822,-0.0012988,0.0079328,0.0094171,-0.0013259,-0.0068286,0.0062041,-0.0034121,0.0027242,0.0022853,-0.015372,-0.0087383,-0.0037922,-0.0082722,0.0031767,0.0092542
0.0012,0.0041632,0.0004118,-0.0011494,-0.0012988,0.00019459,0.0078694,-0.010612,0.0040049,0.0015612,0.0043262,0.0011766,0.0022853,-0.0091818,-0.0040954,-0.0099827,-0.0036293,0.006272,0.0046113
0.0013,0.0088062,0.014341,0.0019459,0.0033442,-0.0044483,0.0094171,-0.0090641,-0.00063806,0.0062041,0.0058738,-0.00037107,0.00073762,-0.0060865,0.0020952,-0.0068875,0.0041089,-0.0030138,0.001516
0.0014,-0.00047968,0.0035071,-0.0011494,-0.0012988,0.00019459,0.0078694,0.0048647,-0.00063806,1.3576e-05,-0.0034121,-0.005014,-0.005453,-0.0060865,0.0067381,-0.0068875,0.0010137,-0.0014662,-0.0077699
0.0015,0.001068,-0.0011358,0.0019459,0.00024889,0.0032899,0.0078694,0.00022174,0.00090958,-0.0030817,-0.00031677,-0.0034664,-0.0070006,-0.0045388,-0.0010001,-0.0022445,-0.0082722,0.0031767,0.001516
0.0016,-0.003575,0.011245,-0.0011494,0.0017965,0.00019459,-0.0014164,-0.0059688,0.0055525,0.0015612,-0.0065073,0.0011766,-0.0039053,-0.0014436,0.0036428,-0.00069689,-0.0082722,0.0031767,-3.1677e-05
0.0017,0.0088062,0.0066024,0.0019459,0.0064395,-0.0029007,-0.0029641,-0.0044212,0.0055525,-0.0015341,-0.0034121,-0.005014,-0.0023577,-0.0029912,-0.0040954,0.00085075,-0.00053398,0.006272,0.0030636
0.0018,0.0072585,0.0035071,-0.0057923,0.00024889,-0.0075436,0.0047742,0.0048647,-0.00063806,-0.0030817,-0.0034121,0.0058195,-0.0039053,0.00010408,-0.005643,-0.0068875,0.0041089,-0.0076568,-3.1677e-05
0.0019,0.0041632,0.0096977,-0.0042447,0.00024889,-0.0075436,0.0016789,0.0017694,-0.0021857,0.0015612,-0.0049597,0.0011766,-0.0023577,-0.0029912,-0.0025477,0.003946,-0.0067246,-0.0030138,0.0030636
0.002,-0.00047968,0.0035071,-0.0011494,-0.004394,-0.0013531,-0.0045117,0.0017694,-0.0037333,-0.0030817,0.0012309,-0.0034664,0.0022853,-0.0060865,0.0098334,0.00085075,-0.0020816,0.0016291,-3.1677e-05
0.0021,-0.00047968,-0.0011358,-0.00734,0.00024889,-0.0044483,0.0032265,0.00796,0.00090958,-0.0015341,-0.00031677,-0.0019187,-0.0070006,0.0016517,0.0051905,-0.0022445,-0.0036293,-0.0014662,0.001516
0.0022,-0.0051226,0.0019594,-0.00734,0.0033442,0.00019459,0.00013123,0.00022174,-0.00063806,0.0046565,0.0027785,-0.00037107,-0.005453,-0.0029912,0.0036428,-0.0084351,0.0041089,0.0016291,-3.1677e-05
0.0023,-0.012861,-0.0011358,-0.0088876,-0.0028464,0.0017422,0.00013123,0.00022174,0.0071001,1.3576e-05,0.0089691,-0.0081093,-0.0039053,0.0031994,-0.005643,-0.00069689,0.011847,0.006272,-0.0046746
0.0024,-0.00047968,0.0035071,-0.00734,-0.0012988,-0.0013531,0.0078694,0.00022174,-0.00063806,-0.0046294,0.0012309,-0.005014,-0.005453,0.0016517,-0.0025477,0.003946,0.0025613,0.010915,0.0030636
0.0025,-0.0066702,-0.0026835,0.00039822,0.00024889,0.00019459,0.0078694,0.00022174,-0.0068286,0.0015612,0.0027785,0.0011766,-0.00081002,-0.0060865,-0.0010001,-0.0037922,-0.00053398,0.0093673,-0.0015793
0.0026,-0.00047968,0.0004118,0.0065888,0.0033442,0.00019459,-0.0014164,0.0017694,0.00090958,0.0031089,0.0074214,0.0042719,0.00073762,0.00010408,0.00054756,0.0054937,0.0041089,0.0047244,-0.0062222
0.0027,-0.003575,0.0004118,-0.0011494,0.0064395,0.0032899,0.0016789,0.0017694,0.0055525,-0.0046294,0.0058738,0.0027242,-0.005453,-0.0076341,-0.0010001,0.00085075,0.0025613,-0.0030138,-0.0046746
0.0028,0.0041632,-0.0011358,-0.0026971,0.0033442,-0.0013531,0.0016789,-0.0013259,0.0071001,-0.0015341,0.0027785,0.0027242,-0.005453,-0.0060865,-0.0025477,-0.00069689,-0.0036293,-0.0045615,-0.0077699
0.0029,0.0057109,-0.0026835,0.0050412,0.0048918,-0.010639,-0.0014164,0.00022174,0.0086478,1.3576e-05,-0.0018644,-0.00037107,0.00073762,0.0031994,0.00054756,0.003946,-0.0020816,0.0047244,0.0030636
0.003,-0.0020273,-0.0042311,0.0081364,0.0048918,-0.0013531,-0.0060593,0.003317,0.0040049,0.0015612,-0.0096026,0.0042719,0.0053805,0.00010408,0.0036428,0.0023984,-0.0020816,-0.0030138,-3.1677e-05
0.0031,-0.003575,0.00815,-0.0026971,0.0079871,-0.0044483,0.0047742,0.00022174,0.0040049,0.0031089,-0.0096026,0.0027242,-0.0023577,0.0016517,-0.005643,0.0023984,-0.0020816,0.0031767,0.001516
0.0032,0.001068,0.0019594,-0.0088876,0.0048918,0.00019459,0.0016789,0.0048647,0.0071001,0.0046565,0.0027785,0.0011766,-0.013191,-0.0029912,-0.005643,0.00085075,-0.0036293,8.1455e-05,0.0046113
0.0033,0.001068,0.0019594,0.00039822,0.0048918,0.0032899,0.0016789,-0.0013259,0.0024572,0.0015612,0.0027785,0.0027242,-0.00081002,-0.0014436,-0.0040954,0.0023984,0.0025613,8.1455e-05,0.0061589
0.0034,-0.0097655,0.0035071,-0.0011494,-0.004394,0.00019459,0.00013123,0.00022174,-0.0021857,0.0015612,-0.00031677,0.0042719,-0.0023577,-0.0045388,-0.0071907,0.0054937,0.013395,-0.0014662,0.0061589
0.0035,-0.0020273,0.0004118,-0.0026971,-0.0028464,0.0032899,-0.0045117,0.003317,-0.0021857,-0.0015341,-0.00031677,0.0011766,-0.00081002,-0.0029912,-0.0071907,-0.0099827,0.0087519,8.1455e-05,0.001516
0.0036,0.0072585,-0.0011358,0.0019459,0.0033442,0.0048375,0.00013123,0.0017694,-0.0037333,1.3576e-05,-0.00031677,0.0027242,0.0022853,0.00010408,-0.0010001,-0.0022445,-0.0020816,0.0031767,0.0030636
0.0037,0.0041632,-0.0011358,0.0019459,0.0033442,0.0079328,-0.0060593,0.0017694,-0.0037333,-0.006177,-0.00031677,0.0027242,0.0069282,-0.0014436,0.0036428,-0.0053398,-0.0020816,-0.0045615,0.0030636
0.0038,0.0026156,-0.0057788,0.0050412,0.00024889,0.0032899,-0.0014164,0.003317,-0.0037333,-0.0092723,0.0089691,-0.0019187,-0.00081002,0.00010408,0.00054756,-0.0068875,-0.0051769,-0.0045615,-0.0015793
0.0039,-0.0051226,-0.0042311,0.0050412,0.0017965,-0.0029007,0.00013123,0.0017694,0.00090958,1.3576e-05,0.0043262,-0.0034664,-0.0023577,0.00010408,0.00054756,-0.0084351,-0.00053398,0.0031767,-0.003127
0.004,-0.0066702,-0.0088741,-0.0057923,0.00024889,-0.0013531,-0.0014164,0.0064123,0.0024572,-0.0015341,-0.0034121,0.0011766,-0.0085482,0.0016517,0.0036428,-0.0053398,0.0041089,0.0031767,-0.0015793
0.0041,-0.003575,-0.010422,0.0019459,-0.0028464,-0.0013531,-0.0045117,0.0017694,0.0040049,0.0015612,-0.0018644,-0.00037107,0.0022853,-0.0060865,-0.0071907,-0.0022445,-0.0067246,0.0016291,0.0046113
0.0042,-0.00047968,-0.0088741,0.00039822,0.0017965,0.0032899,-0.0029641,0.0064123,0.0071001,0.0046565,-0.0034121,0.0027242,0.00073762,-0.0045388,-0.0071907,0.00085075,0.0025613,-0.0045615,0.001516
0.0043,-0.0051226,-0.0042311,0.0050412,0.0095347,0.0032899,0.00013123,0.0064123,0.0055525,-0.0030817,0.0012309,0.0027242,-0.0039053,0.0016517,-0.0040954,0.00085075,0.0010137,-0.0030138,-0.0062222
0.0044,0.0041632,-0.0011358,0.0050412,0.00024889,-0.0013531,-0.0060593,-0.0013259,0.0055525,-0.0077246,-0.00031677,0.0058195,0.0022853,0.00010408,0.00054756,0.0023984,-0.0020816,0.0093673,-0.0046746
0.0045,-0.0020273,-0.0026835,0.011232,-0.004394,0.0017422,0.00013123,0.0064123,-0.0021857,0.0046565,0.0012309,-0.005014,-0.00081002,0.0016517,-0.0040954,0.0023984,-0.00053398,0.0016291,0.0030636
0.0046,-0.003575,0.0066024,0.0050412,-0.0074893,-0.0029007,0.0078694,-0.0044212,-0.00063806,0.0062041,-0.0065073,-0.00037107,0.0022853,0.00010408,-0.0010001,-0.0037922,-0.00053398,8.1455e-05,0.0046113
0.0047,-0.003575,0.0035071,-0.0011494,0.0017965,-0.0029007,0.00013123,-0.0028735,-0.00063806,-0.0015341,-0.0034121,0.0027242,0.0022853,-0.010729,0.011381,-0.0068875,0.0025613,0.0016291,-0.0015793
0.0048,-0.0051226,0.00815,0.0019459,0.00024889,-0.005996,-0.0060593,-0.0013259,0.0024572,-0.0030817,-0.0018644,-0.0019187,0.011571,-0.0060865,0.0098334,0.0023984,0.0103,0.0031767,0.0030636
0.0049,-0.00047968,0.0066024,0.00039822,-0.0059417,-0.0090913,0.0016789,-0.0075165,0.00090958,1.3576e-05,-0.0096026,-0.0019187,0.0038329,-0.0014436,-0.0010001,0.00085075,0.0010137,-0.0092044,-0.0015793
0.005,-0.00047968,-0.0026835,0.00039822,0.0017965,-0.0075436,-0.0060593,-0.0013259,-0.0021857,-0.0046294,-0.00031677,-0.00037107,0.0038329,-0.0060865,-0.0025477,0.0054937,-0.0036293,-0.0045615,-0.0093175
0.0051,0.0041632,0.014341,0.0019459,-0.0028464,-0.0044483,-0.0045117,-0.0013259,-0.0021857,-0.0077246,-0.0018644,0.0027242,-0.005453,-0.0029912,-0.018024,0.0023984,-0.0051769,0.0031767,0.0061589
0.0052,-0.0020273,0.0004118,0.0050412,-0.0012988,-0.0013531,-0.0014164,0.003317,-0.00063806,-0.0046294,0.0027785,-0.00037107,-0.00081002,-0.0060865,-0.0040954,-0.0037922,-0.0036293,0.0016291,0.0046113
0.0053,0.0041632,-0.010422,0.0019459,0.0048918,0.0032899,0.0047742,0.003317,-0.00063806,-0.0046294,-0.0034121,0.0027242,0.0069282,-0.010729,0.0098334,-0.0037922,0.0041089,0.0016291,0.0077065
0.0054,0.001068,-0.0088741,-0.0011494,-0.0028464,0.0063852,0.0047742,-0.0028735,-0.0021857,0.0015612,0.0043262,0.0042719,-0.0023577,0.00010408,-0.0010001,0.010137,-0.0020816,0.0047244,0.012349
0.0055,-0.00047968,-0.0042311,0.00039822,0.0017965,-0.0013531,-0.0029641,0.00022174,-0.00063806,1.3576e-05,-0.00031677,-0.00037107,0.0022853,0.0016517,-0.005643,0.003946,-0.0067246,0.0016291,0.0046113
0.0056,0.0026156,-0.0011358,0.00039822,0.0048918,0.0017422,-0.007607,0.0064123,-0.0037333,0.0046565,0.0043262,-0.00037107,-0.0023577,0.00010408,-0.005643,0.0054937,-0.00053398,-0.0030138,-0.0077699
0.0057,0.0041632,0.0050547,-0.0042447,0.0048918,0.0032899,-0.0014164,0.0048647,0.0055525,0.0031089,0.0058738,0.0011766,0.0022853,-0.0014436,0.0051905,0.010137,0.0087519,-0.0030138,-0.0046746
0.0058,-0.003575,0.0050547,0.0065888,0.0017965,-0.0013531,0.00013123,0.0017694,-0.0021857,-0.006177,0.0027785,0.0042719,0.0069282,-0.0045388,0.0036428,0.00085075,0.01649,0.0031767,-0.0062222
0.0059,0.0026156,0.0004118,0.0081364,0.0017965,0.0032899,0.0016789,-0.0013259,0.00090958,0.0015612,0.0043262,0.01201,-0.0070006,0.00010408,-0.0010001,-0.0037922,0.0103,8.1455e-05,-0.0015793
0.006,0.011901,-0.0026835,0.0050412,0.00024889,0.0017422,-0.0014164,0.00022174,0.0071001,-0.0015341,-0.0034121,-0.00037107,-0.0023577,0.0031994,-0.0071907,0.0023984,-0.00053398,-0.0030138,-0.003127
0.0061,-0.00047968,0.0004118,0.00039822,0.0017965,-0.0044483,-0.0091546,0.00022174,0.00090958,1.3576e-05,0.0012309,-0.0034664,-0.00081002,0.00010408,-0.0025477,-0.00069689,0.0010137,-0.0061091,-0.0015793
0.0062,0.0026156,0.0019594,0.0019459,0.0017965,-0.0044483,-0.0014164,0.0017694,0.0024572,-0.0015341,-0.0018644,0.0011766,0.0053805,-0.0045388,0.0020952,0.003946,-0.0067246,-0.0061091,-3.1677e-05
0.0063,-0.0020273,0.0035071,0.0034935,0.0017965,-0.0013531,0.0047742,0.003317,0.0040049,-0.006177,-0.00031677,0.0011766,0.0069282,0.0016517,0.0020952,0.003946,-0.0067246,-0.0045615,0.0061589
0.0064,-0.0051226,-0.0026835,0.0065888,0.0048918,-0.0013531,-0.0014164,0.00022174,0.00090958,-0.0046294,-0.00031677,0.0011766,-0.0039053,0.00010408,0.0036428,-0.0037922,-0.0036293,8.1455e-05,0.0030636
0.0065,0.0026156,0.0035071,-0.0026971,0.0048918,0.0017422,0.0016789,0.00022174,0.0055525,-0.0046294,0.0043262,0.0058195,0.0022853,-0.0060865,0.0036428,0.0023984,0.0041089,8.1455e-05,-0.0062222
0.0066,-0.00047968,0.0019594,-0.0042447,0.00024889,0.00019459,-0.0029641,-0.0075165,0.00090958,-0.0030817,0.0027785,0.0058195,0.0053805,-0.0076341,-0.0040954,0.003946,0.0041089,0.0093673,0.0030636
0.0067,-0.0051226,0.0035071,0.0019459,-0.0028464,-0.0029007,-0.0029641,-0.0090641,-0.00063806,0.0015612,-0.0049597,0.0058195,-0.0023577,-0.0014436,0.0036428,0.0023984,-0.0036293,0.0031767,-3.1677e-05
0.0068,-0.0020273,0.0019594,0.0050412,-0.004394,0.00019459,-0.010702,0.0017694,-0.0021857,1.3576e-05,0.0027785,-0.005014,-0.00081002,-0.0076341,-0.0040954,0.0054937,-0.00053398,8.1455e-05,-0.003127
0.0069,0.0026156,-0.0011358,0.0034935,0.00024889,0.00019459,-0.010702,0.0017694,0.0040049,0.0015612,0.0058738,0.0027242,-0.0023577,0.00010408,-0.0025477,0.011684,0.011847,8.1455e-05,-0.0015793
0.007,-0.003575,0.0004118,-0.0026971,0.0017965,0.0079328,0.00013123,-0.0013259,-0.00063806,-0.0046294,0.0089691,0.0027242,0.00073762,-0.0029912,0.00054756,0.0023984,0.0041089,-0.0030138,-0.0093175
0.0071,-0.00047968,-0.0026835,-0.0026971,0.00024889,0.0048375,0.00013123,-0.0013259,0.0040049,-0.0092723,-0.0034121,-0.0034664,0.0038329,0.0031994,-0.0010001,0.003946,-0.0036293,8.1455e-05,-0.010865
0.0072,-0.0020273,0.0066024,-0.0011494,0.0048918,0.0017422,0.00013123,0.003317,-0.0068286,0.0077518,0.0027785,-0.005014,0.00073762,0.0016517,0.0051905,0.00085075,-0.0067246,-0.0092044,0.001516
0.0073,0.0041632,0.0035071,-0.010435,-0.0012988,0.0017422,0.0016789,-0.0028735,-0.0068286,-0.0015341,0.0058738,-0.00037107,-0.005453,-0.0029912,0.00054756,0.0054937,0.0025613,-0.0045615,0.001516
0.0074,-0.00047968,-0.0011358,-0.00734,0.0017965,0.0017422,0.0047742,-0.0059688,-0.0021857,-0.0046294,-0.0034121,0.0089148,0.00073762,0.0016517,-0.0010001,0.0054937,-0.0098198,-0.0014662,0.0030636
0.0075,-0.0020273,0.0019594,-0.0011494,-0.004394,-0.0013531,0.0047742,-0.0028735,-0.00063806,-0.0015341,-0.0065073,-0.00037107,0.0053805,-0.0014436,0.0036428,-0.0022445,-0.0067246,-0.0014662,-0.0046746
0.0076,-0.0020273,-0.0026835,0.00039822,-0.0059417,0.00019459,-0.0014164,-0.0013259,-0.005281,-0.0015341,-0.01115,-0.0019187,0.0038329,0.0031994,0.0051905,0.011684,-0.0020816,-0.0045615,-0.0046746
0.0077,-0.003575,-0.0088741,-0.0011494,-0.004394,-0.0029007,-0.0029641,0.0048647,-0.00063806,-0.0030817,0.0043262,0.0027242,0.0038329,0.00010408,0.00054756,0.00085075,0.0087519,8.1455e-05,0.001516
0.0078,-0.003575,-0.0026835,-0.0011494,-0.010585,-0.0029007,-0.0060593,0.0064123,-0.0021857,0.0031089,0.0012309,-0.00037107,0.00073762,-0.0076341,-0.005643,-0.0037922,0.0010137,0.012463,-3.1677e-05
0.0079,0.001068,0.0050547,0.0065888,0.00024889,-0.0013531,0.0016789,0.011055,0.00090958,-0.0046294,0.0012309,-0.00037107,0.0022853,0.0016517,-0.0025477,-0.0053398,0.0041089,0.0031767,-0.003127
0.008,0.001068,0.0096977,0.0096841,-0.004394,-0.0013531,0.00013123,0.003317,0.010195,-0.0030817,-0.00031677,-0.00037107,-0.0085482,-0.0045388,0.0051905,-0.0022445,0.0103,0.0016291,-0.0015793
0.0081,-0.0020273,0.0019594,0.0034935,-0.0059417,-0.005996,-0.0014164,-0.0013259,0.0040049,-0.006177,0.0012309,-0.00037107,0.00073762,-0.0014436,0.0051905,0.00085075,-0.0020816,-0.0030138,-0.003127
0.0082,0.0057109,-0.0011358,0.00039822,-0.0028464,-0.005996,-0.0014164,-0.0075165,-0.00063806,-0.0015341,-0.0065073,0.0027242,-0.0023577,0.00010408,-0.0040954,-0.0068875,0.0041089,-0.0030138,0.001516
0.0083,-0.003575,-0.0026835,0.0034935,0.00024889,0.0079328,-0.0029641,0.00022174,-0.0021857,-0.0046294,-0.00031677,-0.0019187,-0.0023577,-0.0029912,0.012929,0.003946,-0.0051769,-0.0076568,-0.003127
0.0084,-0.003575,0.0050547,0.00039822,0.0017965,0.0048375,0.0047742,-0.0013259,-0.011472,1.3576e-05,-0.0018644,-0.005014,-0.00081002,-0.0091818,0.0036428,0.0054937,-0.00053398,8.1455e-05,-3.1677e-05
0.0085,-0.003575,0.0004118,0.0050412,-0.0028464,0.011028,-0.0045117,-0.0090641,-0.0037333,0.0092994,-0.0018644,-0.0034664,-0.0070006,-0.0076341,0.0020952,0.003946,0.0010137,0.0016291,0.0077065
0.0086,0.0057109,-0.0073264,-0.0026971,0.0017965,0.0048375,0.0016789,-0.0028735,0.0071001,0.0062041,-0.0018644,-0.0034664,-0.0070006,-0.0076341,0.0051905,0.0070413,0.0010137,-0.0030138,-0.0077699
0.0087,0.001068,-0.0073264,-0.0042447,-0.010585,0.0032899,-0.0014164,0.0048647,0.0040049,0.0031089,0.0012309,-0.0096569,-0.0039053,-0.0029912,-0.0010001,0.010137,0.0103,-0.0045615,-0.003127
0.0088,-0.00047968,-0.0026835,0.0034935,0.0017965,0.0063852,-0.0060593,-0.0013259,0.0071001,1.3576e-05,-0.0065073,-0.0034664,0.0038329,-0.0029912,0.00054756,-0.00069689,0.0041089,-0.0014662,-3.1677e-05
0.0089,0.0041632,-0.0026835,0.0019459,0.0064395,0.0048375,-0.007607,-0.0013259,0.0055525,0.0031089,-0.008055,0.0058195,0.0022853,-0.0076341,0.0036428,0.0023984,0.0010137,0.006272,0.001516
0.009,-0.003575,-0.0042311,0.0034935,0.0048918,0.0017422,-0.0060593,-0.0028735,0.0055525,0.0046565,-0.0018644,0.0058195,0.00073762,0.0062947,0.0020952,0.00085075,0.0056566,0.0047244,0.0061589
0.0091,0.0026156,0.0050547,0.0050412,0.00024889,0.0032899,-0.0029641,0.0048647,-0.0037333,0.0031089,-0.00031677,0.0027242,0.00073762,0.00010408,0.0098334,-0.0068875,0.0025613,8.1455e-05,-0.0062222
0.0092,0.0026156,0.0004118,-0.0042447,-0.0028464,-0.0013531,-0.007607,-0.0013259,-0.005281,-0.006177,-0.0034121,0.0011766,-0.0023577,-0.0029912,0.0098334,-0.0022445,-0.0051769,0.0031767,-0.003127
0.0093,-0.003575,-0.0026835,-0.0088876,-0.0012988,-0.0029007,-0.0014164,0.00022174,-0.0037333,-0.0015341,0.0012309,0.0011766,-0.0023577,0.004747,0.011381,-0.0068875,-0.0020816,0.0047244,-0.0015793
0.0094,0.001068,-0.0026835,0.00039822,-0.0012988,-0.0029007,0.0016789,-0.0013259,-0.00063806,0.0046565,-0.00031677,0.0073671,0.00073762,-0.0045388,-0.0010001,0.00085075,-0.0020816,-0.0014662,-0.0015793
0.0095,0.0041632,0.0019594,-0.0042447,0.00024889,-0.0044483,-0.0029641,0.0017694,0.0024572,0.0092994,-0.0018644,0.0073671,-0.0023577,-0.0060865,0.0051905,0.0023984,0.0056566,-0.0092044,-0.0015793
0.0096,-0.0020273,-0.011969,-0.0026971,0.0048918,-0.0044483,0.0016789,-0.0013259,-0.00063806,-0.0046294,-0.0049597,-0.005014,-0.0070006,0.0031994,-0.0025477,0.003946,0.0041089,-0.0045615,0.012349
0.0097,0.001068,-0.0088741,-0.010435,0.00024889,-0.0029007,-0.0045117,-0.0028735,0.00090958,-0.0030817,-0.00031677,-0.0034664,0.0022853,-0.0029912,0.0036428,0.0070413,-0.0020816,-0.0030138,0.001516
0.0098,0.0057109,0.0050547,0.0019459,0.0017965,-0.0075436,0.0016789,-0.0013259,-0.0068286,-0.0092723,-0.00031677,0.0011766,-0.005453,0.00010408,-0.0010001,0.0023984,-0.0051769,0.006272,-0.0046746
0.0099,-0.00047968,0.0035071,0.015875,-0.0012988,0.0017422,0.0016789,-0.0013259,-0.00063806,-0.0046294,0.0012309,-0.0019187,0.0022853,0.004747,-0.0025477,0.003946,-0.0036293,0.0031767,0.001516
0.01,-0.003575,0.0004118,0.014327,0.0048918,0.0017422,-0.0029641,-0.0028735,0.00090958,-0.006177,-0.00031677,-0.0019187,0.0022853,0.0031994,0.012929,0.00085075,-0.0067246,0.006272,0.0061589
0.0101,-0.0082179,-0.0026835,0.0019459,0.0017965,-0.0029007,0.0032265,0.00022174,-0.0083763,-0.006177,0.0012309,0.0058195,0.0053805,-0.0029912,0.00054756,-0.00069689,-0.0020816,0.010915,-0.0077699
0.0102,0.001068,0.0035071,-0.0026971,0.0017965,0.0032899,-0.0029641,-0.0028735,0.00090958,1.3576e-05,0.0012309,0.0073671,-0.00081002,-0.0029912,-0.0010001,0.003946,-0.0051769,0.0093673,-0.0093175
0.0103,-0.0020273,0.0004118,-0.0026971,-0.0012988,0.0032899,-0.0045117,0.00022174,0.0055525,-0.0046294,-0.0018644,0.0011766,-0.0070006,0.0016517,0.00054756,0.010137,-0.0020816,-0.0014662,0.001516
0.0104,-0.0020273,-0.0057788,-0.0042447,0.0017965,0.0032899,0.00013123,0.003317,-0.0037333,0.0046565,0.0027785,-0.005014,-0.0085482,0.00010408,-0.0010001,0.011684,-0.0036293,-0.0061091,0.001516
0.0105,0.0026156,-0.0042311,0.0096841,-0.004394,0.0032899,0.0047742,0.00022174,-0.0021857,-0.006177,-0.00031677,-0.0019187,0.00073762,0.0062947,0.0020952,0.0023984,0.0010137,0.0047244,0.001516
0.0106,0.0041632,-0.0057788,0.0096841,0.00024889,0.00019459,0.0016789,0.0017694,0.0040049,-0.0046294,-0.0034121,0.0073671,-0.00081002,0.00010408,-0.0025477,-0.00069689,-0.0051769,-0.0014662,-0.0062222
0.0107,0.0026156,0.0050547,0.00039822,0.0033442,0.0017422,-0.0014164,-0.0075165,-0.00063806,-0.006177,0.0027785,-0.0019187,-0.0023577,0.0062947,-0.0010001,0.003946,-0.00053398,-0.0061091,-0.003127
0.0108,0.0041632,0.0004118,-0.0042447,-0.0074893,0.00019459,0.0016789,0.0017694,-0.0037333,-0.0046294,0.0012309,-0.0019187,0.0069282,0.0093899,0.0036428,0.0023984,0.0103,-0.0030138,-0.003127
0.0109,0.0072585,0.0035071,0.0034935,-0.0059417,-0.0029007,0.0094171,0.0064123,-0.0021857,-0.0015341,0.0012309,0.0042719,0.0022853,0.00010408,-0.0010001,0.003946,0.0087519,-0.0014662,0.001516
0.011,-0.0020273,-0.0042311,0.0034935,0.0048918,-0.0013531,0.0063218,0.00022174,0.00090958,0.0031089,-0.0049597,-0.0065616,-0.0039053,-0.0076341,0.00054756,0.003946,0.0041089,0.0031767,0.0061589
0.0111,-0.003575,-0.0026835,-0.0042447,0.0079871,0.0017422,0.00013123,0.003317,-0.0068286,0.0015612,-0.0034121,-0.00037107,-0.010096,-0.0029912,0.0020952,0.0023984,0.0041089,0.0093673,-3.1677e-05
0.0112,-0.00047968,0.0066024,-0.0011494,0.00024889,0.0017422,0.0032265,-0.0059688,0.0024572,-0.0015341,-0.0065073,0.0011766,-0.00081002,-0.0029912,0.00054756,0.003946,-0.00053398,0.0093673,-0.003127
0.0113,-0.0020273,-0.0011358,0.0034935,0.0048918,0.0079328,0.00013123,0.00022174,0.0055525,1.3576e-05,-0.0034121,0.0027242,-0.00081002,0.00010408,0.0067381,0.011684,-0.0036293,-0.0076568,-3.1677e-05
0.0114,-0.00047968,-0.0011358,-0.00734,0.0017965,0.0032899,-0.0029641,-0.0028735,-0.00063806,0.0031089,-0.0034121,0.0011766,-0.0085482,0.0016517,0.0098334,-0.0037922,0.0025613,-0.0014662,-3.1677e-05
0.0115,0.001068,0.0004118,0.0019459,-0.0028464,0.0048375,-0.0029641,0.003317,0.0055525,1.3576e-05,-0.00031677,-0.0034664,-0.010096,0.00010408,-0.0010001,-0.00069689,-0.00053398,0.0016291,-0.0062222
0.0116,-0.0051226,-0.0011358,0.0034935,-0.0012988,0.00019459,0.0032265,-0.0028735,0.00090958,0.0015612,-0.008055,-0.00037107,-0.00081002,0.0031994,-0.005643,-0.0053398,-0.00053398,-0.0030138,-0.0015793
0.0117,0.0026156,-0.0026835,-0.0011494,-0.012132,0.0017422,0.0063218,0.00022174,-0.00063806,1.3576e-05,-0.0018644,-0.0019187,0.0022853,-0.0014436,-0.0025477,-0.0022445,-0.00053398,0.0047244,-3.1677e-05
0.0118,0.010354,0.0004118,-0.0042447,-0.0012988,-0.0013531,-0.0014164,-0.0013259,-0.0021857,-0.0030817,0.0043262,-0.0019187,-0.0023577,0.0062947,0.0036428,-0.0037922,0.0010137,0.0031767,0.0046113
0.0119,0.0041632,-0.0026835,0.0034935,-0.0028464,0.0032899,0.00013123,-0.0090641,-0.0037333,-0.006177,0.0043262,-0.00037107,0.0022853,0.0016517,-0.0025477,-0.0037922,0.0087519,-0.0030138,0.001516
0.012,0.0026156,-0.0026835,0.0096841,0.0017965,-0.0044483,-0.010702,-0.0059688,0.0040049,-0.0046294,-0.0034121,-0.0065616,0.0053805,-0.0014436,-0.0025477,-0.00069689,-0.00053398,0.0016291,0.001516
0.0121,-0.00047968,-0.0073264,0.0019459,-0.004394,0.0032899,-0.010702,-0.0013259,0.011743,0.0031089,-0.0018644,0.0027242,-0.0023577,0.0031994,0.00054756,0.00085075,0.0010137,0.0016291,0.0046113
0.0122,-0.00047968,-0.0011358,-0.0042447,0.00024889,-0.0013531,-0.0029641,0.00022174,-0.00063806,1.3576e-05,0.0027785,0.0042719,0.0053805,0.0016517,0.0036428,-0.0053398,0.0025613,0.0016291,-0.003127
0.0123,-0.00047968,0.0035071,0.0034935,-0.0028464,0.0063852,0.0016789,-0.0013259,-0.00063806,-0.0015341,0.0027785,-0.0065616,0.00073762,-0.0045388,-0.0025477,-0.0068875,-0.0067246,-0.0014662,-0.003127
0.0124,-0.0020273,-0.0042311,-0.0057923,-0.0012988,0.0032899,-0.0045117,0.0017694,0.00090958,0.0031089,0.0012309,-0.0034664,0.0022853,0.0016517,0.00054756,-0.0053398,-0.0051769,0.0016291,-0.003127
0.0125,-0.003575,-0.0026835,-0.0011494,0.00024889,0.00019459,-0.0014164,0.0048647,0.0071001,0.0046565,0.0074214,-0.0034664,0.00073762,0.0016517,0.00054756,0.003946,-0.0020816,-0.0014662,-0.0062222
0.0126,-0.00047968,-0.0057788,-0.0011494,-0.0028464,0.0017422,-0.0060593,0.0064123,0.0086478,0.0031089,-0.00031677,0.0027242,0.0022853,0.0031994,-0.0025477,0.010137,-0.00053398,-0.0030138,-0.0015793
0.0127,0.001068,0.0004118,-0.0026971,-0.004394,0.00019459,0.0032265,0.0048647,0.0024572,0.0031089,0.0012309,-0.0019187,0.0053805,0.00010408,-0.0010001,-0.00069689,-0.00053398,0.0016291,0.0030636
0.0128,0.001068,0.0035071,0.00039822,0.0048918,0.00019459,-0.0045117,-0.0044212,0.0040049,1.3576e-05,-0.0018644,-0.0019187,0.00073762,0.0078423,0.0036428,-0.0037922,-0.00053398,8.1455e-05,0.0030636
0.0129,0.0057109,-0.0026835,-0.0026971,0.0017965,0.00019459,-0.0014164,-0.015255,0.0055525,-0.0030817,-0.008055,0.0058195,0.0084758,0.0016517,-0.0010001,-0.0022445,0.0041089,-0.0014662,-0.003127
0.013,0.001068,0.0019594,-0.0011494,0.0017965,-0.005996,0.00013123,-0.0013259,0.0024572,-0.0015341,0.0012309,-0.0081093,0.010023,0.0031994,0.0036428,-0.0037922,0.0041089,-0.0092044,-0.01396
0.0131,0.0026156,0.0096977,-0.0057923,-0.0059417,0.0017422,-0.0014164,0.0048647,0.00090958,0.0015612,-0.0034121,-0.0034664,0.0084758,-0.0029912,-0.0040954,0.0023984,0.0056566,-0.0030138,-0.0077699
0.0132,0.0041632,0.0050547,-0.0057923,0.0017965,0.014123,-0.010702,-0.0090641,-0.0021857,0.0062041,0.0027785,0.0058195,0.0038329,0.0016517,-0.0025477,0.0070413,0.0010137,8.1455e-05,-0.003127
0.0133,0.0026156,-0.0026835,0.00039822,0.00024889,0.0032899,-0.0029641,-0.0059688,-0.005281,1.3576e-05,-0.0018644,0.01201,0.00073762,0.00010408,0.011381,0.010137,0.0010137,-0.0076568,-0.0015793
0.0134,-0.0051226,-0.0011358,0.00039822,0.00024889,0.0048375,0.00013123,0.00022174,0.0040049,-0.0030817,-0.00031677,0.0042719,0.00073762,0.0016517,0.0051905,-0.0022445,0.0010137,8.1455e-05,-3.1677e-05
0.0135,-0.003575,0.0035071,-0.0042447,-0.0012988,0.00019459,0.0047742,0.0064123,-0.0037333,-0.0092723,0.0058738,0.0011766,-0.00081002,0.00010408,0.00054756,-0.0022445,0.0025613,-0.0092044,-0.0093175
0.0136,0.001068,0.0035071,0.00039822,0.0064395,0.0079328,0.00013123,0.0017694,-0.0037333,-0.0030817,0.0058738,0.0011766,-0.0023577,0.0016517,0.0098334,0.0023984,-0.0020816,-0.0014662,-0.01396
0.0137,-0.00047968,-0.0026835,-0.0026971,0.0079871,0.0063852,0.0032265,-0.0028735,-0.0021857,0.0015612,-0.00031677,0.0042719,-0.0023577,0.0062947,-0.0010001,0.00085075,-0.00053398,-0.0014662,-0.0062222
0.0138,0.0026156,0.0004118,-0.0057923,0.0064395,-0.0029007,0.0032265,0.0064123,0.0024572,0.0077518,-0.0034121,-0.0019187,0.0069282,0.0031994,0.0020952,0.0023984,-0.0067246,0.0047244,0.0077065
0.0139,-0.003575,0.0019594,0.0019459,0.0079871,-0.0013531,0.0063218,0.0017694,-0.0083763,-0.0015341,-0.008055,-0.0034664,0.0053805,0.0016517,0.0067381,-0.0053398,-0.00053398,0.006272,0.0046113
0.014,-0.003575,0.0004118,0.0034935,0.0079871,0.0017422,0.0078694,0.0048647,-0.005281,-0.0015341,-0.0018644,-0.0081093,-0.0023577,0.0016517,0.0036428,-0.0053398,0.0103,0.0016291,0.001516
0.0141,-0.00047968,0.00815,-0.0057923,0.0033442,-0.0044483,0.00013123,-0.0044212,-0.005281,-0.0030817,-0.00031677,-0.005014,-0.00081002,0.0031994,0.0051905,-0.00069689,-0.0020816,0.010915,0.0077065
0.0142,0.0026156,0.0004118,-0.0042447,0.0017965,-0.0044483,0.0016789,-0.0028735,-0.0037333,0.0077518,0.0089691,0.0058195,0.00073762,0.00010408,0.0036428,-0.00069689,-0.0020816,0.0031767,-0.003127
0.0143,0.0041632,-0.0057788,-0.0057923,0.0048918,0.0048375,0.0032265,0.00022174,-0.0021857,0.0062041,0.0012309,-0.0034664,-0.00081002,-0.0045388,-0.0010001,-0.00069689,-0.00053398,0.0047244,-0.003127
0.0144,-0.0020273,0.0004118,0.0019459,0.00024889,-0.0044483,0.0016789,0.0048647,-0.00063806,0.0031089,0.0027785,-0.005014,0.0069282,0.0016517,-0.0010001,0.003946,-0.0036293,-0.0014662,0.001516
0.0145,0.0088062,0.0019594,0.0019459,-0.0028464,-0.0029007,0.00013123,-0.0028735,0.0040049,0.0015612,0.0027785,0.0011766,0.00073762,0.0078423,0.0020952,-0.0022445,0.0025613,-0.0045615,0.001516
0.0146,-0.003575,0.0035071,-0.0042447,0.00024889,-0.0029007,0.0016789,0.0048647,-0.00063806,0.0046565,-0.008055,-0.005014,-0.0023577,0.004747,-0.0010001,0.0023984,0.0010137,-0.0061091,0.0046113
0.0147,-0.0097655,-0.0057788,0.0019459,-0.004394,-0.0013531,-0.0060593,0.003317,-0.00063806,0.0046565,-0.0034121,-0.005014,-0.0023577,-0.0045388,0.00054756,0.0070413,-0.011367,-0.0014662,-3.1677e-05
0.0148,-0.003575,-0.0042311,0.0019459,-0.0028464,0.0032899,-0.0014164,0.00022174,-0.00063806,0.0092994,-0.0018644,-0.00037107,0.0038329,-0.0014436,0.0020952,0.0054937,0.0025613,0.0031767,-0.0077699
0.0149,-0.0020273,-0.0026835,0.00039822,0.0017965,0.00019459,0.00013123,0.003317,-0.0021857,0.0031089,-0.0049597,-0.005014,-0.0023577,0.0093899,0.0051905,0.00085075,0.0041089,-0.0014662,-0.003127
0.015,0.0057109,-0.0057788,0.00039822,-0.0028464,-0.0075436,0.0016789,0.003317,0.00090958,-0.0015341,-0.0018644,0.0073671,-0.00081002,0.0078423,-0.0010001,0.00085075,0.013395,0.0016291,-0.003127
0.0151,0.001068,0.0050547,0.0034935,0.0017965,0.0032899,-0.0060593,-0.0028735,-0.00063806,1.3576e-05,-0.0096026,-0.0019187,-0.005453,0.0016517,0.00054756,-0.0022445,0.0041089,-0.0014662,-0.003127
0.0152,0.001068,0.0019594,-0.0011494,0.0017965,-0.0013531,-0.0029641,-0.0028735,-0.005281,-0.0046294,-0.0049597,0.0011766,0.00073762,0.0062947,-0.005643,0.00085075,-0.00053398,8.1455e-05,-3.1677e-05
0.0153,-0.0020273,-0.0011358,-0.0026971,0.0017965,-0.0013531,0.00013123,0.00022174,0.00090958,0.0046565,0.010517,0.0042719,-0.00081002,0.0016517,-0.0010001,-0.0084351,-0.0020816,0.0016291,-3.1677e-05
0.0154,-0.003575,0.0066024,-0.0057923,-0.0028464,0.0032899,0.00013123,-0.0075165,-0.00063806,0.0015612,0.0012309,0.0011766,-0.0023577,0.004747,0.00054756,0.0023984,-0.0036293,-0.0076568,0.001516
0.0155,0.0026156,0.00815,-0.0057923,-0.0059417,-0.0044483,-0.0014164,0.00796,-0.005281,0.0015612,-0.00031677,0.0027242,-0.00081002,0.0062947,-0.0040954,0.00085075,0.0025613,-0.0045615,-0.003127
0.0156,0.0041632,-0.0042311,-0.0011494,-0.004394,-0.0029007,0.010965,-0.0044212,0.0055525,0.0015612,-0.0049597,0.0011766,0.010023,-0.0014436,0.00054756,0.0070413,0.0103,8.1455e-05,-0.0046746
0.0157,0.0026156,0.0004118,-0.0011494,-0.004394,0.00019459,0.0047742,0.0048647,0.0024572,-0.0015341,0.0043262,0.0058195,0.00073762,0.0016517,0.0036428,-0.00069689,0.0041089,8.1455e-05,0.0046113
0.0158,-0.0020273,-0.0026835,-0.0011494,0.0017965,-0.0013531,0.0032265,-0.0028735,0.0040049,-0.0015341,-0.0049597,-0.00037107,0.0022853,0.0016517,0.0036428,-0.0084351,-0.00053398,-0.0030138,0.001516
0.0159,-0.0051226,0.0050547,0.00039822,0.0033442,0.00019459,0.0032265,-0.0075165,-0.0037333,0.0062041,-0.0065073,-0.00037107,-0.00081002,0.0062947,-0.0040954,0.0023984,0.0010137,8.1455e-05,0.0046113
0.016,-0.00047968,0.0096977,-0.0057923,0.014178,-0.0044483,-0.0014164,-0.0044212,-0.0021857,1.3576e-05,0.0027785,0.0011766,-0.00081002,0.004747,-0.0010001,0.0054937,0.011847,-0.0030138,0.012349
0.0161,-0.0020273,-0.0011358,-0.0088876,0.0064395,0.00019459,0.00013123,0.003317,0.00090958,0.0046565,0.0043262,-0.0019187,0.00073762,0.0031994,-0.0071907,0.0023984,0.0025613,0.0093673,0.0077065
0.0162,0.0026156,-0.0011358,-0.0011494,-0.0012988,0.0017422,0.0032265,0.0048647,0.0055525,-0.0015341,-0.0034121,-0.0096569,0.0038329,-0.0029912,0.0020952,-0.0068875,0.0025613,0.0093673,0.0030636
0.0163,0.0041632,0.0050547,-0.0026971,-0.004394,0.0048375,0.0063218,-0.0044212,-0.0021857,0.0015612,-0.0034121,-0.0065616,0.0053805,0.0093899,0.0036428,-0.0022445,-0.00053398,0.0016291,0.0046113
0.0164,-0.0051226,0.0004118,0.0019459,0.0048918,0.00019459,0.0047742,-0.0028735,-0.0037333,-0.0030817,0.0043262,-0.011205,0.00073762,0.0031994,-0.0025477,0.0023984,-0.0082722,-0.0014662,0.001516
0.0165,0.0072585,-0.0057788,-0.0042447,0.0064395,0.0017422,0.0063218,-0.0013259,0.0024572,-0.01082,0.0012309,-0.0143,-0.0023577,0.0016517,-0.0010001,-0.0037922,-0.00053398,-0.0030138,0.001516
0.0166,0.0026156,0.0004118,-0.0011494,0.0064395,0.00019459,0.0016789,-0.0059688,-0.0021857,-0.006177,-0.00031677,-0.00037107,-0.0023577,0.0016517,0.0036428,0.003946,0.0103,-0.0030138,0.0046113
0.0167,0.0026156,0.0035071,0.0019459,-0.0012988,0.0032899,0.0063218,-0.0059688,-0.0083763,0.0062041,0.0058738,-0.0034664,-0.0039053,0.0016517,0.0020952,-0.0037922,0.0041089,0.0047244,0.0030636
0.0168,0.0041632,-0.0026835,-0.0026971,0.0048918,0.00019459,0.0063218,-0.0075165,-0.011472,0.0015612,0.0027785,0.0011766,-0.005453,0.0016517,0.00054756,-0.0037922,-0.0082722,8.1455e-05,0.0077065
0.0169,0.0041632,-0.0011358,-0.0042447,0.0048918,0.0032899,-0.0045117,-0.0059688,-0.011472,-0.0092723,-0.0049597,-0.0081093,-0.0023577,0.0031994,-0.0025477,0.0054937,-0.0067246,0.0047244,-0.003127
0.017,-0.00047968,0.0035071,0.0019459,0.0048918,0.0048375,0.0032265,-0.01835,-0.0037333,0.0015612,-0.0018644,-0.0096569,-0.011644,0.00010408,0.00054756,0.003946,0.0056566,-0.0092044,-0.0046746
0.0171,-0.00047968,0.0035071,-0.00734,-0.0012988,0.0032899,0.0094171,-0.0059688,-0.0099239,-0.0030817,-0.0049597,0.0011766,-0.00081002,0.014033,0.0051905,-0.0037922,-0.0036293,-0.0014662,0.0046113
0.0172,-0.003575,0.0050547,0.0019459,0.00024889,-0.005996,0.00013123,-0.0013259,-0.014567,1.3576e-05,-0.0018644,0.0027242,0.0084758,0.004747,0.0036428,-0.0022445,-0.00053398,-0.0014662,0.0030636
0.0173,-0.00047968,-0.0026835,0.0096841,-0.0028464,0.0017422,-0.0014164,-0.0059688,-0.014567,-0.0046294,-0.0049597,-0.0034664,-0.0023577,0.0031994,0.0051905,0.0023984,-0.0036293,-0.0030138,-0.0093175
0.0174,0.001068,0.0019594,0.0019459,-0.0059417,0.00019459,0.0016789,-0.0044212,-0.017662,0.0015612,-0.0034121,-0.0019187,0.00073762,0.0016517,0.0051905,-0.00069689,-0.0020816,-0.0061091,0.001516
0.0175,-0.0020273,-0.0042311,0.0034935,0.0033442,-0.0044483,-0.0060593,-0.0044212,-0.0099239,-0.0046294,0.0012309,-0.0019187,0.0069282,-0.0029912,0.0098334,-0.0037922,0.0041089,0.0031767,0.0046113
0.0176,-0.00047968,-0.0042311,0.0034935,0.0017965,0.0032899,-0.0029641,0.00022174,-0.01921,-0.0046294,-0.0049597,-0.00037107,0.0022853,0.0016517,0.00054756,-0.0068875,0.0056566,8.1455e-05,-0.003127
0.0177,0.0057109,-0.0073264,-0.0026971,0.0064395,0.0017422,0.0094171,-0.0059688,-0.0099239,0.0062041,-0.0049597,0.0073671,0.0022853,0.0031994,-0.0010001,0.00085075,0.0056566,-0.010752,-3.1677e-05
0.0178,0.001068,0.0066024,-0.0011494,0.0033442,-0.0044483,0.0047742,0.003317,-0.0083763,0.0046565,-0.0065073,0.01201,0.0069282,-0.0014436,-0.0010001,-0.0037922,0.0010137,-0.0030138,0.0030636
0.0179,-0.00047968,-0.0026835,0.0050412,-0.004394,-0.005996,0.0016789,0.0017694,-0.0037333,-0.0015341,-0.0018644,-0.00037107,0.0069282,0.0062947,0.0020952,-0.00069689,0.0056566,-0.0014662,-0.0015793
0.018,-0.00047968,-0.015065,0.00039822,0.00024889,-0.0013531,-0.0029641,-0.0059688,-0.011472,1.3576e-05,-0.0065073,0.0011766,0.00073762,0.0031994,0.00054756,-0.0022445,0.0041089,-0.0014662,0.0061589
0.0181,0.001068,-0.0042311,0.0019459,0.0079871,0.0079328,-0.007607,0.00022174,-0.01921,1.3576e-05,-0.008055,-0.00037107,0.0053805,-0.0029912,-0.0025477,-0.0068875,0.0010137,-0.0045615,0.0046113
0.0182,-0.0020273,0.0004118,0.00039822,0.0017965,-0.0044483,-0.007607,0.0017694,-0.0099239,-0.0046294,-0.0034121,0.0011766,0.0038329,-0.0029912,-0.0010001,-0.0053398,0.0010137,-0.0061091,-0.003127
0.0183,0.001068,0.0050547,0.0019459,-0.0028464,0.0048375,0.0063218,0.0017694,-0.011472,-0.0030817,-0.0049597,0.0027242,0.00073762,0.0078423,-0.0010001,0.00085075,0.0010137,8.1455e-05,0.0030636
0.0184,-0.00047968,-0.0011358,0.0034935,-0.0028464,-0.0013531,0.00013123,0.0095076,-0.0068286,-0.0046294,-0.0034121,0.0058195,-0.005453,0.0078423,0.0020952,0.00085075,-0.00053398,-0.0030138,-0.0015793
0.0185,0.0026156,-0.0057788,0.0065888,-0.0012988,0.0079328,-0.0014164,0.0095076,-0.0099239,-0.0030817,-0.0018644,0.0027242,0.0053805,0.004747,0.0098334,-0.0022445,-0.0020816,-0.0014662,-3.1677e-05
0.0186,0.001068,-0.0026835,-0.0011494,0.0033442,0.0063852,0.0032265,-0.0044212,-0.011472,-0.0015341,-0.00031677,-0.0065616,0.010023,0.0016517,-0.0010001,-0.00069689,-0.0067246,0.0016291,-3.1677e-05
0.0187,0.001068,-0.0088741,-0.0011494,-0.009037,-0.0044483,0.0032265,0.0017694,-0.011472,0.0031089,-0.0034121,-0.0081093,-0.0023577,0.0093899,0.00054756,0.0023984,-0.00053398,-0.0045615,-0.003127
0.0188,0.0041632,-0.0042311,0.0065888,-0.010585,0.0017422,0.0078694,0.0017694,0.00090958,0.0031089,-0.00031677,-0.0065616,-0.0023577,-0.0014436,0.0051905,-0.0022445,-0.0020816,-0.0030138,0.0030636
0.0189,0.0041632,0.0019594,-0.0011494,-0.004394,0.014123,-0.0014164,-0.0028735,-0.0037333,-0.0046294,0.0027785,-0.0065616,0.0038329,-0.010729,0.0067381,-0.00069689,-0.00053398,-0.0092044,0.0046113
0.019,-0.003575,0.0035071,-0.0011494,-0.004394,-0.0044483,-0.0014164,0.00022174,-0.0037333,1.3576e-05,-0.00031677,-0.0065616,0.0022853,-0.0045388,-0.0010001,0.00085075,0.0010137,-0.0014662,0.0046113
0.0191,0.001068,0.0019594,0.00039822,-0.0028464,-0.0029007,0.00013123,0.003317,-0.0037333,-0.0046294,-0.00031677,0.0027242,-0.00081002,-0.0045388,-0.0010001,-0.00069689,0.0103,0.006272,0.0030636
0.0192,-0.0051226,-0.0026835,0.0096841,-0.0028464,-0.0044483,-0.0014164,0.003317,0.0040049,-0.0030817,0.0027785,0.0058195,-0.0023577,0.0016517,0.0051905,-0.0037922,0.0025613,0.0031767,-0.0093175
0.0193,-0.00047968,-0.0011358,0.0050412,-0.0059417,0.00019459,0.00013123,0.003317,-0.0037333,1.3576e-05,-0.0034121,-0.0019187,-0.0039053,0.0062947,-0.0025477,-0.00069689,0.0056566,0.0016291,0.0046113
0.0194,-0.0051226,0.0004118,-0.0057923,-0.0012988,-0.005996,-0.0029641,-0.0044212,-0.005281,0.0015612,0.0012309,0.0011766,0.00073762,-0.0014436,-0.0087383,-0.0068875,0.0010137,-0.0014662,0.0046113
0.0195,-0.0066702,-0.0026835,0.00039822,0.00024889,-0.0044483,-0.0014164,-0.0013259,-0.005281,-0.0030817,-0.0049597,-0.0019187,0.0069282,-0.0045388,0.0020952,0.003946,0.0087519,-0.0014662,0.0061589
0.0196,0.001068,-0.0057788,-0.0011494,0.0048918,-0.0029007,-0.0060593,0.0048647,-0.0021857,-0.0015341,-0.00031677,-0.0081093,0.0084758,0.004747,0.00054756,-0.00069689,-0.0036293,-0.0014662,0.0077065
0.0197,-0.00047968,-0.0042311,0.0019459,-0.0012988,-0.0029007,-0.0029641,0.003317,0.0040049,0.0015612,0.0027785,0.0042719,0.0038329,0.0016517,0.0067381,-0.00069689,-0.0020816,0.0093673,0.0030636
0.0198,-0.0082179,-0.0057788,-0.0011494,-0.0028464,0.00019459,-0.0029641,0.0064123,-0.0037333,0.0092994,-0.00031677,0.0011766,-0.00081002,-0.0045388,0.0098334,0.0070413,-0.00053398,-0.0045615,-0.0046746
0.0199,-0.0097655,0.0019594,0.00039822,-0.0059417,-0.005996,-0.0029641,0.00022174,-0.0037333,0.0015612,0.0012309,-0.00037107,-0.0023577,-0.0029912,-0.0010001,-0.0053398,-0.0067246,-0.0076568,0.0030636
0.02,-0.003575,-0.0026835,0.0050412,0.00024889,-0.0029007,0.00013123,0.0017694,-0.0037333,1.3576e-05,-0.00031677,0.0058195,0.00073762,0.00010408,-0.0025477,-0.0022445,-0.0036293,-0.0076568,-3.1677e-05
0.0201,-0.0020273,0.0019594,0.0050412,0.00024889,0.0017422,0.0094171,0.0048647,-0.0083763,-0.0030817,-0.0018644,0.0073671,0.0069282,0.0062947,-0.0040954,0.003946,-0.00053398,-0.0045615,-3.1677e-05
0.0202,-0.003575,0.0004118,0.00039822,0.00024889,0.00019459,0.0047742,0.0048647,0.0040049,0.0015612,-0.0096026,0.0027242,0.0084758,0.0078423,-0.0010001,0.00085075,-0.0020816,0.0047244,0.0061589
0.0203,0.0041632,0.0004118,-0.00734,0.0033442,-0.0029007,0.00013123,0.00022174,0.00090958,-0.0030817,-0.0018644,-0.005014,0.0069282,0.0031994,-0.005643,-0.00069689,-0.0051769,-0.0030138,-0.0046746
0.0204,0.001068,-0.0011358,-0.0042447,0.0079871,-0.0013531,0.00013123,-0.0013259,-0.0037333,0.0031089,0.0043262,-0.0019187,0.0084758,0.0016517,-0.005643,-0.0084351,-0.0020816,-0.0045615,-3.1677e-05
0.0205,0.0026156,0.0019594,-0.0011494,0.0017965,-0.0029007,0.0047742,-0.0013259,0.00090958,-0.0030817,-0.00031677,-0.011205,0.0084758,0.0093899,0.0036428,-0.0099827,-0.0020816,-0.0030138,-3.1677e-05
0.0206,-0.00047968,-0.0011358,0.0034935,-0.0028464,-0.010639,0.0047742,-0.0075165,-0.00063806,0.0046565,0.0012309,-0.005014,0.0022853,0.0016517,0.0067381,-0.0022445,-0.0036293,8.1455e-05,-0.003127
0.0207,-0.00047968,0.0004118,-0.0011494,-0.0028464,-0.010639,0.0016789,-0.0013259,-0.0037333,-0.0046294,-0.00031677,-0.0034664,-0.0023577,-0.0045388,-0.0010001,-0.00069689,-0.0051769,8.1455e-05,-0.0062222
0.0208,0.0041632,-0.0026835,-0.0011494,-0.0074893,0.0079328,-0.0045117,-0.0028735,0.0024572,1.3576e-05,0.0027785,0.0011766,0.0022853,-0.0014436,0.0098334,0.010137,-0.00053398,0.0016291,-0.0015793
0.0209,0.0026156,-0.0011358,-0.0026971,-0.0012988,0.0048375,0.0047742,-0.0044212,0.00090958,-0.0046294,0.0043262,0.0042719,0.0038329,0.0031994,0.0036428,0.0023984,-0.0020816,-0.0076568,0.001516
0.021,0.001068,0.0050547,-0.0011494,-0.0059417,0.0063852,0.0016789,-0.0013259,0.0055525,-0.0030817,0.0027785,-0.005014,0.0053805,0.00010408,-0.0025477,0.010137,-0.0051769,0.006272,-0.0046746
0.0211,-0.003575,-0.0057788,-0.0011494,-0.0028464,0.0032899,0.0016789,0.0017694,0.0055525,1.3576e-05,0.0012309,-0.0081093,-0.0085482,-0.0029912,0.00054756,0.0054937,-0.0036293,0.012463,-0.0077699
0.0212,-0.00047968,-0.0011358,0.011232,0.0048918,-0.0013531,-0.0029641,0.003317,0.00090958,-0.0046294,0.0089691,-0.005014,-0.0039053,0.0031994,-0.0040954,-0.0022445,-0.0051769,0.0016291,0.001516
0.0213,0.001068,0.0004118,-0.0026971,0.0033442,-0.0013531,0.0032265,0.00022174,0.00090958,-0.0046294,0.0058738,-0.005014,-0.005453,-0.0029912,-0.0087383,-0.0037922,0.0025613,0.0093673,0.001516
0.0214,-0.0066702,0.0035071,-0.0088876,-0.0028464,0.00019459,-0.0014164,0.00022174,0.0024572,-0.0015341,-0.0018644,-0.0081093,-0.0039053,-0.0014436,-0.0010001,0.0023984,-0.0051769,-0.0030138,-3.1677e-05
0.0215,-0.0066702,0.0004118,0.0050412,-0.0012988,-0.0013531,0.0032265,0.00022174,0.0024572,1.3576e-05,-0.00031677,-0.0065616,-0.0039053,0.0016517,-0.0025477,0.0054937,-0.0036293,8.1455e-05,-0.003127
0.0216,-0.0020273,0.0066024,-0.0026971,-0.0028464,-0.0044483,0.0063218,0.0048647,0.0040049,-0.0030817,0.0012309,-0.0019187,-0.0039053,-0.0014436,0.00054756,0.00085075,-0.0051769,0.0031767,0.0030636
0.0217,-0.0020273,0.0050547,-0.0042447,-0.0059417,-0.0029007,-0.0045117,0.0048647,0.00090958,-0.0077246,-0.00031677,-0.0019187,-0.0039053,0.0062947,0.00054756,-0.0068875,-0.0036293,0.0093673,0.001516
0.0218,-0.0082179,0.0004118,-0.0042447,0.0017965,-0.005996,-0.0091546,0.003317,-0.0037333,-0.0030817,-0.0018644,0.0058195,0.0038329,0.004747,-0.0040954,-0.0022445,0.0010137,0.0016291,-0.003127
0.0219,-0.0020273,0.0035071,-0.0042447,0.00024889,-0.0075436,-0.0029641,-0.0013259,-0.00063806,0.0031089,-0.0034121,0.0089148,0.0038329,-0.0029912,0.0036428,0.00085075,0.0010137,8.1455e-05,-3.1677e-05
0.022,-0.00047968,0.0019594,-0.0057923,-0.0059417,-0.0044483,0.00013123,-0.0013259,0.0055525,-0.0046294,0.0012309,0.0027242,-0.00081002,-0.0060865,-0.0010001,-0.0022445,0.0025613,0.0031767,-0.0015793
0.0221,0.0026156,0.0004118,-0.0026971,-0.0028464,-0.005996,0.0016789,0.0064123,0.0055525,0.0062041,0.0027785,-0.0019187,0.00073762,0.004747,0.00054756,-0.0037922,-0.0036293,8.1455e-05,0.001516
0.0222,-0.0020273,0.0019594,0.0050412,-0.004394,-0.0013531,-0.0014164,0.0017694,0.0024572,0.0077518,0.0043262,-0.0034664,-0.00081002,0.0016517,-0.0025477,0.0023984,-0.00053398,-0.0045615,-0.0015793
0.0223,-0.00047968,0.0035071,0.0019459,0.0048918,-0.0029007,-0.0029641,0.0017694,0.0024572,0.0077518,-0.0018644,-0.0034664,-0.0070006,-0.0014436,-0.011834,0.003946,-0.0051769,0.010915,0.0030636
0.0224,-0.0020273,-0.0026835,-0.00734,0.0017965,-0.0075436,-0.0060593,0.0017694,0.00090958,0.0046565,-0.0049597,0.0027242,-0.0023577,0.0016517,0.0020952,-0.0022445,-0.00053398,0.0047244,0.001516
0.0225,0.001068,0.0004118,-0.0042447,0.0017965,-0.0013531,-0.0029641,-0.0013259,-0.00063806,-0.0030817,0.0012309,0.01201,0.0053805,0.0031994,0.0067381,-0.0022445,0.0025613,-0.0061091,0.0077065
0.0226,0.0026156,0.0004118,-0.0042447,0.00024889,-0.0044483,0.0016789,0.00022174,-0.0021857,-0.0015341,0.0058738,0.0027242,0.0038329,0.0031994,-0.0071907,-0.0022445,0.0041089,-0.0030138,0.001516
0.0227,-0.00047968,-0.0042311,-0.0042447,0.00024889,-0.0075436,0.0047742,0.0048647,0.0040049,-0.0015341,-0.00031677,-0.0065616,-0.0039053,0.00010408,0.00054756,-0.00069689,0.0010137,-0.0045615,-0.0015793
0.0228,0.0041632,0.0004118,-0.0042447,0.0048918,-0.0075436,0.0032265,-0.0013259,0.0040049,1.3576e-05,-0.0049597,-0.0034664,-0.011644,0.0031994,-0.0025477,0.0023984,-0.00053398,-0.0014662,-0.0015793
0.0229,0.001068,0.0019594,-0.0011494,0.0048918,0.0032899,0.0016789,0.0017694,0.011743,-0.0046294,-0.00031677,-0.005014,-0.0085482,-0.0029912,0.0036428,0.00085075,-0.0067246,-0.0014662,-0.0093175
0.023,-0.0051226,0.0004118,-0.0011494,-0.0012988,0.00019459,0.00013123,0.0017694,0.0040049,-0.0046294,0.0027785,-0.0034664,-0.0039053,-0.0029912,-0.0010001,0.00085075,-0.0020816,-0.0014662,-0.0062222
0.0231,-0.0020273,-0.0088741,-0.010435,0.00024889,-0.010639,-0.0014164,0.003317,0.0055525,-0.0015341,0.0074214,-0.00037107,0.0038329,0.0031994,-0.0040954,0.00085075,-0.0036293,0.0031767,-0.0062222
0.0232,0.0026156,-0.0057788,-0.0042447,0.0048918,-0.0075436,0.00013123,0.0048647,0.0040049,0.0031089,-0.0034121,0.0042719,0.0022853,0.004747,0.0036428,-0.00069689,0.0025613,8.1455e-05,-3.1677e-05
0.0233,-0.0020273,-0.0042311,0.0019459,0.00024889,0.0017422,0.0032265,0.003317,0.0071001,-0.0030817,0.0012309,-0.00037107,0.00073762,0.0031994,0.00054756,-0.0084351,0.0041089,-0.0014662,-3.1677e-05
0.0234,0.001068,-0.0073264,0.0019459,0.00024889,0.0017422,0.0032265,-0.0013259,0.0024572,0.0046565,0.0058738,-0.0019187,-0.005453,0.0016517,-0.0025477,0.00085075,0.0041089,0.010915,0.0030636
0.0235,-0.0051226,-0.0011358,-0.0011494,-0.0074893,0.00019459,0.0094171,0.00796,0.00090958,-0.0015341,0.013612,0.0011766,0.0022853,0.0062947,-0.0010001,0.0023984,-0.0036293,0.0093673,0.001516
0.0236,0.0057109,-0.0026835,-0.0011494,-0.0028464,-0.0013531,0.0016789,0.00796,-0.005281,-0.0077246,0.0058738,0.0027242,-0.00081002,0.00010408,-0.0087383,-0.0037922,-0.00053398,-0.0061091,0.0061589
0.0237,0.0072585,0.0035071,-0.0026971,-0.004394,0.0048375,0.0032265,0.0064123,-0.0037333,-0.0015341,0.0027785,0.0058195,-0.0039053,-0.0029912,-0.0010001,-0.00069689,-0.0067246,-0.0076568,-0.003127
0.0238,-0.003575,-0.0042311,0.0050412,-0.0028464,0.0017422,-0.0029641,0.00022174,0.0071001,-0.0030817,-0.0034121,-0.00037107,-0.0070006,0.0031994,0.0036428,0.00085075,-0.011367,-0.0030138,-0.0046746
0.0239,-0.0020273,-0.015065,0.0034935,-0.0074893,-0.0044483,0.0047742,-0.0028735,-0.00063806,1.3576e-05,-0.00031677,-0.00037107,-0.0039053,-0.0045388,0.0067381,-0.0037922,0.0025613,-0.013847,-0.0046746
0.024,0.0026156,-0.0073264,0.0019459,0.00024889,0.00019459,-0.0029641,-0.0013259,-0.00063806,-0.0030817,0.0058738,-0.0019187,-0.005453,0.0031994,0.0020952,0.010137,0.0025613,-0.0030138,-0.0046746
0.0241,-0.00047968,-0.0026835,-0.0042447,0.0017965,0.0032899,0.00013123,0.00022174,0.0024572,-0.006177,0.0012309,-0.0034664,-0.0070006,-0.0014436,-0.0010001,0.0023984,-0.00053398,8.1455e-05,-0.0015793
0.0242,-0.00047968,-0.0026835,0.0065888,0.0033442,-0.0029007,-0.0014164,-0.0013259,0.0071001,-0.0092723,0.0012309,0.0058195,-0.00081002,0.00010408,0.0036428,0.0023984,0.0025613,8.1455e-05,-0.0015793
0.0243,0.001068,-0.0011358,0.0019459,-0.0074893,-0.0029007,0.0032265,0.003317,0.0024572,-0.0015341,0.0027785,0.0089148,0.010023,0.0031994,-0.005643,0.0023984,-0.0020816,0.0016291,-0.0046746
0.0244,-0.0051226,0.00815,-0.0011494,-0.0074893,0.00019459,0.0063218,0.0017694,-0.0037333,1.3576e-05,0.0089691,0.0011766,0.0053805,0.00010408,-0.0010001,0.0054937,0.0025613,0.0047244,-0.0015793
0.0245,0.0026156,0.0019594,-0.0026971,-0.0028464,0.0094804,-0.0014164,-0.0013259,0.00090958,1.3576e-05,-0.0018644,-0.00037107,0.0022853,0.00010408,-0.0025477,-0.00069689,-0.0020816,0.0031767,-3.1677e-05
0.0246,-0.0020273,0.0035071,0.0019459,0.0017965,0.011028,-0.0045117,-0.0028735,-0.0021857,1.3576e-05,-0.008055,0.0073671,-0.0023577,0.0016517,-0.0025477,-0.0022445,0.0056566,0.0031767,0.001516
0.0247,-0.00047968,-0.0011358,-0.0026971,-0.0059417,0.00019459,0.00013123,0.003317,-0.0021857,0.0046565,0.0012309,0.0042719,0.010023,0.0031994,-0.0071907,-0.0084351,-0.0036293,-0.0030138,0.0061589
0.0248,-0.0020273,0.0035071,0.0081364,-0.0028464,-0.0013531,0.0016789,0.00022174,0.00090958,1.3576e-05,-0.0034121,-0.00037107,0.0022853,0.0031994,-0.0025477,-0.0037922,0.0041089,-0.0014662,-3.1677e-05
0.0249,0.0041632,-0.0026835,-0.0011494,0.00024889,-0.0013531,-0.0060593,-0.0059688,0.0055525,-0.0015341,-0.00031677,-0.0019187,-0.0085482,0.00010408,-0.0010001,-0.0037922,-0.00053398,0.0093673,-0.0015793
0.025,-0.003575,-0.0042311,-0.0026971,-0.004394,-0.0075436,0.00013123,-0.0075165,-0.005281,0.0046565,-0.00031677,0.0027242,0.0038329,0.0031994,-0.0025477,-0.0053398,-0.00053398,8.1455e-05,-3.1677e-05
0.0251,0.001068,0.0019594,0.0034935,-0.004394,-0.005996,0.0047742,0.00022174,0.0040049,0.0015612,-0.0018644,0.0058195,-0.0039053,-0.0014436,-0.0025477,-0.0037922,-0.0067246,0.0047244,-0.0015793
0.0252,-0.0020273,0.0004118,-0.0042447,-0.004394,0.0017422,-0.0014164,-0.0013259,-0.0037333,-0.0015341,-0.008055,0.0073671,-0.0023577,0.00010408,0.0067381,0.00085075,-0.0036293,-0.0014662,-3.1677e-05
0.0253,-0.0020273,0.0019594,-0.0042447,0.0033442,0.00019459,0.0063218,-0.0059688,-0.011472,0.0062041,0.0012309,0.0011766,-0.0039053,0.0062947,0.00054756,-0.0022445,0.0103,0.0093673,-0.0015793
0.0254,0.0057109,0.0019594,-0.0011494,0.0033442,0.0094804,0.0016789,0.00022174,-0.00063806,0.010847,0.0027785,-0.00037107,0.010023,0.0016517,0.0036428,0.0054937,0.0025613,-0.0030138,-0.0015793
0.0255,0.0088062,0.0035071,-0.00734,0.0033442,0.0063852,-0.0091546,0.0048647,0.0040049,0.0031089,0.0089691,-0.0019187,0.0069282,-0.0045388,-0.0010001,-0.0037922,0.0010137,-0.0014662,-0.0015793
0.0256,0.0041632,-0.0011358,-0.0026971,0.0048918,-0.0013531,0.0047742,0.00022174,0.0055525,0.0046565,0.0074214,-0.0096569,0.0053805,0.00010408,0.00054756,-0.0022445,0.0103,0.0031767,0.0046113
0.0257,-0.00047968,0.0004118,0.0034935,-0.0028464,-0.0029007,0.0047742,0.0017694,0.0086478,0.0015612,0.0043262,-0.0081093,0.0022853,0.0016517,-0.005643,-0.00069689,0.0010137,0.0093673,0.001516
0.0258,0.001068,0.0019594,0.00039822,0.00024889,-0.0013531,-0.0060593,0.003317,0.00090958,0.0077518,0.0012309,-0.005014,-0.005453,0.00010408,-0.0071907,-0.0068875,-0.0051769,8.1455e-05,-0.0015793
0.0259,-0.003575,0.0004118,0.0034935,-0.010585,0.0017422,0.0032265,0.0017694,-0.00063806,-0.0015341,-0.0065073,-0.0019187,-0.0023577,0.0062947,-0.0040954,0.0054937,0.0087519,0.006272,-0.0062222
0.026,-0.0082179,0.0004118,0.0019459,-0.0074893,-0.0013531,0.0032265,-0.0013259,0.0055525,0.0031089,-0.0034121,-0.0034664,-0.0039053,-0.0076341,0.0020952,0.003946,-0.0036293,8.1455e-05,-0.0015793
0.0261,0.0026156,0.0050547,0.00039822,0.0017965,0.0048375,0.0063218,0.0048647,0.0040049,0.0015612,0.0058738,0.0011766,-0.00081002,0.00010408,-0.0040954,-0.0053398,0.0025613,0.0047244,-0.003127
0.0262,-0.00047968,0.0004118,0.0019459,-0.0012988,-0.0013531,-0.007607,0.0017694,0.0040049,0.0046565,0.013612,0.0042719,-0.00081002,0.0016517,-0.0025477,-0.0022445,-0.00053398,8.1455e-05,-0.0046746
0.0263,-0.0020273,0.0004118,-0.0057923,-0.009037,-0.0044483,-0.0091546,0.003317,-0.0068286,0.0015612,-0.00031677,-0.0019187,-0.0070006,0.0031994,0.0067381,-0.0022445,-0.0067246,0.0047244,0.0030636
0.0264,-0.00047968,0.0050547,-0.0026971,-0.0012988,0.0032899,0.0016789,0.00022174,-0.0083763,0.0015612,0.0089691,-0.0034664,-0.0085482,0.004747,0.00054756,-0.0053398,-0.0067246,8.1455e-05,0.0046113
0.0265,-0.0020273,-0.0026835,-0.0011494,-0.0028464,0.00019459,0.0063218,-0.0013259,0.00090958,1.3576e-05,0.0012309,-0.0019187,-0.011644,0.00010408,-0.0040954,0.003946,-0.0036293,-0.0014662,-0.0046746
0.0266,-0.003575,-0.0042311,-0.0011494,-0.0028464,-0.005996,-0.0014164,-0.0028735,0.00090958,-0.006177,0.0043262,0.0027242,-0.014739,-0.0014436,-0.0071907,0.0023984,-0.0020816,8.1455e-05,-0.003127
0.0267,-0.003575,-0.0026835,0.0019459,-0.0059417,0.0032899,-0.0014164,0.00022174,-0.0037333,-0.006177,-0.0034121,0.0011766,-0.0023577,0.00010408,-0.010286,-0.0053398,-0.00053398,8.1455e-05,0.001516
0.0268,-0.003575,0.0050547,-0.0011494,-0.012132,0.0017422,0.0032265,-0.0044212,0.0040049,-0.0030817,-0.0018644,0.0073671,0.00073762,-0.0060865,-0.0071907,0.003946,-0.0036293,0.0031767,-0.0015793
0.0269,-0.00047968,-0.0026835,-0.0011494,-0.0028464,0.0017422,-0.0045117,-0.0013259,-0.00063806,0.0015612,0.0012309,0.0027242,-0.005453,0.00010408,-0.0040954,-0.0037922,0.0010137,-0.0014662,-0.0015793
0.027,-0.0051226,-0.0073264,0.00039822,0.00024889,0.0048375,-0.0029641,-0.0028735,-0.00063806,0.0077518,0.0043262,0.0011766,0.0053805,-0.0076341,-0.0010001,0.00085075,-0.00053398,-0.0061091,-0.0015793
0.0271,-0.00047968,0.0035071,-0.0026971,0.0079871,-0.0044483,0.0016789,-0.0075165,-0.00063806,0.010847,0.0058738,-0.0019187,0.0069282,-0.0045388,-0.0010001,-0.0022445,-0.0051769,0.0047244,-0.0015793
0.0272,-0.00047968,0.0004118,0.0019459,0.0064395,-0.0029007,0.0032265,-0.0028735,0.0055525,-0.0015341,0.0089691,-0.0019187,0.0022853,-0.0029912,-0.0010001,-0.0053398,-0.0036293,-0.0045615,0.0030636
0.0273,-0.0066702,-0.0042311,-0.0011494,0.0048918,0.0032899,0.0032265,-0.0044212,-0.0037333,0.0046565,-0.00031677,-0.0081093,-0.005453,0.0062947,0.0020952,-0.0084351,0.0025613,-0.0061091,0.0030636
0.0274,0.0041632,-0.0042311,0.0019459,-0.0012988,0.0079328,0.0016789,-0.0013259,-0.00063806,0.0046565,0.0027785,-0.0019187,-0.0023577,0.0062947,0.0020952,-0.0037922,-0.0082722,0.0093673,0.001516
0.0275,-0.0020273,0.0004118,0.00039822,-0.0028464,0.0048375,0.00013123,0.003317,-0.00063806,0.0031089,0.0027785,-0.0019187,0.0038329,0.0016517,-0.0010001,0.003946,-0.00053398,8.1455e-05,0.001516
0.0276,-0.0051226,0.0019594,-0.00734,0.0017965,-0.0044483,-0.007607,0.00022174,0.0055525,0.0046565,0.0027785,0.0011766,-0.00081002,0.0016517,0.0020952,-0.00069689,0.0025613,8.1455e-05,-3.1677e-05
0.0277,-0.00047968,0.0035071,0.00039822,0.0017965,-0.0029007,0.0047742,-0.0044212,0.0071001,0.0077518,-0.00031677,0.0027242,-0.00081002,0.0016517,0.0051905,0.0023984,0.013395,-0.0045615,-0.0015793
0.0278,0.0057109,-0.0026835,0.0034935,0.00024889,0.0063852,-0.0014164,0.0048647,0.0040049,-0.0015341,-0.0049597,-0.0019187,0.0022853,-0.0029912,-0.0071907,0.00085075,-0.00053398,0.0047244,0.0061589
0.0279,0.0026156,-0.0026835,0.0019459,-0.0012988,0.0063852,0.00013123,-0.0028735,0.010195,0.0015612,-0.00031677,-0.0034664,0.0053805,0.0031994,-0.0010001,0.003946,-0.0020816,0.0031767,0.0061589
0.028,-0.0051226,-0.0088741,0.0081364,0.0079871,0.0032899,-0.0060593,-0.0044212,0.0040049,0.0031089,-0.00031677,-0.0019187,0.011571,0.0031994,-0.0025477,0.00085075,0.0087519,0.0016291,-3.1677e-05
0.0281,0.0026156,-0.0073264,0.0019459,0.0017965,0.0079328,-0.0029641,0.003317,0.0024572,0.0015612,-0.0034121,-0.00037107,0.010023,0.0078423,-0.0040954,-0.0037922,0.0010137,-0.0030138,-3.1677e-05
0.0282,-0.00047968,0.0050547,-0.0011494,0.00024889,0.0063852,-0.0029641,0.00022174,-0.0037333,0.0046565,-0.00031677,-0.00037107,-0.0023577,0.0016517,-0.005643,-0.0037922,-0.0067246,-0.0061091,0.0030636
0.0283,-0.0020273,0.0019594,0.0065888,-0.0012988,-0.005996,0.0016789,-0.0028735,0.011743,0.0092994,-0.0018644,-0.00037107,0.0038329,-0.0014436,-0.010286,-0.0068875,-0.0051769,8.1455e-05,0.0077065
0.0284,-0.0051226,0.0019594,0.0034935,-0.0028464,-0.0013531,0.0047742,-0.0059688,0.0071001,-0.0030817,-0.0049597,-0.0019187,0.0069282,0.0031994,-0.0071907,0.00085075,-0.0036293,0.0016291,0.0077065
0.0285,0.001068,-0.0026835,0.00039822,-0.0059417,0.0032899,-0.0014164,0.00022174,0.0055525,-0.0015341,-0.00031677,0.0042719,0.0022853,0.004747,-0.005643,-0.00069689,0.0025613,-0.0061091,0.0030636
0.0286,0.0026156,0.0004118,0.0019459,0.0095347,-0.005996,0.0032265,-0.0044212,-0.0021857,-0.0015341,-0.00031677,0.0011766,-0.0070006,0.004747,-0.0040954,-0.0022445,-0.0082722,-0.0061091,0.001516
0.0287,0.0057109,-0.0011358,0.0034935,-0.0012988,-0.005996,-0.0014164,-0.0028735,-0.0083763,-0.0030817,-0.00031677,-0.0034664,-0.0039053,0.0078423,0.00054756,0.0023984,-0.0020816,-0.0030138,0.0046113
0.0288,-0.00047968,-0.0011358,-0.0011494,-0.0012988,-0.0029007,-0.0014164,-0.0044212,-0.0037333,1.3576e-05,0.0027785,0.0011766,0.0022853,-0.0014436,0.00054756,0.0023984,0.0010137,0.0093673,-0.0046746
0.0289,-0.0082179,-0.0026835,0.00039822,-0.004394,0.0048375,0.0016789,-0.0028735,0.00090958,0.0092994,0.0012309,-0.0019187,0.0053805,-0.0029912,-0.0025477,-0.0053398,0.0010137,0.0047244,-0.0015793
0.029,-0.003575,0.0035071,0.0034935,-0.0059417,-0.005996,-0.0029641,-0.0028735,0.0040049,0.0046565,-0.0034121,-0.00037107,0.00073762,0.00010408,-0.005643,-0.0022445,0.0025613,0.006272,-0.0015793
0.0291,-0.0082179,0.0066024,0.0050412,-0.009037,0.0017422,0.0032265,0.0017694,0.0040049,-0.0015341,0.0058738,-0.00037107,-0.005453,-0.0029912,0.0020952,-0.00069689,0.0103,0.0031767,0.001516
0.0292,-0.0066702,0.0004118,-0.0011494,-0.0059417,0.011028,-0.007607,0.0064123,-0.0021857,1.3576e-05,0.0043262,0.0027242,-0.0039053,0.0031994,-0.0040954,0.0023984,0.0025613,-0.0014662,0.001516
0.0293,-0.0020273,-0.0042311,-0.0088876,-0.0074893,-0.0044483,-0.010702,-0.0013259,-0.005281,1.3576e-05,-0.0034121,-0.0019187,-0.0085482,0.0093899,0.0051905,0.003946,0.0025613,-0.0014662,-3.1677e-05
0.0294,-0.0020273,0.0004118,0.00039822,0.00024889,-0.0029007,0.0047742,0.0017694,-0.0021857,0.0062041,0.0012309,0.0058195,-0.0085482,0.0016517,0.0036428,0.0054937,-0.0082722,-0.0014662,0.013897
0.0295,-0.003575,0.0004118,0.0019459,0.0048918,-0.0029007,0.0078694,0.0064123,0.0055525,-0.0015341,0.0027785,0.0042719,-0.0023577,-0.0014436,0.00054756,-0.0053398,-0.0067246,-0.0045615,0.012349
0.0296,0.0041632,-0.0011358,-0.0011494,0.00024889,0.00019459,0.0016789,0.00022174,0.014838,0.0015612,0.0012309,-0.00037107,0.0038329,0.0031994,0.0036428,-0.0068875,-0.0067246,-0.0014662,0.0046113
0.0297,-0.00047968,0.0004118,0.00039822,0.00024889,-0.0029007,-0.0014164,0.0017694,0.014838,0.0077518,0.013612,-0.00037107,-0.00081002,0.0062947,-0.0087383,0.00085075,0.0010137,0.0016291,-3.1677e-05
0.0298,0.0072585,-0.0057788,0.0019459,0.0095347,-0.0013531,0.0032265,-0.0044212,0.0040049,-0.0030817,0.013612,0.0058195,0.0022853,-0.0045388,-0.0010001,-0.0022445,0.0087519,0.0047244,0.0030636
0.0299,0.0072585,-0.0042311,0.0034935,0.0033442,0.0048375,0.0032265,0.0017694,0.0071001,-0.006177,0.0027785,0.0042719,-0.0070006,0.0016517,-0.005643,-0.0037922,0.0025613,-0.0030138,-0.0015793
0.03,0.0057109,0.0019594,0.0019459,-0.0074893,0.0032899,0.0016789,-0.0028735,0.0055525,-0.0030817,0.0027785,-0.00037107,-0.00081002,0.00010408,0.0020952,0.00085075,0.0056566,-0.0014662,-0.003127
0.0301,0.0088062,-0.0011358,0.0034935,-0.0059417,0.0048375,0.0016789,-0.0013259,0.0024572,0.010847,0.0012309,-0.0019187,0.0053805,-0.0029912,-0.0025477,0.00085075,-0.00053398,8.1455e-05,-3.1677e-05
0.0302,0.0057109,0.0035071,0.00039822,0.0017965,0.0017422,0.0032265,0.00022174,0.010195,0.0015612,0.0027785,-0.0019187,0.00073762,-0.0060865,0.00054756,-0.0053398,-0.00053398,-0.0076568,0.0061589
0.0303,-0.00047968,0.0096977,-0.0026971,0.0017965,-0.0029007,0.0047742,-0.0013259,0.010195,0.0015612,-0.0049597,0.0027242,0.00073762,-0.0014436,-0.0040954,-0.0022445,-0.00053398,-0.0045615,0.001516
0.0304,0.001068,0.0066024,-0.0011494,0.00024889,0.0063852,-0.0014164,0.0017694,0.0040049,-0.0015341,-0.0049597,0.0027242,0.0022853,-0.0076341,-0.0040954,-0.00069689,-0.0020816,-0.0014662,-0.0015793
0.0305,0.0041632,0.00815,-0.0026971,-0.0028464,0.0079328,-0.0060593,-0.0028735,0.00090958,0.0015612,-0.0034121,-0.005014,-0.0023577,0.00010408,-0.0040954,0.010137,-0.00053398,-0.0030138,0.001516
0.0306,-0.0020273,0.0035071,-0.0011494,-0.0074893,0.0079328,-0.0014164,0.00022174,0.00090958,0.0031089,-0.0049597,-0.00037107,-0.005453,0.0016517,-0.0040954,-0.00069689,-0.0082722,-0.0030138,0.001516
0.0307,0.0026156,-0.0042311,0.0050412,-0.009037,0.0017422,-0.010702,0.003317,-0.0021857,1.3576e-05,0.0027785,0.0027242,0.0022853,0.0078423,-0.0010001,0.003946,0.0025613,8.1455e-05,-3.1677e-05
0.0308,-0.003575,0.0019594,0.00039822,0.00024889,0.0017422,-0.0060593,0.003317,-0.0037333,-0.0046294,0.0027785,-0.0034664,-0.0023577,0.004747,-0.0010001,-0.00069689,0.0041089,-0.0014662,0.016992
0.0309,0.0026156,0.0066024,0.00039822,0.0033442,0.0017422,0.0016789,0.00022174,-0.0068286,1.3576e-05,0.0012309,-0.00037107,-0.005453,0.0031994,0.00054756,-0.00069689,0.0025613,-0.0014662,0.0046113
0.031,0.0026156,-0.0026835,-0.0026971,-0.0012988,0.00019459,-0.0014164,0.0048647,0.00090958,0.0015612,-0.0049597,-0.00037107,0.00073762,0.0078423,-0.005643,0.003946,-0.00053398,-0.0045615,-0.0015793
0.0311,-0.00047968,-0.0011358,-0.0011494,-0.0012988,0.0048375,0.0016789,0.003317,-0.0037333,1.3576e-05,-0.0018644,-0.0034664,0.0022853,0.0078423,-0.0025477,-0.0037922,0.0025613,0.0016291,0.0077065
0.0312,-0.00047968,0.0004118,0.00039822,0.0033442,-0.005996,-0.0029641,-0.0013259,0.00090958,0.0062041,0.0012309,0.0027242,0.0053805,0.00010408,-0.0010001,-0.00069689,-0.00053398,-0.0030138,-3.1677e-05
0.0313,0.0026156,-0.0011358,0.0050412,0.00024889,-0.0090913,0.0016789,-0.0044212,0.0071001,0.0031089,-0.0049597,0.0011766,0.00073762,-0.0091818,-0.0010001,0.0054937,-0.0051769,-0.0014662,0.001516
0.0314,-0.0020273,0.0004118,0.0034935,0.00024889,-0.005996,0.0016789,0.0048647,-0.0037333,0.0077518,-0.00031677,0.0042719,-0.0023577,0.004747,-0.0040954,0.010137,-0.00053398,-0.0045615,0.0030636
0.0315,-0.00047968,-0.0011358,0.00039822,-0.0028464,-0.0044483,0.0016789,0.0017694,-0.0021857,0.0046565,0.0058738,0.0011766,-0.0070006,0.0062947,0.0020952,-0.0022445,-0.0067246,-0.0030138,-3.1677e-05
0.0316,0.0057109,0.0035071,0.00039822,0.0033442,-0.0013531,0.0032265,0.00022174,0.0040049,0.0062041,-0.00031677,0.0027242,-0.0039053,0.0016517,0.0051905,0.00085075,0.0010137,-0.0076568,-0.0046746
0.0317,0.0026156,0.00815,-0.0057923,0.0095347,-0.0044483,0.0047742,0.0017694,-0.0021857,-0.0015341,0.0012309,0.0027242,0.0022853,0.00010408,0.011381,-0.0053398,0.0025613,8.1455e-05,0.0061589
0.0318,0.0026156,0.014341,0.0019459,0.0033442,0.0048375,0.0016789,0.0017694,-0.0037333,0.0015612,0.0027785,-0.00037107,0.0053805,-0.0014436,0.0020952,-0.0022445,-0.0020816,-0.0014662,0.0061589
0.0319,0.001068,0.0035071,0.0065888,0.00024889,0.0017422,0.0063218,0.00022174,-0.00063806,-0.0046294,-0.008055,0.0027242,-0.0023577,0.00010408,0.00054756,0.00085075,-0.011367,0.0093673,-0.0046746
0.032,-0.00047968,0.0035071,-0.00734,0.00024889,0.0063852,0.0016789,0.00796,0.00090958,-0.006177,-0.0049597,0.0011766,0.00073762,0.0031994,0.0020952,-0.0037922,-0.0051769,0.0047244,-0.0093175
0.0321,0.0041632,0.0019594,-0.0057923,-0.0028464,0.0017422,0.0032265,0.0017694,0.0024572,1.3576e-05,0.0043262,-0.0034664,0.00073762,0.00010408,0.00054756,0.00085075,-0.0020816,-0.0014662,-0.0046746
0.0322,0.0057109,0.0004118,-0.0042447,0.0048918,-0.0013531,-0.0014164,-0.0028735,-0.0021857,0.0046565,0.0027785,-0.0034664,0.0038329,-0.0014436,0.0098334,-0.0037922,0.0010137,8.1455e-05,-3.1677e-05
0.0323,-0.0020273,0.0004118,0.00039822,0.0048918,0.0032899,-0.0091546,-0.0044212,-0.00063806,0.0015612,-0.0034121,-0.0019187,0.0022853,-0.0076341,0.012929,-0.0022445,0.0025613,-0.0030138,-0.0015793
0.0324,-0.003575,0.0050547,0.0019459,0.0017965,-0.0029007,-0.007607,0.003317,0.0024572,0.0046565,-0.0034121,-0.0034664,-0.0023577,-0.01692,0.00054756,0.00085075,0.0025613,8.1455e-05,-0.0062222
0.0325,0.0057109,-0.0011358,0.0034935,-0.0074893,-0.0075436,-0.0029641,-0.0044212,-0.00063806,-0.0030817,-0.0018644,-0.0019187,-0.0023577,-0.012277,-0.0040954,0.0023984,0.0087519,8.1455e-05,0.0030636
0.0326,0.0026156,-0.0011358,-0.0026971,-0.0059417,0.0032899,0.0047742,-0.0028735,0.0040049,0.0046565,0.0012309,-0.00037107,0.0038329,-0.0060865,-0.0087383,0.0054937,0.0103,0.0016291,-3.1677e-05
0.0327,-0.00047968,0.0019594,-0.0026971,0.0079871,-0.0044483,0.0032265,-0.0090641,0.0024572,0.010847,-0.0018644,0.013558,0.0022853,0.0016517,-0.0040954,0.010137,0.0010137,-0.0061091,0.0061589
0.0328,0.011901,-0.0042311,-0.0011494,0.00024889,-0.010639,0.00013123,-0.0028735,0.0040049,1.3576e-05,0.0089691,0.0073671,-0.0039053,-0.0014436,-0.005643,0.00085075,-0.00053398,-0.0045615,-0.0015793
0.0329,0.0057109,0.0004118,-0.0057923,-0.0012988,-0.0013531,0.0032265,-0.0028735,-0.0021857,-0.0030817,0.0043262,-0.0019187,-0.0070006,-0.0014436,-0.0025477,-0.0022445,-0.00053398,0.010915,-0.003127
0.033,0.0026156,0.0066024,-0.00734,0.00024889,-0.0013531,-0.0045117,-0.0028735,-0.0037333,0.0046565,0.0012309,-0.00037107,-0.0070006,-0.0060865,0.00054756,-0.0068875,0.0087519,0.006272,0.001516
0.0331,-0.00047968,0.0004118,-0.0011494,0.00024889,-0.005996,-0.0045117,-0.0059688,-0.005281,0.0046565,0.0012309,0.0042719,0.0022853,-0.012277,-0.0040954,-0.0037922,-0.0020816,-0.0014662,0.0030636
0.0332,0.001068,0.0066024,0.0034935,-0.0012988,-0.0029007,-0.0060593,-0.0013259,-0.00063806,-0.0046294,0.0012309,0.0073671,0.0038329,0.0031994,-0.0025477,0.00085075,0.0056566,0.010915,-3.1677e-05
0.0333,0.001068,-0.0057788,-0.0011494,0.0048918,-0.0029007,-0.0029641,0.00022174,0.0040049,0.0046565,0.0027785,0.0011766,-0.0023577,-0.0076341,0.0036428,0.0023984,0.0041089,0.0016291,-0.0046746
0.0334,-0.0020273,0.0019594,0.0034935,0.0017965,-0.0029007,-0.0014164,0.00796,0.0040049,0.0015612,0.0027785,-0.0065616,-0.005453,-0.0045388,-0.0010001,-0.0037922,-0.0051769,0.0031767,-0.003127
0.0335,-0.0082179,0.0004118,0.0034935,0.0033442,-0.0029007,-0.0029641,0.00022174,0.0071001,-0.0030817,-0.00031677,-0.0019187,0.0053805,-0.0045388,-0.0040954,-0.0037922,-0.0051769,0.0031767,0.001516
0.0336,0.0026156,0.0004118,0.00039822,0.011082,0.0048375,-0.0014164,0.00022174,-0.0021857,-0.006177,0.0074214,0.0073671,0.0053805,-0.01692,-0.0025477,0.0023984,-0.0051769,-0.0061091,0.001516
0.0337,0.001068,-0.0011358,-0.0011494,0.0064395,0.011028,0.0016789,0.003317,0.00090958,1.3576e-05,-0.0034121,0.0042719,0.0022853,-0.0029912,0.0051905,0.003946,-0.0020816,0.0016291,-3.1677e-05
0.0338,-0.00047968,-0.0073264,0.0019459,0.00024889,0.0048375,-0.0014164,0.0064123,-0.0021857,-0.0015341,-0.0034121,-0.0034664,0.0022853,0.0016517,0.0020952,0.00085075,0.0010137,0.0093673,-0.003127
0.0339,0.0041632,-0.0042311,-0.0042447,0.0048918,0.00019459,-0.010702,0.00022174,-0.0021857,-0.0030817,0.0027785,-0.005014,-0.00081002,0.00010408,0.0020952,-0.0053398,-0.0020816,0.0047244,0.001516
0.034,0.001068,0.0019594,-0.010435,0.0017965,0.0017422,-0.0029641,-0.012159,0.00090958,-0.0077246,0.0043262,-0.0065616,0.0022853,-0.0029912,-0.0025477,-0.0037922,-0.0067246,-0.0076568,-3.1677e-05
0.0341,0.001068,0.0004118,-0.0011494,0.0095347,-0.0013531,0.0063218,-0.0028735,-0.00063806,-0.0030817,0.0027785,-0.00037107,0.0022853,-0.0060865,0.012929,-0.0068875,-0.0020816,-0.0014662,-0.003127
0.0342,0.0026156,-0.0042311,-0.0026971,0.0017965,-0.005996,0.0032265,0.0048647,-0.00063806,0.0015612,-0.0018644,0.0073671,-0.0023577,-0.0060865,0.0098334,-0.00069689,0.0087519,-0.0030138,-0.003127
0.0343,-0.0020273,0.0066024,0.0019459,0.00024889,0.0032899,0.0047742,0.003317,0.00090958,1.3576e-05,-0.0065073,0.0042719,0.00073762,-0.0029912,-0.0087383,-0.00069689,-0.0036293,-0.0030138,-0.0062222
0.0344,0.0057109,-0.0042311,-0.0026971,0.0048918,0.0094804,-0.0014164,0.00022174,0.0086478,-0.006177,-0.0065073,0.0011766,0.0022853,0.00010408,-0.0071907,-0.0084351,-0.0067246,-0.0030138,-3.1677e-05
0.0345,0.001068,0.0004118,0.00039822,0.0033442,0.0032899,0.0032265,0.00796,0.0040049,-0.0030817,-0.0049597,-0.0065616,-0.0039053,0.0016517,0.00054756,-0.00069689,-0.0020816,-0.0030138,-0.003127
0.0346,0.0026156,0.0004118,0.0034935,-0.0012988,-0.0013531,-0.0060593,0.0017694,-0.0021857,0.0031089,-0.008055,0.0011766,-0.0023577,-0.0014436,0.0051905,0.0023984,-0.0051769,-0.0092044,-3.1677e-05
0.0347,-0.0020273,-0.0042311,0.00039822,-0.004394,-0.005996,-0.0045117,0.003317,0.0055525,0.0046565,-0.0018644,-0.00037107,-0.00081002,0.0031994,0.0036428,0.0054937,-0.0051769,-0.0061091,-0.0093175
0.0348,-0.00047968,0.0019594,0.0065888,0.0017965,-0.0075436,-0.0014164,0.003317,-0.00063806,-0.0030817,-0.0034121,-0.00037107,0.0053805,-0.0060865,-0.0010001,0.010137,0.0010137,-0.0045615,-0.003127
0.0349,-0.0066702,0.0035071,0.0081364,0.0048918,0.0063852,0.0047742,0.00796,0.0071001,-0.0015341,0.0012309,-0.00037107,0.0022853,0.0016517,-0.0025477,-0.00069689,0.0041089,-0.0014662,-0.0046746
0.035,-0.0082179,0.0004118,0.0065888,-0.0012988,0.0017422,-0.0045117,0.0017694,0.00090958,1.3576e-05,0.0027785,0.0058195,0.0069282,0.0078423,-0.005643,-0.0037922,-0.0067246,0.0016291,0.001516
0.0351,-0.0097655,-0.0011358,0.0081364,-0.0028464,-0.0029007,0.00013123,-0.0028735,-0.00063806,-0.0030817,-0.00031677,0.0027242,-0.00081002,0.0031994,0.0020952,-0.0022445,-0.00053398,0.0016291,0.001516
0.0352,-0.0020273,-0.0042311,0.0050412,0.00024889,0.0017422,0.0016789,0.003317,-0.00063806,0.0015612,-0.0034121,-0.0034664,0.0069282,-0.0014436,-0.0010001,0.003946,-0.0051769,-0.0076568,0.013897
0.0353,-0.0020273,-0.0026835,0.00039822,-0.0012988,0.00019459,-0.0014164,-0.0013259,0.00090958,-0.0015341,-0.00031677,-0.0019187,0.00073762,0.0016517,-0.0040954,-0.00069689,-0.0020816,-0.0045615,-0.0015793
0.0354,0.0072585,0.0035071,-0.0026971,0.0017965,0.0032899,0.0016789,0.0017694,0.00090958,0.0015612,-0.0018644,-0.0019187,0.0053805,-0.0014436,0.0036428,0.0023984,-0.0098198,-0.0030138,-0.0062222
0.0355,0.0072585,0.0035071,-0.0011494,0.0017965,-0.0029007,0.0032265,-0.0059688,0.0040049,-0.0046294,-0.0034121,-0.0034664,0.00073762,-0.0029912,0.00054756,-0.00069689,-0.0067246,-0.0045615,-0.003127
0.0356,0.0041632,0.0004118,0.0050412,-0.0012988,0.0048375,0.0032265,-0.0028735,0.00090958,-0.006177,-0.0065073,-0.0065616,-0.0039053,-0.0045388,0.0036428,0.00085075,-0.0020816,0.0016291,0.0077065
0.0357,0.0026156,0.0004118,0.0019459,0.0048918,0.0032899,0.0094171,-0.0028735,0.00090958,-0.0015341,-0.00031677,0.0058195,0.00073762,-0.0060865,-0.0025477,0.00085075,-0.0082722,-0.0014662,0.0030636
0.0358,0.0072585,-0.0011358,0.00039822,0.0048918,0.0048375,0.0078694,-0.010612,-0.0021857,-0.0046294,0.0027785,0.0073671,0.00073762,-0.0060865,-0.0010001,-0.0037922,-0.0036293,-0.0045615,-0.0062222
0.0359,0.0041632,0.0050547,-0.0011494,0.00024889,0.0032899,0.00013123,0.0048647,0.0055525,0.0031089,0.0058738,0.0011766,0.00073762,0.0016517,-0.0010001,0.00085075,-0.0020816,0.0016291,0.012349
0.036,-0.00047968,0.0004118,0.00039822,0.0048918,0.0032899,-0.0014164,0.0017694,-0.0037333,0.0046565,0.0058738,-0.0034664,0.0084758,0.0031994,-0.0025477,0.00085075,-0.0036293,-0.0014662,0.0030636
0.0361,-0.003575,0.0066024,0.0019459,-0.0012988,0.0017422,0.00013123,0.0017694,-0.0021857,0.0031089,0.0058738,-0.0019187,0.0038329,0.004747,-0.0040954,0.0023984,-0.0098198,-0.0030138,-0.0077699
0.0362,0.001068,0.0066024,0.00039822,0.0017965,0.0048375,-0.0060593,0.0064123,-0.005281,0.0062041,-0.00031677,-0.0034664,0.00073762,0.0062947,0.0036428,0.0054937,-0.0020816,-0.0030138,-0.0077699
0.0363,0.001068,-0.0011358,-0.0011494,0.0048918,0.0048375,-0.0091546,0.0095076,0.0040049,0.0015612,-0.0018644,0.0027242,0.00073762,0.0031994,0.00054756,0.003946,-0.0051769,0.012463,-0.0077699
0.0364,-0.00047968,-0.0042311,-0.0026971,0.0095347,0.00019459,0.010965,0.00022174,0.014838,1.3576e-05,-0.00031677,-0.0096569,0.0053805,-0.0029912,0.00054756,0.00085075,0.0010137,8.1455e-05,-0.0093175
0.0365,0.001068,-0.0011358,0.00039822,0.011082,0.0017422,0.0016789,-0.0013259,0.010195,0.0015612,0.0043262,-0.0019187,0.00073762,-0.0029912,-0.0010001,-0.0022445,0.0025613,-0.0061091,-0.003127
0.0366,-0.00047968,0.0050547,0.0050412,-0.0012988,-0.0013531,0.0016789,-0.0044212,0.0086478,0.0015612,-0.0018644,0.0073671,0.00073762,0.0016517,-0.0025477,-0.00069689,-0.0067246,8.1455e-05,-0.0015793
0.0367,0.001068,0.0019594,0.0034935,0.00024889,-0.0029007,0.00013123,0.00022174,0.0024572,-0.0046294,-0.0018644,0.0027242,-0.00081002,0.0016517,0.0020952,-0.00069689,-0.0036293,0.0016291,0.001516
0.0368,0.0026156,0.0004118,-0.0011494,0.0017965,-0.0013531,0.0047742,-0.0013259,0.00090958,0.0015612,0.0043262,0.0027242,-0.0070006,0.0031994,0.012929,0.003946,-0.0036293,0.0031767,-0.0015793
0.0369,0.0041632,0.00815,-0.0026971,0.0048918,-0.0013531,0.0016789,0.003317,0.0040049,1.3576e-05,-0.0018644,0.0042719,-0.0023577,0.004747,-0.0010001,-0.00069689,-0.00053398,8.1455e-05,-0.0062222
0.037,-0.0020273,0.011245,0.0019459,0.0017965,0.0017422,0.0016789,0.00022174,0.0024572,-0.0015341,0.0012309,0.0058195,0.0038329,-0.0029912,0.00054756,0.0023984,0.0025613,-0.0014662,0.001516
0.0371,-0.0066702,0.0004118,-0.0042447,0.00024889,-0.0013531,0.0016789,-0.0059688,-0.00063806,1.3576e-05,-0.0018644,-0.00037107,0.0022853,-0.0045388,0.0036428,-0.0022445,-0.0067246,8.1455e-05,0.012349
0.0372,-0.0020273,0.0035071,-0.0026971,0.00024889,0.0017422,-0.0029641,-0.0028735,0.0071001,0.0046565,-0.0018644,-0.0019187,0.00073762,0.0062947,0.0020952,-0.0037922,-0.0036293,-0.0014662,0.001516
0.0373,-0.003575,-0.0057788,0.0019459,0.00024889,0.0048375,-0.0029641,0.003317,0.0040049,1.3576e-05,-0.0034121,-0.00037107,0.00073762,-0.0029912,0.0098334,-0.0053398,-0.0067246,-0.0123,-0.0062222
0.0374,0.001068,-0.0057788,0.0034935,0.0017965,-0.005996,0.0047742,0.003317,0.010195,-0.0046294,0.0012309,0.0011766,-0.00081002,0.0031994,0.0036428,0.0023984,-0.0020816,-0.0092044,-0.0015793
0.0375,-0.0020273,-0.0073264,-0.0042447,-0.004394,-0.0013531,0.0063218,-0.0013259,0.0086478,1.3576e-05,0.0012309,0.0073671,-0.0023577,-0.0014436,-0.0025477,-0.00069689,-0.0020816,-0.010752,-0.003127
0.0376,0.001068,-0.0042311,-0.0026971,0.0017965,0.0017422,0.00013123,-0.0013259,0.0055525,1.3576e-05,0.0012309,0.0058195,-0.0023577,0.0016517,-0.0025477,0.0054937,-0.0036293,8.1455e-05,-0.003127
0.0377,0.0041632,-0.0026835,0.00039822,0.00024889,-0.0044483,-0.0014164,-0.0044212,0.0024572,0.0031089,-0.00031677,-0.00037107,0.0022853,-0.0014436,0.0020952,0.010137,0.0010137,-0.0061091,-0.0015793
0.0378,0.0057109,-0.0026835,-0.0042447,0.0017965,-0.005996,0.0032265,-0.0028735,0.00090958,-0.0015341,0.0012309,-0.0034664,-0.00081002,0.0031994,-0.0040954,0.0070413,-0.0020816,-0.0030138,0.0046113
0.0379,0.0072585,-0.010422,-0.0042447,-0.0028464,-0.0044483,-0.0014164,0.0017694,0.010195,0.0062041,0.0027785,-0.005014,-0.00081002,-0.0045388,0.0051905,-0.00069689,-0.0051769,0.0031767,-3.1677e-05
0.038,-0.00047968,-0.0088741,-0.0057923,0.0033442,-0.0090913,0.00013123,-0.0013259,0.0024572,0.0015612,0.0058738,0.0011766,0.0069282,-0.0045388,0.0051905,0.0023984,-0.0067246,8.1455e-05,-0.0015793
0.0381,0.0041632,0.0019594,-0.0042447,0.00024889,0.00019459,0.0063218,-0.0044212,-0.00063806,1.3576e-05,-0.0018644,0.0011766,0.0022853,0.0016517,-0.005643,0.0023984,-0.00053398,-0.0014662,-0.0015793
0.0382,0.0057109,0.0004118,0.0081364,-0.0012988,0.0048375,0.00013123,-0.0013259,-0.00063806,0.0031089,-0.0034121,0.0073671,0.0038329,-0.0060865,-0.0010001,0.00085075,-0.0036293,-0.0030138,-0.01396
0.0383,0.001068,0.0066024,-0.0026971,0.0048918,-0.0013531,0.0063218,0.0048647,0.00090958,0.0015612,-0.00031677,0.0027242,0.0022853,-0.0060865,0.0051905,-0.0084351,-0.0020816,-0.0030138,-0.0046746
0.0384,0.0057109,0.0019594,0.0019459,0.0079871,-0.010639,-0.007607,0.0017694,0.0086478,-0.006177,0.0043262,0.0073671,-0.0023577,0.0016517,0.00054756,-0.00069689,-0.0020816,-0.0092044,-0.0062222
0.0385,0.0026156,0.0066024,0.0050412,0.00024889,0.0017422,-0.0045117,-0.0013259,0.0024572,-0.0015341,0.0027785,0.0073671,0.0038329,-0.0045388,-0.0010001,0.0023984,0.0010137,-0.0014662,-0.0015793
0.0386,-0.00047968,-0.0011358,-0.0026971,-0.0028464,0.0032899,-0.0060593,-0.0013259,0.0024572,0.0031089,-0.00031677,0.0027242,-0.00081002,-0.0014436,-0.0071907,0.00085075,0.0010137,8.1455e-05,-0.0077699
0.0387,-0.00047968,-0.0026835,-0.00734,0.0095347,-0.0075436,-0.010702,0.0017694,0.0055525,-0.0015341,-0.00031677,0.0011766,0.0069282,-0.0014436,0.0067381,-0.0068875,-0.0051769,0.0031767,-0.003127
0.0388,0.001068,-0.0026835,-0.0026971,0.0079871,-0.0029007,-0.0091546,-0.0013259,-0.00063806,-0.0046294,-0.0018644,0.0011766,0.00073762,0.0016517,0.00054756,-0.00069689,-0.0051769,-0.0030138,-0.003127
0.0389,0.0026156,-0.0073264,-0.0057923,-0.0028464,0.00019459,-0.0029641,-0.0044212,-0.00063806,0.0046565,0.0074214,0.0027242,-0.0070006,0.00010408,0.00054756,0.003946,0.0041089,-0.0014662,0.001516
0.039,0.0088062,0.0019594,0.00039822,-0.004394,-0.0013531,0.0032265,0.0017694,0.0024572,0.0015612,0.0027785,-0.00037107,-0.011644,0.0031994,0.00054756,0.00085075,-0.00053398,0.0093673,0.0030636
0.0391,0.0057109,-0.0011358,0.0050412,0.0033442,-0.0029007,-0.0014164,0.00022174,-0.0037333,-0.0046294,0.0012309,-0.0019187,-0.0039053,0.0016517,-0.0010001,0.0023984,-0.0051769,0.0093673,-0.0077699
0.0392,-0.0097655,-0.0026835,0.0034935,0.0064395,-0.0044483,-0.0029641,-0.0059688,-0.0021857,0.0015612,0.0027785,-0.0081093,0.0038329,0.0016517,-0.0025477,-0.0037922,0.0041089,-0.0045615,-0.003127
0.0393,-0.0051226,0.0035071,0.0034935,0.0033442,0.00019459,-0.0029641,-0.0059688,0.0040049,0.0031089,0.0089691,0.0027242,-0.0039053,-0.0029912,0.0036428,0.0023984,-0.0036293,0.0031767,-0.003127
0.0394,-0.00047968,-0.0011358,0.0019459,0.0017965,-0.0044483,-0.010702,-0.0028735,0.0040049,0.0015612,0.0058738,0.0011766,0.0084758,0.004747,0.0020952,0.0070413,-0.0051769,0.0047244,-0.0062222
0.0395,0.0041632,-0.0026835,-0.0011494,0.00024889,0.0017422,-0.0091546,-0.0044212,-0.00063806,0.0015612,-0.0018644,-0.0019187,0.0053805,-0.0045388,-0.0010001,-0.00069689,-0.0020816,0.0031767,0.0061589
0.0396,0.0072585,-0.0057788,0.0034935,0.0017965,0.0079328,0.0016789,-0.0013259,0.0055525,-0.0030817,-0.00031677,0.0011766,0.00073762,-0.0029912,-0.005643,-0.00069689,-0.00053398,0.0031767,0.0046113
0.0397,0.0041632,-0.0011358,-0.0057923,0.0017965,0.0032899,0.0032265,-0.0059688,-0.00063806,1.3576e-05,-0.0049597,0.0042719,0.0022853,0.0078423,0.0051905,-0.0084351,-0.0036293,0.0031767,0.0046113
0.0398,0.0088062,0.0019594,-0.00734,-0.0028464,0.0017422,0.0016789,0.0017694,-0.0021857,0.0092994,-0.0049597,0.0073671,0.00073762,0.0031994,0.0036428,-0.0053398,-0.0036293,0.0016291,-0.003127
0.0399,0.0041632,0.0019594,0.0065888,-0.0028464,-0.0044483,0.0016789,0.003317,-0.00063806,0.0015612,-0.0034121,0.0011766,0.0022853,0.0016517,0.0020952,-0.00069689,-0.0098198,-0.0045615,-0.0077699
0.04,-0.0020273,0.0004118,0.0034935,-0.0012988,0.0079328,-0.0014164,-0.0059688,0.010195,1.3576e-05,0.0027785,0.0042719,0.0022853,0.0062947,-0.0087383,0.010137,0.0103,-0.0014662,-0.003127
0.0401,0.022735,0.023626,0.01897,0.029654,0.024957,0.024894,0.026532,0.030315,0.023228,0.02135,0.021296,0.027048,0.034152,0.022215,0.031804,0.027324,0.026391,0.026278
0.0402,0.030473,0.031365,0.022065,0.023464,0.020314,0.023346,0.028079,0.031862,0.024776,0.025993,0.030582,0.028595,0.026414,0.023762,0.036447,0.027324,0.031034,0.032469
0.0403,-0.017504,-0.022803,-0.029007,-0.027609,-0.029211,-0.021536,-0.019898,-0.017662,-0.021653,-0.020436,-0.02049,-0.022477,-0.023111,-0.024215,-0.013078,-0.025296,-0.01849,-0.018603
0.0404,-0.020599,-0.028993,-0.029007,-0.024513,-0.026115,-0.021536,-0.019898,-0.020757,-0.030939,-0.021984,-0.018943,-0.034858,-0.020015,-0.025762,-0.030102,-0.034582,-0.021586,-0.017056
0.0405,-0.015956,-0.019708,-0.019721,-0.015228,-0.027663,-0.01844,-0.015255,-0.011472,-0.024749,-0.01115,-0.011205,-0.020929,-0.018468,-0.013381,-0.020816,-0.019106,-0.015395,-0.0062222
0.0406,-0.012861,-0.016612,-0.016626,-0.01368,-0.018377,-0.019988,-0.0090641,-0.0068286,-0.013915,-0.01115,-0.011205,-0.014739,-0.013825,-0.0087383,-0.014626,-0.011367,-0.015395,-0.010865
0.0407,-0.0097655,-0.013517,-0.0088876,-0.0074893,-0.018377,-0.01844,-0.0044212,-0.0037333,-0.018558,-0.01115,-0.0096569,-0.019382,-0.0060865,-0.0071907,-0.0084351,-0.011367,-0.010752,-0.0093175
0.0408,-0.0097655,-0.016612,-0.0088876,-0.0059417,-0.0075436,-0.0091546,-0.0059688,-0.0083763,-0.0092723,-0.01115,-0.0143,-0.014739,-0.0045388,-0.0087383,-0.01153,-0.0098198,-0.010752,-0.010865
0.0409,-0.0020273,-0.016612,-0.011983,-0.0074893,-0.0075436,-0.015345,-0.015255,-0.014567,-0.0077246,-0.0049597,-0.011205,-0.013191,-0.0060865,-0.0087383,-0.0053398,-0.0098198,-0.0045615,-0.0093175
0.041,-0.0020273,-0.0073264,-0.010435,-0.012132,-0.018377,-0.013798,-0.0075165,-0.0099239,-0.015463,-0.00031677,-0.0096569,-0.016286,-0.023111,-0.0025477,-0.0068875,-0.012915,-0.0061091,-0.0077699
0.0411,-0.0051226,0.0004118,0.0019459,-0.010585,-0.0090913,-0.010702,-0.016802,-0.0068286,-0.013915,-0.008055,-0.0143,-0.011644,-0.013825,-0.0025477,-0.0037922,-0.011367,-0.013847,-0.012413
0.0412,-0.0020273,-0.0026835,-0.015078,-0.0074893,-0.0090913,-0.0029641,-0.0059688,-0.013019,-0.01082,-0.0096026,-0.005014,-0.010096,-0.012277,-0.005643,-0.0053398,-0.011367,-0.0061091,-0.003127
0.0413,-0.0082179,-0.0088741,-0.0057923,-0.012132,-0.0075436,-0.0060593,-0.0059688,0.0071001,-0.0046294,-0.0034121,-0.005014,-0.014739,-0.0091818,-0.018024,-0.0053398,-0.011367,-0.016943,-3.1677e-05
0.0414,-0.0082179,0.0004118,-0.0026971,-0.0028464,-0.016829,-0.0029641,-0.0075165,-0.00063806,-0.0092723,-0.012698,-0.0096569,-0.010096,-0.0076341,-0.018024,-0.0068875,-0.0082722,-0.0123,-0.0046746
0.0415,-0.003575,-0.015065,-0.00734,-0.0028464,-0.015282,-0.0060593,-0.0013259,-0.0021857,-0.01082,-0.012698,-0.011205,-0.010096,-0.013825,-0.011834,-0.0053398,-0.0067246,-0.010752,-0.0015793
0.0416,-0.0097655,-0.0073264,-0.0057923,-0.009037,-0.0090913,-0.007607,-0.0075165,0.00090958,-0.013915,-0.012698,-0.0065616,-0.011644,-0.0091818,-0.005643,-0.0037922,-0.0020816,-0.0092044,-0.0093175
0.0417,-0.0051226,-0.0011358,-0.013531,-0.0059417,-0.012187,-0.007607,-0.0075165,-0.0021857,-0.01082,-0.0034121,-0.005014,-0.016286,-0.0045388,-0.0071907,-0.0084351,-0.0098198,-0.0014662,-0.0093175
0.0418,-0.00047968,-0.013517,-0.013531,-0.012132,-0.0029007,0.0016789,-0.015255,-0.0083763,-0.0046294,-0.0049597,-0.005014,-0.011644,-0.0029912,-0.010286,-0.00069689,-0.0082722,-0.0061091,-0.0062222
0.0419,-0.0082179,-0.01816,-0.0026971,-0.0074893,-0.0090913,-0.0014164,-0.013707,-0.005281,-0.015463,-0.008055,-0.005014,-0.010096,-0.0076341,-0.010286,-0.00069689,-0.0067246,8.1455e-05,-0.0062222
0.042,-0.0066702,-0.0011358,-0.0057923,-0.012132,-0.0075436,-0.0045117,-0.0059688,0.00090958,-0.006177,-0.008055,-0.0034664,-0.014739,-0.0091818,-0.011834,-0.0068875,-0.0082722,-0.0092044,-0.01396
0.0421,-0.014408,-0.0073264,-0.00734,-0.009037,-0.0075436,-0.0045117,-0.0059688,-0.0021857,-0.012368,-0.0034121,0.0011766,-0.0039053,-0.0029912,-0.013381,-0.0068875,-0.012915,-0.0092044,-0.0077699
0.0422,-0.0051226,-0.0057788,-0.016626,0.0048918,-0.0075436,-0.0060593,-0.013707,-0.0021857,-0.012368,-0.0049597,-0.0034664,-0.016286,-0.0076341,-0.0071907,-0.0022445,-0.012915,-0.0061091,-0.01396
0.0423,-0.003575,-0.0026835,-0.016626,0.0017965,-0.0044483,-0.010702,-0.0059688,-0.0083763,-0.0030817,-0.0065073,-0.005014,-0.016286,-0.0014436,-0.0071907,-0.0084351,-0.0067246,-0.0061091,-0.0093175
0.0424,-0.0066702,-0.0073264,-0.010435,-0.0074893,-0.015282,-0.0091546,-0.0044212,-0.00063806,-0.0077246,-0.012698,-0.005014,-0.014739,-0.0076341,-0.0087383,-0.0099827,-0.0098198,-0.0076568,-0.0062222
0.0425,-0.0020273,-0.010422,-0.013531,-0.0074893,-0.0075436,-0.013798,-0.0075165,0.00090958,-0.01082,-0.0034121,-0.0019187,-0.0070006,-0.0076341,-0.010286,-0.0022445,-0.017558,8.1455e-05,-0.0046746
0.0426,-0.003575,-0.0057788,-0.011983,-0.004394,-0.0013531,-0.013798,-0.010612,0.00090958,-0.0092723,-0.0034121,-0.0081093,-0.0085482,-0.012277,-0.011834,-0.00069689,-0.014463,-0.0061091,-0.0015793
0.0427,-0.003575,-0.0073264,-0.010435,-0.0028464,-0.005996,-0.0060593,0.00022174,-0.00063806,-0.006177,-0.0049597,-0.0065616,-0.0023577,-0.0060865,-0.014929,-0.0037922,-0.012915,-0.0076568,-0.0077699
0.0428,-0.0066702,-0.0073264,-0.011983,-0.010585,-0.018377,-0.007607,-0.0028735,-0.0021857,-0.015463,-0.01115,-0.0034664,-0.010096,0.00010408,-0.011834,-0.0099827,-0.011367,-0.013847,-0.010865
0.0429,-0.00047968,-0.0026835,-0.015078,-0.009037,-0.010639,-0.015345,-0.0028735,-0.0068286,-0.0046294,-0.0049597,-0.0065616,-0.010096,-0.0014436,-0.010286,-0.0099827,-0.0051769,-0.010752,-0.010865
0.043,-0.003575,-0.0088741,-0.011983,-0.010585,-0.0044483,-0.010702,-0.0044212,-0.013019,-0.006177,-0.008055,-0.0096569,-0.0070006,-0.0091818,-0.011834,-0.0037922,0.0010137,-0.0030138,-0.010865
0.0431,-0.0051226,-0.015065,-0.0042447,-0.0028464,-0.010639,-0.010702,-0.0013259,-0.0037333,-0.0077246,-0.01115,-0.0034664,-0.0070006,-0.0045388,-0.005643,-0.01153,-0.0067246,0.0047244,-0.01396
0.0432,-0.014408,-0.015065,-0.0026971,-0.0028464,-0.0075436,-0.0091546,-0.0013259,0.00090958,-0.0046294,-0.012698,-0.0081093,-0.010096,-0.0029912,-0.0040954,-0.0037922,-0.0067246,-0.0092044,-0.017056
0.0433,-0.012861,-0.013517,-0.0057923,-0.0074893,-0.0029007,-0.0060593,-0.0059688,-0.011472,-0.0092723,-0.01115,-0.0019187,-0.011644,-0.013825,-0.0040954,-0.00069689,-0.0067246,-0.0092044,-0.01396
0.0434,-0.003575,-0.010422,-0.00734,-0.0074893,-0.0013531,-0.0091546,-0.010612,-0.00063806,-0.0046294,-0.008055,-0.005014,-0.0039053,-0.0076341,-0.0087383,-0.0084351,-0.0051769,-0.0030138,-0.0077699
0.0435,-0.0097655,-0.0026835,-0.0026971,-0.004394,-0.0013531,-0.010702,0.0017694,-0.0083763,-0.01082,-0.0049597,-0.012752,-0.022477,-0.0045388,-0.0087383,-0.0068875,-0.0051769,-0.0030138,-0.021699
0.0436,-0.003575,-0.011969,-0.0088876,-0.0059417,-0.0044483,-0.013798,-0.0090641,-0.0083763,-0.0077246,-0.012698,-0.005014,-0.019382,-0.0091818,-0.005643,-0.0068875,-0.0051769,-0.0076568,-0.0062222
0.0437,-0.003575,-0.010422,-0.0057923,-0.0012988,-0.0029007,-0.0045117,-0.0090641,-0.00063806,0.0031089,-0.0096026,-0.0019187,-0.011644,-0.0014436,-0.005643,-0.01153,-0.0082722,-0.0014662,0.001516
0.0438,0.0041632,-0.0026835,-0.0011494,-0.0074893,0.0048375,-0.0029641,-0.0044212,-0.0083763,-0.0015341,0.0027785,-0.0065616,-0.013191,0.0016517,-0.0087383,-0.0099827,-0.011367,0.0016291,-0.0046746
0.0439,-0.0051226,-0.0057788,0.0019459,-0.0028464,-0.0013531,-0.010702,-0.010612,-0.005281,-0.01082,-0.008055,-0.005014,-0.011644,-0.0045388,-0.0087383,-0.0022445,-0.0051769,-0.0030138,-0.0077699
0.044,-0.003575,-0.010422,0.0050412,-0.009037,-0.0075436,-0.015345,-0.010612,-0.0068286,-0.0077246,-0.0096026,-0.0096569,-0.016286,-0.0014436,-0.0040954,-0.0022445,-0.0020816,-0.0076568,-0.0077699
0.0441,-0.0020273,-0.0073264,-0.0057923,-0.012132,-0.0075436,-0.01844,-0.0044212,-0.0068286,-0.0030817,-0.008055,-0.0065616,-0.011644,-0.0091818,-0.005643,-0.0084351,-0.0067246,-0.0045615,-0.0062222
0.0442,-0.0051226,-0.0042311,-0.010435,-0.009037,-0.010639,-0.007607,-0.0028735,0.00090958,-0.0077246,-0.0034121,-0.0065616,-0.017834,-0.0060865,-0.0087383,-0.0084351,-0.0067246,-0.0061091,-0.0046746
0.0443,-0.0082179,-0.010422,-0.015078,-0.010585,-0.0075436,-0.0060593,0.0017694,0.00090958,-0.013915,-0.0034121,-0.0065616,-0.019382,-0.0076341,-0.010286,-0.01153,-0.011367,-0.0014662,-0.0046746
0.0444,-0.014408,-0.010422,-0.011983,0.0017965,-0.0029007,0.0016789,-0.0044212,-0.0099239,-0.0077246,-0.00031677,-0.0096569,-0.022477,-0.0060865,-0.005643,-0.01153,-0.0082722,-0.0030138,-0.003127
0.0445,-0.0097655,-0.0011358,-0.010435,-0.0059417,-0.0044483,-0.0045117,-0.015255,-0.005281,1.3576e-05,-0.0096026,-0.012752,-0.016286,-0.0060865,-0.0087383,-0.014626,-0.0098198,-0.0014662,-0.0062222
0.0446,-0.014408,-0.011969,-0.0088876,-0.012132,-0.0029007,-0.0014164,-0.013707,-0.0021857,-0.0046294,-0.0018644,-0.012752,-0.010096,-0.0076341,-0.0040954,-0.013078,-0.0082722,-0.0045615,-0.010865
0.0447,-0.003575,-0.016612,-0.0042447,-0.0074893,-0.0044483,-0.0045117,-0.0075165,-0.0037333,-0.0092723,-0.0049597,-0.0096569,-0.013191,-0.0014436,-0.0040954,-0.0099827,-0.017558,-0.0014662,-0.0093175
0.0448,-0.014408,-0.010422,0.0019459,-0.012132,-0.0075436,-0.0029641,-0.0028735,-0.0037333,-0.0046294,-0.01115,-0.022038,-0.011644,0.00010408,-0.0040954,-0.01153,-0.012915,-0.0092044,-0.0093175
0.0449,-0.0097655,-0.011969,-0.0011494,-0.016775,-0.0044483,0.00013123,0.0017694,-0.005281,-0.0015341,-0.0065073,-0.02049,-0.016286,0.00010408,-0.0071907,-0.0099827,-0.0098198,-0.0123,-0.0077699
0.045,-0.003575,-0.013517,-0.011983,-0.004394,-0.005996,-0.013798,-0.0013259,-0.005281,1.3576e-05,-0.00031677,-0.012752,-0.014739,-0.0029912,-0.0087383,-0.014626,-0.014463,-0.0076568,-0.0077699
0.0451,-0.0020273,-0.0057788,-0.013531,-0.012132,-0.0013531,-0.013798,0.0017694,-0.0068286,-0.006177,-0.012698,-0.015847,-0.0070006,-0.0076341,-0.005643,-0.014626,-0.0082722,0.0031767,-0.003127
0.0452,-0.003575,-0.015065,-0.00734,-0.004394,-0.0013531,-0.016893,-0.010612,-0.005281,-0.012368,-0.0034121,-0.0065616,-0.019382,-0.0060865,-0.005643,-0.0053398,-0.0067246,0.010915,-0.0015793
0.0453,-0.0020273,-0.0073264,-0.00734,0.00024889,0.0017422,-0.010702,-0.0090641,-0.0068286,-0.0092723,-0.008055,-0.0019187,-0.020929,0.0031994,-0.0071907,-0.0068875,-0.0098198,-0.0045615,-0.0062222
0.0454,-0.0066702,-0.013517,-0.010435,-0.0028464,-0.005996,-0.01225,0.00022174,-0.0068286,-0.0077246,-0.0065073,-0.0081093,-0.010096,-0.0014436,-0.011834,-0.0068875,-0.0067246,0.0016291,-0.0015793
0.0455,-0.0082179,-0.0088741,-0.00734,-0.009037,-0.015282,-0.010702,0.0017694,-0.0021857,-0.015463,-0.0065073,-0.0096569,-0.005453,-0.0045388,-0.014929,0.00085075,0.0010137,-0.0014662,-0.0077699
0.0456,-0.0082179,-0.015065,-0.0026971,-0.004394,-0.012187,-0.0060593,-0.0059688,-0.011472,-0.0030817,-0.008055,-0.018943,-0.0085482,0.00010408,-0.0087383,-0.0022445,-0.0067246,-0.0076568,-0.018603
0.0457,-0.0051226,-0.011969,-0.010435,-0.004394,-0.016829,-0.0045117,0.00022174,-0.0068286,-0.0030817,-0.012698,-0.02049,-0.017834,0.00010408,-0.014929,-0.0037922,-0.0051769,-0.0061091,-0.0093175
0.0458,-0.0097655,-0.0057788,-0.0088876,-0.016775,-0.0044483,-0.01844,-0.0075165,-0.005281,1.3576e-05,-0.01115,-0.018943,-0.019382,0.00010408,-0.011834,-0.0099827,-0.011367,-0.0061091,-0.003127
0.0459,-0.0051226,-0.0088741,-0.0088876,-0.010585,0.00019459,-0.0060593,-0.0090641,-0.0099239,-0.0046294,-0.015793,-0.011205,-0.014739,-0.0014436,-0.0071907,-0.0084351,-0.011367,-0.0061091,-0.0077699
0.046,-0.0020273,-0.0057788,-0.013531,0.00024889,-0.0029007,-0.0091546,-0.0059688,-0.011472,-0.0092723,-0.0049597,-0.012752,-0.017834,0.00010408,-0.0071907,-0.0068875,-0.0098198,-0.0092044,-0.012413
0.0461,-0.003575,-0.0073264,-0.00734,-0.0059417,-0.012187,-0.015345,-0.010612,-0.005281,-0.0077246,-0.01115,-0.011205,-0.017834,-0.0045388,-0.010286,-0.0068875,-0.0082722,-0.0076568,-0.010865
0.0462,-0.0066702,-0.0057788,-0.019721,-0.0059417,-0.0029007,-0.01844,-0.016802,-0.0021857,-0.01082,-0.01115,-0.012752,-0.017834,-0.0029912,-0.013381,-0.0099827,-0.0036293,-0.0123,-0.010865
0.0463,-0.0020273,-0.0088741,-0.016626,-0.0028464,-0.0029007,-0.0045117,-0.010612,-0.0021857,-0.015463,-0.0096026,-0.00037107,-0.017834,-0.0014436,-0.0010001,-0.0037922,-0.0082722,-0.0045615,-3.1677e-05
0.0464,-0.0051226,-0.0042311,-0.011983,-0.0074893,-0.005996,-0.0014164,-0.0028735,-0.0021857,-0.0092723,-0.01115,-0.012752,-0.0085482,-0.0014436,-0.0040954,0.003946,-0.0067246,-0.0076568,0.0030636
0.0465,-0.015956,-0.011969,-0.010435,-0.010585,-0.0090913,-0.0045117,0.0017694,-0.0021857,-0.0077246,-0.0096026,-0.012752,-0.011644,-0.0014436,-0.0040954,-0.0022445,-0.012915,-0.0061091,-0.0015793
0.0466,-0.0066702,-0.0073264,-0.010435,-0.0059417,-0.0029007,-0.0014164,-0.0044212,-0.0021857,-0.0092723,-0.0065073,-0.0065616,-0.011644,-0.0014436,-0.005643,-0.0068875,-0.012915,-0.0076568,-0.0093175
0.0467,-0.0066702,0.0004118,-0.0042447,0.00024889,-0.0029007,-0.0029641,-0.0059688,-0.0037333,-0.006177,-0.0018644,-0.00037107,-0.016286,-0.0029912,-0.0040954,-0.014626,-0.0082722,-0.0014662,-0.003127
0.0468,-0.0066702,-0.015065,-0.0042447,0.0033442,-0.0075436,-0.0029641,-0.0028735,-0.005281,-0.0046294,-0.0049597,-0.0034664,-0.016286,-0.0014436,-0.005643,-0.0084351,-0.0051769,-0.0030138,-0.0046746
0.0469,0.0026156,-0.015065,-0.013531,0.0017965,0.00019459,-0.0029641,-0.0028735,-0.0083763,-0.0077246,-0.008055,-0.005014,-0.005453,-0.0045388,-0.011834,-0.016173,-0.0051769,-0.010752,-0.01396
0.047,-0.0051226,-0.0026835,-0.00734,-0.004394,-0.0075436,0.00013123,-0.0059688,-0.0099239,-0.006177,-0.0018644,-0.0096569,-0.010096,-0.0029912,-0.013381,-0.0099827,-0.0082722,-0.0030138,-0.0046746
0.0471,-0.0020273,-0.0026835,-0.010435,-0.0012988,-0.0090913,-0.0045117,-0.010612,0.0055525,-0.0077246,-0.012698,-0.012752,-0.0070006,-0.0029912,-0.0087383,-0.0068875,-0.0067246,-0.0061091,-0.010865
0.0472,-0.0020273,-0.0073264,-0.013531,0.0048918,0.00019459,0.00013123,-0.0044212,0.00090958,-0.006177,-0.0096026,-0.0081093,-0.0070006,-0.0060865,0.00054756,-0.01153,-0.0082722,-0.0045615,-0.01396
0.0473,-0.0051226,-0.016612,-0.0042447,-0.0074893,0.00019459,-0.0060593,-0.0044212,-0.0068286,-0.0030817,-0.012698,-0.0096569,-0.010096,-0.0076341,-0.005643,-0.01153,-0.0036293,-0.0076568,-0.010865
0.0474,-0.011313,-0.0073264,-0.00734,0.0017965,-0.0075436,-0.0029641,-0.0044212,-0.005281,-0.0046294,-0.0096026,0.0042719,-0.011644,-0.0045388,-0.013381,-0.0053398,-0.0082722,-0.0045615,-0.0093175
0.0475,-0.015956,-0.011969,-0.0026971,-0.0074893,-0.0044483,-0.0091546,-0.0059688,0.00090958,-0.006177,-0.0065073,-0.005014,-0.011644,0.00010408,-0.0071907,-0.0084351,-0.0036293,-0.0123,-0.012413
0.0476,-0.011313,-0.011969,-0.0011494,-0.01368,-0.0029007,-0.010702,-0.0059688,0.0040049,-0.01082,-0.0065073,-0.0081093,-0.0070006,-0.0029912,-0.0025477,-0.0053398,-0.0067246,-0.0061091,-0.012413
0.0477,-0.012861,-0.0057788,-0.0042447,-0.010585,-0.0075436,-0.0060593,-0.0044212,0.0024572,-0.0046294,-0.0065073,-0.0034664,-0.005453,-0.0045388,-0.0087383,-0.0022445,-0.0098198,-0.0061091,-0.0046746
0.0478,-0.0051226,-0.0073264,-0.0042447,-0.0059417,-0.0044483,-0.0060593,0.0017694,-0.00063806,-0.01701,-0.0096026,-0.0034664,-0.0085482,-0.0014436,-0.010286,-0.0084351,-0.014463,-0.0030138,-0.0062222
0.0479,-0.015956,-0.0073264,-0.015078,-0.0028464,0.00019459,-0.0045117,-0.0075165,-0.005281,-0.0077246,-0.012698,-0.0096569,-0.010096,-0.0045388,-0.0071907,-0.0099827,-0.0067246,-0.0061091,-0.010865
0.048,-0.0097655,-0.0088741,-0.00734,-0.0059417,-0.0044483,-0.010702,-0.0059688,-0.0083763,-0.013915,-0.008055,-0.0065616,-0.010096,-0.0060865,-0.0071907,-0.013078,-0.0082722,-0.0061091,-0.018603
0.0481,-0.0051226,-0.0073264,-0.0042447,-0.0074893,0.00019459,-0.007607,-0.0044212,0.0024572,-0.015463,-0.008055,-0.0065616,-0.005453,-0.0060865,-0.011834,-0.013078,-0.011367,-0.0030138,-0.0093175
0.0482,-0.0066702,-0.0042311,-0.0026971,-0.0074893,0.00019459,-0.0014164,-0.0044212,0.00090958,-0.0077246,-0.0049597,-0.0065616,-0.016286,-0.0045388,-0.0025477,-0.01153,-0.0067246,-0.0092044,-0.01396
0.0483,-0.00047968,-0.0026835,-0.011983,-0.004394,-0.0029007,0.0016789,-0.0059688,-0.0068286,-0.0030817,-0.008055,-0.0081093,-0.016286,-0.0045388,-0.0040954,-0.0084351,0.0010137,-0.015395,-0.0077699
0.0484,-0.0020273,-0.011969,-0.011983,-0.0012988,-0.005996,-0.015345,-0.013707,-0.0037333,-0.0092723,-0.0096026,-0.0065616,-0.017834,-0.0029912,-0.005643,-0.0053398,-0.0098198,-0.010752,-0.0046746
0.0485,-0.00047968,-0.010422,-0.013531,-0.004394,-0.010639,-0.010702,-0.0044212,-0.005281,-0.0046294,-0.0065073,-0.0081093,-0.011644,-0.010729,-0.0010001,-0.0037922,-0.01601,-0.010752,-0.003127
0.0486,-0.012861,0.0019594,-0.011983,-0.0012988,-0.0029007,-0.007607,-0.0013259,-0.005281,-0.0046294,-0.012698,-0.0065616,-0.0085482,-0.0060865,-0.0010001,-0.0037922,-0.012915,-0.0045615,-0.0046746
0.0487,-0.0097655,-0.0073264,-0.0057923,-0.004394,-0.0075436,-0.0045117,-0.0075165,0.00090958,-0.0092723,-0.0018644,-0.0065616,-0.0085482,-0.0029912,-0.0010001,-0.0022445,-0.011367,-0.0045615,-0.0062222
0.0488,-0.014408,0.0004118,-0.0088876,-0.0059417,-0.012187,-0.007607,-0.010612,0.00090958,-0.0030817,-0.0018644,-0.0143,-0.017834,-0.0076341,-0.005643,-0.0053398,-0.011367,-0.0076568,-0.0077699
0.0489,-0.0066702,-0.0057788,-0.00734,-0.009037,-0.010639,-0.01225,-0.0013259,-0.0037333,-0.0030817,-0.008055,-0.0081093,-0.016286,-0.0045388,-0.010286,-0.0053398,-0.0067246,-0.0092044,0.0046113
0.049,-0.0051226,-0.0057788,-0.0057923,-0.0074893,0.00019459,-0.0045117,-0.0075165,0.0040049,-0.0046294,-0.0034121,-0.012752,-0.016286,-0.0076341,-0.0071907,-0.0099827,-0.00053398,-0.015395,-0.0062222
0.0491,-0.012861,-0.0026835,-0.00734,-0.0059417,-0.0044483,-0.0014164,-0.0028735,-0.00063806,-0.0015341,-0.00031677,-0.0034664,-0.019382,-0.0014436,-0.0040954,-0.0068875,-0.0020816,-0.0076568,-0.0077699
0.0492,-0.0082179,-0.0073264,-0.0026971,-0.0028464,-0.016829,-0.007607,-0.0044212,-0.0037333,-0.006177,0.013612,0.0042719,-0.014739,0.00010408,-0.0071907,-0.0022445,-0.0051769,-0.0076568,-0.0015793
0.0493,-0.0066702,-0.015065,-0.00734,-0.004394,-0.016829,-0.0060593,-0.0044212,0.0024572,-0.0030817,0.0058738,-0.0034664,-0.0070006,-0.0060865,-0.005643,0.00085075,-0.0098198,-0.0014662,-0.003127
0.0494,-0.014408,-0.0073264,-0.0088876,-0.009037,-0.0090913,-0.0060593,-0.0044212,-0.0021857,1.3576e-05,-0.0034121,-0.005014,-0.010096,-0.010729,-0.0025477,0.00085075,-0.012915,-0.0076568,-0.0062222
0.0495,-0.015956,-0.0057788,-0.010435,-0.004394,-0.010639,-0.007607,-0.0075165,-0.0021857,-0.01082,0.0012309,-0.012752,-0.017834,-0.010729,-0.0071907,-0.013078,-0.0098198,-0.0014662,-0.0062222
0.0496,-0.0082179,-0.010422,-0.00734,-0.010585,-0.0075436,-0.0029641,-0.0090641,-0.0021857,-0.0046294,-0.00031677,-0.005014,-0.014739,-0.0045388,-0.005643,-0.0037922,-0.0082722,-0.0014662,-0.0077699
0.0497,-0.0051226,-0.0011358,-0.0057923,-0.01368,-0.0090913,-0.0045117,-0.0028735,-0.0021857,-0.0077246,-0.0034121,-0.0034664,-0.0085482,-0.0014436,-0.0025477,-0.0037922,-0.0051769,-0.0045615,-3.1677e-05
0.0498,-0.011313,-0.0042311,0.00039822,-0.009037,-0.010639,-0.0014164,-0.0090641,-0.0068286,1.3576e-05,-0.0065073,-0.005014,-0.011644,-0.0014436,-0.011834,-0.0022445,-0.0020816,-0.0076568,-0.0077699
0.0499,-0.0066702,-0.0057788,0.00039822,-0.0074893,-0.005996,-0.0029641,-0.0028735,-0.0099239,1.3576e-05,-0.0065073,-0.00037107,-0.005453,0.00010408,-0.0040954,-0.0037922,-0.0098198,-0.0030138,-0.012413
0.05,-0.0082179,-0.015065,-0.0057923,-0.0012988,-0.0029007,-0.013798,0.0017694,-0.0083763,-0.0030817,-0.01115,-0.00037107,-0.0039053,-0.0029912,-0.011834,-0.0053398,-0.011367,-0.0061091,-0.0062222
0.0501,-0.042266,-0.033636,-0.044483,-0.027609,-0.038496,-0.049393,-0.036922,-0.028496,-0.03713,-0.03127,-0.031324,-0.030215,-0.032396,-0.035048,-0.03165,-0.03613,-0.035514,-0.038723
0.0502,-0.036075,-0.022803,-0.036745,-0.027609,-0.044687,-0.037012,-0.030731,-0.031591,-0.03713,-0.03127,-0.042157,-0.034858,-0.035492,-0.036596,-0.03784,-0.03613,-0.032419,-0.038723
0.0503,0.010354,0.028269,0.01897,0.018821,0.017219,0.018703,0.018793,0.022577,0.012395,0.01516,0.01201,0.017762,0.0078423,0.020667,0.016327,0.014942,0.012463,0.0061589
0.0504,0.011901,0.029817,0.01897,0.023464,0.0079328,0.020251,0.020341,0.019481,0.017038,0.01516,0.01201,0.022405,0.020223,0.022215,0.016327,0.021133,0.018653,0.020088
0.0505,0.0072585,0.014341,0.0034935,0.021916,0.0094804,0.015608,0.012603,0.011743,0.01549,0.0074214,0.0027242,0.0038329,0.014033,0.014476,0.011684,0.011847,0.006272,0.020088
0.0506,0.0088062,0.0050547,0.0019459,0.0079871,0.017219,0.017155,0.0064123,0.0040049,0.0046565,0.018255,0.0058195,0.00073762,0.010938,0.0036428,0.010137,0.0087519,0.0047244,0.0077065
0.0507,0.0041632,0.0050547,0.0065888,0.01263,0.0048375,0.0063218,0.0048647,-0.0021857,1.3576e-05,0.0043262,-0.005014,0.0069282,0.014033,0.012929,-0.00069689,0.0025613,8.1455e-05,0.0061589
0.0508,0.001068,0.0019594,0.0019459,0.0079871,0.00019459,0.0047742,0.0017694,0.0055525,0.0015612,0.0043262,0.0011766,0.00073762,0.0078423,0.0020952,-0.00069689,0.0087519,0.0031767,0.0077065
0.0509,-0.00047968,0.0035071,-0.0026971,0.0095347,0.0032899,0.0032265,0.0017694,0.0071001,0.0015612,-0.0018644,-0.0034664,0.0038329,0.00010408,0.0098334,-0.00069689,0.0087519,0.0093673,0.0061589
0.051,0.0026156,0.00815,-0.00734,0.0017965,0.00019459,-0.0045117,0.0064123,0.0024572,0.0077518,0.0012309,-0.0019187,-0.0023577,0.0062947,-0.005643,0.003946,0.0103,0.01401,0.001516
0.0511,0.0057109,0.0096977,-0.0011494,0.0064395,0.00019459,-0.0014164,0.0017694,0.0071001,0.0077518,0.0074214,0.0058195,0.0069282,-0.0014436,0.00054756,0.00085075,-0.00053398,0.0016291,0.0030636
0.0512,0.0041632,0.0004118,0.0019459,0.00024889,-0.0029007,0.00013123,0.0017694,0.0086478,0.0046565,0.0058738,0.0011766,-0.00081002,0.00010408,0.0020952,-0.0022445,-0.0020816,-0.0030138,0.0046113
0.0513,-0.0020273,0.0004118,-0.0026971,0.0064395,-0.0029007,0.0063218,0.0017694,0.0055525,0.0015612,0.0058738,-0.0019187,-0.0070006,-0.0076341,0.012929,0.0070413,0.0010137,0.0047244,0.0061589
0.0514,-0.00047968,-0.0026835,-0.0026971,0.00024889,-0.0029007,0.0063218,0.00022174,0.014838,-0.0030817,-0.0018644,-0.0019187,0.00073762,-0.0014436,0.0036428,0.0023984,-0.0036293,0.012463,0.012349
0.0515,0.0026156,-0.0073264,-0.0026971,0.00024889,0.0079328,0.0032265,0.003317,0.0040049,-0.0030817,0.0027785,-0.0034664,0.00073762,0.0062947,-0.0010001,0.00085075,0.0010137,0.006272,0.001516
0.0516,0.0072585,0.0004118,-0.0011494,0.0017965,0.0079328,0.0016789,0.00022174,0.00090958,0.0015612,-0.00031677,-0.005014,0.0022853,0.010938,-0.0025477,-0.0022445,-0.0020816,0.006272,0.0046113
0.0517,0.0041632,0.0066024,-0.0042447,-0.0012988,-0.0013531,0.0032265,0.0064123,0.0024572,0.0062041,-0.0018644,-0.00037107,0.0022853,0.0031994,0.0020952,-0.0022445,-0.0067246,8.1455e-05,0.0061589
0.0518,0.0041632,0.0004118,0.00039822,0.00024889,-0.0029007,0.0032265,0.00796,0.0024572,1.3576e-05,0.0074214,0.0027242,0.0038329,-0.0014436,-0.0071907,0.00085075,-0.00053398,0.006272,-3.1677e-05
0.0519,0.0026156,0.0004118,0.0081364,0.0048918,-0.0029007,-0.0029641,0.00796,0.0055525,1.3576e-05,0.0043262,-0.0034664,0.0022853,0.0062947,0.0036428,-0.00069689,-0.00053398,0.0016291,0.001516
0.052,-0.0051226,0.0035071,-0.0026971,0.0064395,0.0017422,-0.0014164,0.003317,0.0086478,0.0015612,-0.0049597,-0.00037107,0.0022853,0.0016517,0.0020952,-0.0022445,0.0041089,0.0093673,0.0061589
0.0521,-0.003575,-0.0026835,-0.00734,0.00024889,0.0048375,0.0016789,-0.0013259,0.00090958,1.3576e-05,-0.0034121,0.0089148,-0.0023577,0.0062947,0.00054756,0.0023984,-0.0067246,0.0031767,0.012349
0.0522,-0.0020273,0.0066024,-0.0088876,0.0048918,0.0094804,0.0047742,0.0064123,-0.0037333,0.0031089,-0.0096026,0.0027242,-0.00081002,0.0078423,0.0051905,-0.00069689,-0.0098198,0.0031767,0.001516
0.0523,0.0057109,0.0066024,-0.0042447,0.0048918,0.0017422,0.0063218,0.0064123,0.00090958,0.0046565,0.0043262,-0.005014,0.00073762,-0.0045388,0.00054756,0.010137,0.0087519,0.006272,-0.0015793
0.0524,0.0041632,-0.0057788,-0.0057923,-0.0028464,0.00019459,0.00013123,0.0017694,0.00090958,-0.0015341,0.0043262,-0.0081093,0.0038329,0.00010408,0.00054756,0.0023984,0.0041089,0.0016291,-0.0015793
0.0525,-0.00047968,0.0019594,-0.0057923,-0.0074893,-0.0013531,0.00013123,-0.0028735,0.0055525,1.3576e-05,0.0027785,-0.0081093,-0.0039053,0.0031994,0.0020952,0.00085075,-0.0067246,0.0047244,-0.0015793
0.0526,-0.003575,0.0019594,-0.0042447,0.0017965,0.0048375,0.00013123,-0.0013259,0.0024572,0.0046565,0.0027785,0.0027242,0.0038329,-0.0014436,0.00054756,0.0023984,0.0010137,0.0031767,0.0046113
0.0527,-0.0097655,0.0019594,-0.0011494,0.0033442,0.0032899,0.0032265,-0.0044212,-0.0021857,0.0031089,0.0027785,0.0089148,-0.00081002,0.0016517,0.0098334,-0.00069689,0.0087519,0.0031767,0.001516
0.0528,-0.00047968,0.0035071,0.00039822,-0.0028464,0.0063852,0.0047742,0.0017694,0.00090958,0.0046565,0.0089691,0.0011766,-0.0039053,0.0062947,0.0036428,0.0070413,-0.0051769,0.0031767,-0.0062222
0.0529,0.0026156,0.0035071,0.0019459,0.0017965,-0.0029007,0.0094171,0.00022174,0.00090958,0.0062041,0.0043262,0.0027242,0.00073762,0.004747,0.0020952,0.003946,-0.0036293,0.0016291,-0.0015793
0.053,0.011901,-0.0057788,0.0019459,0.0048918,-0.0029007,0.0078694,0.012603,0.0055525,0.0015612,0.0043262,-0.005014,-0.0023577,0.0016517,0.00054756,-0.0022445,0.0041089,0.0093673,-3.1677e-05
0.0531,0.0072585,-0.0026835,0.0019459,0.0033442,-0.0044483,-0.0014164,0.0064123,0.0040049,0.0046565,0.0012309,-0.0065616,-0.0023577,0.0016517,-0.0071907,-0.0037922,0.0087519,0.0047244,-0.0046746
0.0532,-0.0020273,-0.0073264,-0.00734,0.0064395,-0.0013531,0.0047742,0.0048647,0.00090958,-0.0015341,0.0012309,-0.012752,-0.0039053,0.00010408,0.00054756,-0.0084351,0.0087519,0.0031767,-0.0015793
0.0533,-0.003575,-0.0073264,-0.00734,0.0033442,-0.0013531,0.0047742,0.00022174,0.00090958,-0.0015341,-0.00031677,-0.0065616,0.00073762,-0.0029912,0.00054756,-0.0053398,-0.00053398,-0.0045615,-0.0062222
0.0534,0.0026156,-0.0011358,-0.00734,0.0033442,0.0032899,0.0047742,0.003317,0.00090958,0.0031089,-0.0065073,-0.0096569,-0.0023577,-0.0076341,0.0020952,0.011684,-0.00053398,8.1455e-05,-3.1677e-05
0.0535,0.001068,-0.0011358,-0.0042447,0.0017965,0.014123,0.0016789,0.0017694,0.0040049,0.0046565,-0.0065073,-0.0081093,-0.005453,0.00010408,0.0051905,0.003946,-0.00053398,8.1455e-05,-0.0062222
0.0536,-0.003575,-0.0026835,0.0050412,0.0079871,0.0032899,-0.0060593,-0.0028735,0.0086478,-0.0030817,0.0074214,-0.00037107,-0.0023577,0.00010408,0.00054756,-0.0022445,-0.0051769,0.0093673,-0.0046746
0.0537,-0.00047968,0.0004118,-0.0011494,-0.004394,-0.0013531,-0.0029641,0.00022174,0.0040049,0.0015612,0.0074214,-0.00037107,-0.005453,0.0016517,-0.0040954,-0.0037922,0.0010137,0.0031767,0.001516
0.0538,0.0057109,-0.0011358,-0.0042447,-0.0028464,-0.0029007,0.0016789,0.0017694,0.014838,0.0062041,-0.00031677,-0.0019187,0.0069282,0.0016517,0.0036428,-0.0068875,-0.0020816,0.0093673,0.001516
0.0539,-0.00047968,-0.0026835,0.0019459,0.0064395,0.0017422,0.0016789,0.0017694,0.0071001,0.0046565,-0.0018644,-0.00037107,0.0053805,0.00010408,0.00054756,-0.0068875,-0.0020816,0.0016291,-0.0015793
0.054,-0.003575,0.0050547,-0.0042447,-0.0012988,-0.0013531,0.0078694,0.003317,0.010195,-0.0030817,0.0027785,-0.0019187,-0.00081002,-0.0045388,-0.0025477,0.0023984,0.0087519,8.1455e-05,0.0046113
0.0541,0.0057109,0.0004118,-0.0042447,-0.0028464,0.0032899,-0.0014164,0.00022174,0.0040049,-0.0030817,0.0012309,-0.0081093,-0.0085482,-0.0014436,-0.0071907,-0.0037922,0.0041089,0.0031767,-3.1677e-05
0.0542,0.0041632,-0.0011358,0.0034935,-0.0059417,0.00019459,0.0047742,0.0048647,-0.005281,1.3576e-05,-0.00031677,-0.00037107,-0.005453,0.0031994,-0.0010001,-0.00069689,-0.0036293,0.0031767,-0.0062222
0.0543,0.001068,-0.0042311,-0.0011494,-0.0059417,-0.0044483,-0.007607,0.0048647,-0.0083763,0.0031089,0.0027785,0.0058195,-0.0085482,0.0031994,0.0020952,-0.0068875,-0.0082722,-0.0061091,-3.1677e-05
0.0544,0.001068,-0.0057788,0.00039822,0.0033442,-0.0029007,-0.0014164,0.00022174,-0.0068286,1.3576e-05,0.0012309,-0.00037107,-0.0085482,-0.0014436,0.0020952,0.003946,0.0025613,8.1455e-05,0.0046113
0.0545,0.0041632,0.0019594,-0.0042447,-0.0012988,-0.0029007,-0.0045117,0.0017694,-0.0021857,0.0031089,0.0012309,-0.0034664,-0.0070006,0.00010408,-0.005643,0.0070413,0.0010137,8.1455e-05,0.0092542
0.0546,0.001068,0.0004118,-0.0057923,0.0048918,-0.0029007,-0.0045117,-0.0013259,-0.00063806,1.3576e-05,-0.0018644,0.0042719,-0.005453,-0.0014436,-0.0010001,0.010137,0.0087519,8.1455e-05,0.012349
0.0547,-0.0051226,-0.0026835,0.00039822,0.01263,-0.0075436,0.00013123,0.00022174,0.0024572,-0.0046294,-0.00031677,-0.0019187,-0.0039053,0.00010408,0.00054756,0.011684,0.0025613,-0.0030138,-0.003127
0.0548,0.0072585,0.0019594,0.0034935,0.0079871,-0.005996,-0.0029641,0.0017694,-0.0068286,-0.0030817,-0.0049597,-0.0019187,-0.0039053,0.0062947,-0.005643,0.0070413,-0.0036293,0.0047244,-0.0077699
0.0549,-0.0020273,-0.0011358,-0.0057923,0.0048918,0.00019459,0.0047742,0.0017694,-0.00063806,-0.0015341,0.0043262,-0.0019187,0.0022853,-0.0014436,-0.0010001,0.0054937,-0.0036293,0.0031767,-0.0015793
0.055,0.0026156,0.0019594,0.00039822,0.0033442,0.0017422,-0.0014164,-0.0013259,-0.0021857,-0.0030817,0.0058738,-0.0019187,0.0038329,0.0031994,-0.005643,-0.0068875,-0.0036293,-0.0014662,-0.0046746
0.0551,0.0026156,-0.0042311,0.0081364,0.0033442,-0.0013531,0.0016789,0.003317,0.00090958,0.0015612,0.0043262,-0.0065616,-0.0023577,0.0031994,-0.005643,-0.0022445,0.0010137,-0.0030138,0.001516
0.0552,0.0041632,-0.0011358,0.00039822,0.00024889,0.0048375,-0.0045117,0.0048647,0.0024572,-0.0030817,-0.00031677,-0.00037107,-0.0039053,-0.0014436,-0.0010001,0.0023984,-0.00053398,0.0016291,-0.0046746
0.0553,-0.00047968,-0.0057788,-0.0026971,-0.0012988,-0.0013531,-0.0029641,-0.0059688,0.00090958,0.0015612,0.0012309,0.0058195,-0.016286,0.0016517,0.00054756,0.010137,0.0025613,0.006272,0.0046113
0.0554,-0.0066702,0.0066024,0.0034935,0.0048918,-0.0044483,-0.0060593,0.0048647,0.0040049,1.3576e-05,0.0089691,-0.0065616,-0.0085482,-0.0029912,0.00054756,0.0023984,0.0010137,8.1455e-05,0.001516
0.0555,0.0026156,0.0019594,-0.0011494,0.0017965,-0.012187,-0.0014164,0.0017694,-0.0037333,0.0046565,-0.00031677,-0.0096569,-0.005453,-0.0014436,0.0020952,0.003946,-0.0020816,-0.0014662,-0.003127
0.0556,0.010354,-0.0011358,0.0019459,0.0033442,-0.0044483,-0.007607,0.00022174,-0.0021857,0.0077518,-0.0065073,0.0027242,0.00073762,0.00010408,-0.005643,-0.0022445,0.0010137,0.0031767,-0.0046746
0.0557,0.0041632,-0.0042311,0.00039822,0.0017965,0.0063852,-0.0029641,-0.010612,0.0086478,0.0031089,-0.0034121,0.0011766,0.0038329,0.00010408,0.0051905,-0.0037922,-0.0020816,0.0031767,-0.0015793
0.0558,0.0026156,0.0004118,0.00039822,0.0048918,-0.0029007,-0.0014164,-0.0013259,0.0055525,-0.0092723,0.0058738,-0.00037107,-0.0070006,0.0031994,0.0036428,-0.00069689,0.0010137,0.0031767,-0.0015793
0.0559,0.0026156,0.0096977,0.0050412,0.0033442,-0.0013531,-0.0029641,0.00022174,-0.0068286,-0.0015341,0.010517,-0.00037107,-0.0023577,0.00010408,0.00054756,0.003946,0.0041089,0.0093673,-0.003127
0.056,-0.0051226,0.0004118,0.00039822,-0.0012988,-0.0013531,0.0016789,-0.0044212,-0.0021857,-0.0015341,0.0012309,-0.0034664,0.0038329,-0.0029912,0.0036428,-0.0022445,-0.0036293,-0.0030138,-0.0015793
0.0561,-0.0051226,-0.0011358,-0.0057923,0.0033442,-0.0044483,0.0016789,0.0048647,0.0024572,0.0015612,0.0012309,0.0027242,-0.00081002,-0.0045388,0.0020952,-0.0022445,-0.00053398,-0.0076568,-0.0046746
0.0562,-0.00047968,-0.0026835,-0.0011494,0.0033442,-0.0029007,0.00013123,0.0048647,-0.0021857,1.3576e-05,0.0074214,-0.0019187,-0.00081002,-0.0045388,-0.0010001,0.003946,0.0041089,-0.0030138,-0.0015793
0.0563,0.0057109,-0.0088741,0.0034935,0.0048918,-0.0013531,-0.0029641,0.003317,-0.00063806,1.3576e-05,0.0074214,-0.005014,-0.0039053,0.004747,-0.0025477,-0.00069689,0.0010137,-0.0014662,-0.0015793
0.0564,0.001068,-0.010422,0.0019459,0.0017965,0.0032899,-0.0045117,0.0048647,0.0024572,-0.0030817,-0.0018644,-0.0065616,-0.0039053,0.0078423,0.00054756,0.003946,0.0041089,-0.0014662,0.0061589
0.0565,-0.0020273,-0.0026835,0.0019459,0.0033442,0.0063852,0.0016789,0.0017694,0.0024572,0.0015612,0.0058738,-0.00037107,-0.0039053,0.0062947,0.0020952,0.0023984,0.0087519,0.0016291,0.0092542
0.0566,0.0026156,-0.0026835,-0.0057923,0.00024889,-0.0013531,0.00013123,0.003317,0.0071001,0.0077518,0.0074214,0.0027242,-0.0023577,-0.0029912,-0.0010001,-0.0037922,-0.0051769,-0.0030138,0.0061589
0.0567,-0.0020273,-0.0057788,-0.0011494,-0.0074893,-0.0013531,-0.0029641,0.0017694,0.00090958,0.0077518,0.0043262,-0.0019187,-0.0023577,0.00010408,-0.0040954,0.0054937,-0.0051769,0.0031767,-0.0046746
0.0568,-0.0020273,0.0004118,0.0019459,0.0064395,-0.0029007,0.0016789,-0.0028735,0.0024572,0.0015612,-0.0018644,-0.0081093,-0.0023577,0.004747,0.0051905,0.0054937,-0.0020816,-0.0045615,-3.1677e-05
0.0569,-0.0066702,-0.0011358,-0.0011494,-0.009037,0.00019459,-0.0014164,0.00022174,0.010195,1.3576e-05,-0.00031677,-0.0019187,0.0038329,0.00010408,-0.0025477,-0.0022445,-0.0020816,0.0047244,0.001516
0.057,0.0041632,-0.0026835,0.0034935,-0.004394,0.00019459,-0.0029641,0.003317,0.00090958,0.0015612,0.0043262,0.01201,-0.005453,0.0016517,0.00054756,0.003946,-0.0036293,0.0093673,-0.0062222
0.0571,-0.00047968,0.0019594,0.0096841,-0.015228,0.0017422,0.0016789,0.0017694,0.0024572,0.010847,-0.0034121,0.0073671,0.00073762,-0.0014436,0.00054756,0.0023984,-0.00053398,0.0016291,-0.0046746
0.0572,0.001068,0.0035071,0.0081364,-0.0028464,0.00019459,0.0032265,0.0064123,0.0071001,0.0015612,-0.00031677,-0.00037107,-0.00081002,0.0016517,0.00054756,0.00085075,0.0103,0.0016291,-0.003127
0.0573,-0.00047968,0.0004118,-0.0011494,0.0017965,-0.0013531,-0.0014164,0.0017694,0.0055525,0.0046565,0.0043262,0.0058195,-0.0070006,0.010938,0.0067381,0.003946,0.0025613,0.0093673,-0.003127
0.0574,-0.0097655,0.0004118,-0.0026971,0.0048918,-0.0029007,0.00013123,-0.0013259,-0.0021857,0.0046565,-0.0034121,-0.00037107,0.0069282,0.004747,0.011381,0.003946,-0.00053398,-0.0030138,0.0077065
0.0575,0.0026156,-0.0057788,0.00039822,0.0079871,0.0048375,0.0016789,-0.0028735,0.0024572,0.0031089,-0.0034121,-0.00037107,0.0053805,0.0031994,0.0051905,-0.0037922,-0.0020816,-0.0030138,0.001516
0.0576,0.001068,-0.0057788,0.0019459,0.0064395,0.0032899,0.0016789,0.00022174,0.0086478,0.0031089,-0.00031677,-0.005014,-0.0023577,0.0016517,0.0036428,-0.00069689,-0.00053398,-0.0030138,-0.0015793
0.0577,-0.003575,0.0019594,0.0034935,0.0017965,-0.0013531,-0.0029641,-0.0028735,0.0040049,-0.0030817,0.0027785,-0.0081093,-0.00081002,0.014033,0.0051905,-0.0037922,0.0025613,-0.0014662,0.0046113
0.0578,-0.0051226,0.0035071,0.0034935,-0.004394,0.0017422,-0.0014164,0.0048647,0.00090958,1.3576e-05,-0.00031677,-0.00037107,0.0022853,0.004747,0.00054756,-0.0022445,0.0025613,8.1455e-05,0.001516
0.0579,0.0026156,0.0019594,-0.0011494,0.00024889,-0.0013531,0.0063218,-0.0013259,-0.005281,0.0062041,0.0012309,-0.0019187,0.0022853,0.0016517,-0.005643,-0.0053398,0.0056566,0.0016291,-3.1677e-05
0.058,0.0026156,-0.0011358,-0.0011494,-0.0012988,0.0079328,0.0016789,0.0064123,0.0024572,1.3576e-05,-0.008055,-0.0096569,-0.00081002,0.0031994,-0.0071907,-0.0022445,-0.00053398,0.0031767,-3.1677e-05
0.0581,-0.0020273,-0.0026835,0.0034935,0.0017965,-0.0013531,0.00013123,0.0048647,0.00090958,0.0015612,0.0012309,-0.0034664,-0.005453,0.004747,0.00054756,0.011684,-0.0020816,0.0031767,-3.1677e-05
0.0582,-0.00047968,-0.0026835,0.00039822,0.0033442,-0.0029007,0.0032265,-0.0028735,-0.00063806,-0.0030817,-0.00031677,0.0058195,0.00073762,0.00010408,-0.0040954,0.00085075,-0.0036293,0.0031767,0.0061589
0.0583,-0.0020273,0.0050547,-0.0026971,0.00024889,-0.005996,-0.0045117,-0.0075165,0.0086478,-0.0046294,0.0012309,-0.0019187,0.00073762,-0.0029912,0.0020952,-0.0099827,-0.0051769,-0.0030138,-0.0015793
0.0584,0.0026156,0.0019594,-0.0026971,0.0064395,-0.005996,-0.0029641,-0.0013259,0.0024572,0.0046565,0.0074214,-0.0019187,-0.00081002,0.0016517,0.0051905,-0.0099827,0.0010137,-0.0014662,-3.1677e-05
0.0585,-0.003575,-0.0026835,-0.00734,-0.0012988,-0.0013531,-0.0045117,0.0048647,-0.0037333,0.0062041,-0.00031677,-0.00037107,0.00073762,0.00010408,-0.0040954,-0.013078,0.0025613,-0.0061091,-0.0062222
0.0586,-0.0051226,0.0019594,0.00039822,0.0033442,-0.0013531,-0.0045117,0.0048647,0.00090958,-0.0015341,0.0043262,0.0011766,-0.0023577,-0.0014436,-0.0025477,-0.0037922,-0.0020816,0.0031767,-0.0015793
0.0587,-0.00047968,0.0004118,0.0065888,0.0048918,0.00019459,0.0078694,0.00022174,0.00090958,-0.0077246,0.0058738,-0.00037107,-0.00081002,0.00010408,0.0020952,-0.00069689,-0.0020816,-0.0045615,0.0030636
0.0588,-0.0020273,-0.0057788,-0.0026971,0.0017965,0.0017422,0.0032265,0.00022174,-0.0037333,1.3576e-05,0.010517,-0.0034664,-0.005453,0.004747,0.0020952,-0.0022445,-0.0036293,8.1455e-05,-0.0015793
0.0589,-0.00047968,-0.0042311,0.0019459,-0.0012988,0.00019459,0.00013123,0.003317,0.0024572,-0.0015341,0.0012309,-0.0065616,-0.005453,-0.0045388,-0.005643,0.0054937,-0.0082722,-0.0061091,-0.0046746
0.059,0.0041632,-0.0088741,0.0081364,0.0064395,-0.0013531,0.0032265,-0.0044212,0.0071001,0.0015612,-0.0034121,-0.005014,-0.005453,-0.0014436,-0.005643,-0.0053398,-0.0082722,0.0047244,-0.0015793
0.0591,0.0026156,0.0050547,0.0019459,0.0079871,-0.005996,0.0078694,-0.0013259,0.0040049,0.0077518,-0.00031677,0.0027242,-0.0023577,-0.0029912,-0.0010001,0.00085075,-0.0098198,0.0031767,-0.003127
0.0592,0.001068,0.0035071,-0.0057923,0.0033442,-0.005996,0.0047742,0.0064123,0.00090958,0.0015612,-0.0049597,0.0011766,-0.0039053,-0.0045388,-0.0025477,-0.00069689,-0.0036293,8.1455e-05,-0.0015793
0.0593,0.0026156,0.0035071,0.0019459,0.0048918,-0.0044483,-0.0029641,0.0017694,0.00090958,-0.0030817,0.0058738,0.0042719,-0.0070006,-0.0060865,-0.0025477,0.0023984,0.0087519,0.006272,0.0046113
0.0594,0.001068,-0.0057788,0.0081364,-0.004394,0.0048375,0.0047742,0.0017694,0.0024572,-0.0015341,0.0043262,0.0011766,-0.0023577,-0.0060865,-0.0040954,0.0023984,0.0010137,0.0047244,-0.0046746
0.0595,-0.003575,-0.0057788,0.0019459,-0.0059417,-0.0029007,0.0032265,0.00022174,-0.0021857,1.3576e-05,0.0012309,-0.0034664,0.0038329,0.00010408,-0.0010001,0.0054937,0.0025613,0.0047244,-0.0046746
0.0596,-0.0020273,-0.0057788,-0.0011494,-0.0028464,0.0048375,-0.010702,0.0017694,-0.00063806,0.0031089,-0.0018644,0.0058195,-0.0023577,0.004747,0.0098334,-0.00069689,-0.0051769,0.010915,0.0061589
0.0597,-0.003575,-0.0011358,0.00039822,0.0017965,0.0017422,-0.0060593,0.0017694,-0.0037333,1.3576e-05,0.0012309,0.0011766,0.0022853,0.00010408,0.00054756,0.0023984,-0.0082722,0.01401,0.0092542
0.0598,0.001068,0.0004118,0.0034935,0.0048918,-0.0075436,0.0047742,0.003317,0.0071001,-0.0015341,-0.00031677,-0.00037107,-0.0023577,0.00010408,-0.0040954,-0.0099827,0.0087519,0.012463,0.0030636
0.0599,-0.00047968,-0.0011358,-0.0011494,0.0033442,-0.0090913,0.0078694,-0.0013259,0.010195,1.3576e-05,-0.00031677,-0.0096569,0.00073762,0.0093899,-0.0040954,-0.0068875,-0.00053398,8.1455e-05,-0.0015793
0.06,0.0026156,0.0019594,-0.0026971,0.0033442,0.0032899,0.0047742,-0.0013259,0.014838,-0.0015341,0.0027785,-0.005014,0.0038329,0.004747,0.00054756,-0.0068875,-0.0051769,-0.0061091,0.0046113
0.0601,0.0026156,0.0019594,0.0019459,0.0095347,0.0017422,0.0016789,0.0048647,0.0071001,-0.0030817,0.0058738,-0.00037107,0.00073762,0.0016517,-0.0010001,-0.0068875,0.0010137,-0.0014662,0.0077065
0.0602,0.001068,-0.0073264,-0.00734,0.00024889,-0.005996,-0.0029641,0.003317,0.0040049,-0.0030817,-0.00031677,0.0058195,-0.010096,-0.0029912,-0.0025477,-0.0022445,-0.00053398,8.1455e-05,0.001516
0.0603,0.0026156,-0.0042311,-0.0026971,-0.0028464,-0.005996,-0.007607,0.011055,0.00090958,-0.0015341,0.0043262,0.0042719,-0.0039053,-0.0014436,-0.0025477,-0.0053398,0.0041089,-0.0014662,0.0061589
0.0604,0.0026156,-0.0073264,0.0034935,0.0017965,0.00019459,-0.010702,0.003317,0.0024572,0.0015612,0.0012309,-0.0034664,-0.0023577,0.0016517,0.00054756,0.0054937,0.0087519,0.0016291,-0.0046746
0.0605,-0.00047968,-0.0042311,-0.0026971,0.0048918,0.0017422,0.00013123,-0.0013259,-0.0037333,0.0092994,0.0043262,-0.0081093,0.0022853,-0.0029912,-0.0071907,0.0054937,-0.0051769,0.0047244,-0.010865
0.0606,-0.00047968,-0.0042311,-0.0011494,0.0017965,0.00019459,0.0032265,-0.0028735,-0.005281,0.0062041,0.0027785,0.0011766,0.0053805,0.00010408,0.0020952,-0.00069689,-0.0020816,8.1455e-05,-0.0062222
0.0607,0.0041632,0.0004118,0.0019459,0.0033442,-0.0029007,0.0016789,-0.0028735,-0.0099239,-0.0030817,0.0027785,0.0073671,0.0053805,0.00010408,0.0020952,-0.0037922,0.0087519,-0.0014662,-0.003127
0.0608,0.001068,-0.0073264,0.00039822,0.00024889,-0.0044483,-0.0014164,-0.0013259,0.00090958,-0.0030817,0.0012309,0.0042719,-0.005453,0.0031994,0.0036428,-0.0022445,0.0025613,0.0016291,-0.0062222
0.0609,-0.0020273,-0.0026835,-0.0011494,0.0033442,-0.0013531,-0.0045117,-0.0013259,0.0040049,-0.0015341,-0.0018644,-0.00037107,-0.011644,-0.0029912,-0.0025477,-0.0037922,0.0010137,-0.0014662,-0.0093175
0.061,0.0026156,-0.0042311,-0.0042447,-0.004394,-0.0013531,-0.0045117,0.00796,0.0024572,0.0031089,-0.0018644,-0.0019187,-0.010096,0.004747,0.0036428,0.0023984,-0.0051769,-0.0076568,-0.003127
0.0611,-0.0051226,-0.0057788,-0.0057923,0.00024889,-0.0029007,-0.0045117,0.00022174,-0.005281,1.3576e-05,0.0027785,0.0027242,-0.010096,0.00010408,0.00054756,-0.00069689,0.0041089,-0.0030138,0.001516
0.0612,0.0041632,-0.0057788,0.00039822,-0.0012988,0.00019459,-0.0060593,-0.0044212,-0.005281,0.0062041,0.0027785,0.0027242,-0.005453,-0.0060865,-0.0071907,0.0054937,-0.00053398,-0.0030138,-0.0015793
0.0613,0.0026156,0.0019594,0.0065888,0.00024889,0.0032899,0.0016789,0.0017694,-0.005281,1.3576e-05,0.0043262,0.0042719,-0.0085482,0.0031994,0.00054756,0.00085075,-0.0067246,0.0016291,0.001516
0.0614,0.001068,0.0004118,0.0019459,0.00024889,-0.005996,-0.0014164,0.0064123,-0.0037333,0.0046565,-0.00031677,0.0027242,0.0022853,0.00010408,-0.0040954,-0.0022445,-0.0020816,0.0047244,-3.1677e-05
0.0615,-0.00047968,-0.0057788,0.0019459,-0.0028464,-0.0013531,0.0016789,-0.0013259,0.0040049,0.0015612,-0.0018644,0.0058195,-0.0039053,-0.0076341,-0.0040954,0.00085075,0.0025613,0.010915,-0.0046746
0.0616,0.001068,-0.0057788,-0.0026971,-0.0059417,-0.0013531,0.0016789,0.0017694,-0.0037333,0.0062041,0.0012309,0.0027242,-0.00081002,0.0016517,-0.0010001,0.003946,0.0010137,0.0016291,-0.0093175
0.0617,0.001068,0.0004118,-0.0026971,0.00024889,0.00019459,0.0078694,0.0048647,-0.0037333,0.0015612,-0.00031677,0.0058195,0.0022853,0.0031994,-0.005643,0.0023984,-0.0036293,0.0016291,-0.0046746
0.0618,0.001068,-0.0073264,-0.0011494,-0.004394,-0.0013531,0.0047742,0.00022174,0.0071001,0.0046565,0.0027785,0.0011766,-0.0023577,-0.0045388,-0.0087383,-0.0099827,-0.0036293,0.0047244,-0.003127
0.0619,-0.003575,-0.0026835,0.0065888,-0.0059417,-0.0044483,0.0016789,0.0064123,-0.00063806,-0.0015341,-0.00031677,0.0058195,0.00073762,-0.0014436,-0.0071907,-0.01153,-0.0051769,0.0093673,-0.0046746
0.062,-0.003575,0.0035071,-0.0026971,0.0033442,0.0017422,0.0032265,0.003317,0.00090958,-0.006177,0.0012309,0.0027242,-0.0039053,0.00010408,-0.0040954,-0.00069689,-0.011367,0.0031767,0.0061589
0.0621,0.001068,0.0035071,-0.0042447,0.0048918,0.00019459,-0.0014164,0.0017694,-0.0037333,-0.0015341,0.0074214,0.0011766,-0.005453,0.010938,-0.0025477,0.010137,-0.0051769,0.0047244,0.0061589
0.0622,0.0026156,-0.0042311,0.00039822,-0.004394,0.0032899,-0.0014164,0.003317,-0.00063806,0.0062041,0.0089691,-0.0081093,0.00073762,0.00010408,-0.0040954,0.011684,-0.00053398,0.0031767,0.0030636
0.0623,-0.00047968,-0.0042311,0.00039822,-0.0074893,0.0048375,0.0032265,-0.0013259,0.0024572,1.3576e-05,0.013612,-0.0065616,-0.005453,0.0078423,0.0020952,0.00085075,0.0025613,-0.0014662,-0.0062222
0.0624,0.0041632,0.0004118,-0.0088876,-0.0012988,0.0017422,0.0047742,-0.0013259,0.0055525,0.0031089,0.0027785,0.0011766,-0.010096,-0.0045388,0.0020952,-0.0022445,0.0041089,0.0031767,-0.0015793
0.0625,-0.0020273,-0.0011358,-0.0011494,0.0033442,0.0017422,-0.0014164,-0.0044212,0.0055525,0.0077518,0.0027785,0.0042719,-0.011644,-0.0045388,0.00054756,-0.0068875,-0.0051769,0.0093673,0.0046113
0.0626,0.0041632,0.0004118,-0.0026971,0.0033442,0.00019459,-0.0029641,-0.0028735,0.0040049,0.0092994,0.0012309,0.0042719,-0.010096,-0.0029912,0.00054756,-0.00069689,-0.0067246,0.0016291,0.0061589
0.0627,-0.003575,-0.0011358,0.00039822,-0.0012988,0.00019459,-0.0029641,0.00022174,-0.0021857,0.0062041,-0.0018644,0.0042719,-0.005453,0.0016517,0.0036428,-0.0037922,-0.00053398,-0.0030138,-3.1677e-05
0.0628,-0.003575,-0.0026835,0.0034935,0.0033442,0.00019459,-0.0029641,-0.0013259,0.010195,0.0046565,-0.0065073,0.0058195,-0.0023577,0.0031994,-0.0010001,0.0070413,-0.0067246,8.1455e-05,-0.003127
0.0629,0.0026156,-0.0026835,-0.0011494,0.0095347,-0.0029007,-0.0045117,0.0017694,0.0086478,-0.0015341,-0.0034121,0.0058195,-0.0070006,0.004747,-0.0010001,-0.0037922,-0.0036293,-0.0045615,-0.0015793
0.063,0.0057109,-0.0011358,0.0019459,0.0079871,0.0017422,0.0016789,0.0017694,0.00090958,0.0015612,0.0027785,-0.00037107,-0.0023577,-0.0029912,-0.0010001,0.0023984,0.0010137,-0.0045615,-3.1677e-05
0.0631,0.001068,-0.0011358,-0.0026971,0.011082,0.0094804,-0.0029641,-0.0044212,-0.0037333,0.0015612,0.0058738,-0.0019187,-0.0070006,-0.0014436,-0.0025477,0.003946,0.0041089,0.0016291,0.001516
0.0632,0.001068,-0.0026835,-0.0011494,0.0064395,-0.0013531,-0.0045117,0.0064123,-0.00063806,0.0077518,0.0089691,-0.0019187,-0.010096,-0.0045388,-0.0025477,0.00085075,-0.00053398,-0.0014662,-0.0046746
0.0633,0.0026156,-0.0042311,0.0019459,0.0017965,-0.0090913,0.00013123,-0.0013259,-0.00063806,0.0046565,0.0074214,-0.00037107,-0.0070006,-0.0029912,-0.0010001,-0.0037922,-0.0051769,-0.0014662,-0.0015793
0.0634,0.001068,-0.0026835,0.0050412,0.00024889,0.0032899,-0.0014164,-0.0044212,-0.0037333,-0.0015341,0.0012309,-0.0065616,-0.0070006,0.0016517,0.0036428,0.00085075,-0.00053398,0.0031767,0.001516
0.0635,-0.003575,0.0050547,-0.0042447,0.0017965,-0.0013531,0.0047742,0.0048647,0.0055525,-0.0030817,0.0012309,-0.00037107,-0.0070006,-0.0014436,-0.0040954,0.00085075,0.0087519,-0.0030138,0.001516
0.0636,-0.0020273,0.0050547,-0.0026971,-0.0059417,-0.0044483,-0.0014164,0.003317,0.0024572,-0.006177,0.0027785,0.0011766,0.00073762,0.00010408,0.0020952,0.003946,0.0025613,0.0093673,-0.0015793
0.0637,-0.0082179,-0.0011358,0.0050412,0.00024889,-0.0044483,0.0032265,-0.0059688,0.010195,-0.0015341,0.019803,0.0027242,-0.0023577,0.00010408,0.0036428,-0.0053398,-0.0036293,0.0031767,-0.0077699
0.0638,-0.0020273,-0.0088741,-0.0026971,-0.0012988,0.00019459,0.017155,-0.0059688,0.0071001,-0.0030817,0.010517,-0.005014,-0.0039053,-0.0060865,-0.0025477,-0.0053398,-0.0082722,0.0031767,0.0046113
0.0639,0.001068,-0.0011358,0.0034935,0.00024889,0.0017422,0.0047742,-0.0059688,0.0024572,-0.0046294,-0.0034121,-0.0065616,0.00073762,0.004747,-0.0087383,-0.0022445,-0.0051769,0.0031767,0.001516
0.064,-0.003575,0.00815,0.0050412,0.0033442,-0.0044483,0.00013123,0.0048647,-0.0021857,-0.0030817,0.0027785,-0.00037107,0.00073762,0.0016517,-0.0025477,-0.00069689,-0.0036293,0.0031767,-0.0062222
0.0641,0.0041632,-0.0026835,0.0034935,-0.004394,-0.0044483,0.0016789,0.0095076,0.0024572,0.0015612,-0.0034121,-0.0019187,-0.0070006,0.004747,-0.0040954,-0.0037922,-0.0082722,0.010915,-0.0015793
0.0642,-0.0020273,0.0050547,0.00039822,0.0017965,-0.005996,0.0016789,0.00022174,-0.00063806,1.3576e-05,0.0012309,0.0058195,-0.010096,0.004747,-0.0087383,-0.0022445,-0.0082722,0.0093673,0.0030636
0.0643,-0.0051226,0.00815,-0.0026971,0.0033442,0.0048375,0.0016789,0.0095076,-0.0068286,-0.0046294,0.0027785,0.0027242,0.0038329,0.004747,-0.0025477,-0.0037922,-0.00053398,0.0031767,-3.1677e-05
0.0644,0.0072585,0.0004118,0.0034935,0.00024889,0.0048375,0.00013123,0.0064123,-0.0068286,0.0015612,-0.0018644,0.0027242,-0.0039053,0.0016517,-0.0010001,-0.00069689,-0.0036293,-0.0061091,-0.0015793
0.0645,0.0026156,-0.0011358,0.00039822,-0.004394,0.0032899,-0.0045117,0.003317,-0.0068286,0.0015612,0.0043262,-0.00037107,-0.010096,-0.0060865,0.00054756,0.0023984,-0.0051769,0.0031767,-0.0062222
0.0646,-0.003575,-0.0026835,-0.0042447,0.0017965,0.0079328,0.00013123,0.0017694,0.0024572,1.3576e-05,0.0074214,0.0042719,-0.00081002,0.0016517,-0.0025477,-0.0037922,0.0010137,0.0016291,-3.1677e-05
0.0647,-0.003575,-0.0026835,-0.0011494,-0.0012988,-0.0075436,-0.0014164,-0.0013259,-0.00063806,-0.0077246,0.0012309,0.0089148,0.0069282,0.0078423,-0.0010001,0.0023984,-0.0067246,0.0031767,-0.0046746
0.0648,0.0026156,0.0035071,0.0019459,-0.0028464,-0.005996,0.00013123,-0.0075165,0.0086478,0.0092994,0.0012309,0.0058195,0.0022853,-0.0045388,-0.0025477,-0.0022445,-0.00053398,-0.0030138,-0.003127
0.0649,-0.003575,0.0035071,0.0050412,-0.004394,-0.0029007,0.0063218,-0.0028735,0.0040049,1.3576e-05,0.0074214,0.0027242,-0.0039053,0.0031994,-0.011834,-0.00069689,-0.00053398,0.0031767,-3.1677e-05
0.065,-0.0051226,0.0004118,0.0034935,0.0033442,0.0094804,0.0063218,0.00022174,0.0055525,-0.0077246,0.0074214,-0.0034664,-0.005453,0.0016517,-0.0071907,-0.0037922,0.0025613,-0.0030138,-0.0062222
0.0651,0.001068,0.0066024,0.0019459,-0.004394,0.0017422,0.0063218,0.0095076,0.016386,-0.006177,0.0043262,0.0027242,-0.005453,0.0016517,-0.0025477,-0.0068875,-0.0036293,-0.0076568,-0.0077699
0.0652,0.0026156,0.0050547,-0.0042447,0.0017965,0.00019459,0.0063218,0.0017694,0.0024572,-0.0046294,0.0058738,0.0042719,-0.0039053,0.00010408,0.0020952,-0.00069689,-0.0051769,0.0047244,-0.0046746
0.0653,-0.0051226,-0.0011358,0.00039822,-0.0012988,0.0017422,0.0063218,-0.0028735,-0.0021857,-0.0046294,-0.0018644,-0.0019187,0.0038329,0.00010408,-0.0040954,-0.0022445,0.0010137,0.0047244,-0.0077699
0.0654,0.001068,-0.0011358,0.0050412,-0.0028464,-0.0044483,0.00013123,-0.0075165,-0.00063806,0.0015612,0.0074214,-0.0081093,0.0053805,-0.0045388,-0.0010001,0.0023984,-0.0051769,8.1455e-05,-0.003127
0.0655,-0.003575,-0.0057788,0.0050412,0.00024889,-0.0044483,-0.0029641,-0.0013259,0.0024572,-0.0046294,0.0074214,-0.00037107,0.0022853,-0.0060865,0.012929,-0.0068875,0.0010137,-0.0030138,0.0061589
0.0656,-0.003575,0.0019594,0.0019459,0.0033442,-0.0044483,0.0032265,0.003317,0.0055525,-0.0030817,0.0043262,0.0011766,0.0084758,0.0062947,-0.0010001,-0.0053398,0.0025613,8.1455e-05,-0.0015793
0.0657,-0.003575,0.0035071,0.0050412,0.0048918,0.0032899,0.0032265,0.003317,-0.0021857,-0.0015341,-0.00031677,0.0011766,0.0022853,0.0062947,-0.005643,-0.0022445,-0.0020816,-0.0045615,-0.0046746
0.0658,-0.0020273,0.0019594,-0.0026971,-0.0028464,-0.010639,0.0032265,0.003317,0.0055525,0.0015612,-0.0034121,0.0011766,-0.005453,0.0031994,-0.0040954,0.0023984,-0.0051769,-0.0030138,-3.1677e-05
0.0659,0.001068,-0.0042311,0.0019459,0.00024889,-0.0090913,-0.0014164,-0.010612,0.0024572,0.0046565,-0.00031677,0.0058195,-0.005453,0.00010408,-0.0025477,-0.00069689,-0.0020816,-0.0076568,-0.0015793
0.066,-0.0020273,0.0004118,-0.0026971,0.0033442,0.0032899,0.0016789,-0.0059688,-0.00063806,0.0015612,0.0012309,0.018201,-0.0023577,-0.0060865,-0.005643,-0.0022445,-0.0098198,-0.0045615,0.0077065
0.0661,-0.0082179,0.0019594,0.00039822,0.0033442,0.0048375,-0.0060593,-0.0013259,-0.00063806,-0.0030817,0.0027785,0.0042719,-0.005453,-0.0029912,0.0020952,-0.0022445,-0.0082722,0.0016291,0.0030636
0.0662,-0.0020273,0.0035071,0.00039822,0.0033442,-0.0013531,-0.0014164,0.003317,-0.00063806,0.0015612,0.0012309,-0.0034664,-0.0070006,-0.0029912,-0.0040954,0.00085075,-0.0051769,-0.0045615,0.0046113
0.0663,-0.003575,0.0019594,0.00039822,-0.0012988,-0.0029007,0.010965,0.00796,-0.0068286,0.0015612,0.0012309,-0.0019187,-0.0039053,0.004747,-0.0071907,0.010137,-0.0051769,-0.0014662,-0.0015793
0.0664,-0.0020273,-0.0042311,0.00039822,0.00024889,0.00019459,-0.0045117,0.0017694,-0.0021857,0.010847,-0.00031677,0.0011766,-0.00081002,0.0078423,-0.0010001,0.0054937,-0.0098198,8.1455e-05,-0.003127
0.0665,-0.0020273,-0.0026835,-0.0026971,0.0048918,0.00019459,0.0063218,-0.0028735,0.00090958,1.3576e-05,0.0089691,0.0011766,0.00073762,0.0062947,-0.005643,-0.00069689,-0.011367,0.0016291,-0.0046746
0.0666,0.0026156,-0.0042311,-0.0042447,0.00024889,-0.0029007,0.0047742,0.0095076,0.0040049,-0.0046294,0.0074214,-0.00037107,-0.0023577,-0.0029912,-0.005643,-0.0022445,-0.0036293,0.0047244,-3.1677e-05
0.0667,0.010354,0.0004118,-0.0011494,0.0048918,0.00019459,-0.0014164,0.00796,-0.0037333,-0.0092723,-0.00031677,0.0027242,0.00073762,0.0062947,0.00054756,-0.00069689,0.0010137,0.0093673,0.0061589
0.0668,-0.0020273,-0.0073264,0.00039822,0.0079871,0.0017422,-0.007607,-0.0013259,-0.0021857,0.0092994,-0.0018644,0.0042719,-0.0039053,-0.0014436,-0.0025477,0.003946,0.0025613,0.0031767,0.0030636
0.0669,-0.003575,-0.0026835,0.0065888,0.0017965,-0.005996,0.0032265,0.00022174,-0.005281,0.0046565,-0.0049597,0.0011766,0.0038329,0.0031994,0.00054756,-0.00069689,0.0010137,-0.0014662,-0.003127
0.067,-0.00047968,0.0019594,0.00039822,0.0017965,0.0032899,0.0032265,0.0017694,0.00090958,-0.006177,-0.0018644,-0.0065616,-0.0039053,0.00010408,-0.0010001,-0.0053398,-0.0051769,-0.0014662,-0.0046746
0.0671,-0.0066702,0.0019594,-0.0042447,0.0048918,0.0017422,0.0047742,0.00022174,0.00090958,-0.0015341,-0.00031677,0.0027242,0.0069282,0.00010408,-0.0025477,-0.00069689,0.0041089,-0.0014662,-0.0015793
0.0672,0.001068,-0.0026835,-0.0042447,0.0079871,-0.0029007,-0.0014164,-0.0013259,0.0055525,0.0015612,0.0043262,-0.0034664,0.0053805,-0.0014436,0.00054756,0.00085075,-0.00053398,-0.0045615,0.0030636
0.0673,-0.00047968,-0.0057788,-0.0057923,0.00024889,-0.0075436,-0.0045117,0.0017694,0.0086478,0.0062041,-0.0018644,0.0011766,-0.0023577,0.004747,0.00054756,0.010137,-0.00053398,-0.0076568,-0.0015793
0.0674,-0.003575,-0.0042311,-0.0011494,0.0033442,0.00019459,-0.0029641,0.0048647,0.0086478,0.0046565,-0.0018644,-0.0019187,-0.0039053,0.004747,-0.0010001,0.0070413,0.0041089,8.1455e-05,-3.1677e-05
0.0675,-0.00047968,-0.0057788,0.00039822,0.0017965,0.0017422,0.0016789,-0.0059688,0.011743,-0.0030817,0.0012309,-0.00037107,0.010023,-0.0014436,-0.0010001,0.0054937,0.0087519,0.0016291,-3.1677e-05
0.0676,0.0072585,-0.0011358,-0.00734,0.0033442,-0.0044483,0.0016789,-0.0028735,0.0024572,-0.0015341,0.0058738,0.0027242,0.0022853,-0.0060865,0.00054756,0.0054937,0.0103,0.0047244,0.0077065
0.0677,0.001068,-0.0011358,-0.0057923,0.0033442,-0.0013531,0.0016789,-0.0013259,0.0024572,-0.0030817,0.0074214,-0.0034664,0.0069282,-0.0014436,0.00054756,-0.0053398,-0.0036293,8.1455e-05,-0.0015793
0.0678,-0.003575,-0.0026835,-0.010435,0.0033442,-0.005996,0.0032265,0.0064123,0.0024572,-0.0030817,0.0012309,-0.0065616,-0.00081002,-0.0014436,-0.010286,-0.00069689,-0.0051769,-0.0014662,-0.0015793
0.0679,-0.003575,0.0004118,-0.0026971,-0.0059417,-0.0044483,0.00013123,0.0048647,-0.005281,1.3576e-05,-0.00031677,0.0058195,-0.0023577,0.0062947,-0.0040954,0.0023984,-0.0036293,-0.0061091,0.001516
0.068,0.0041632,0.0050547,-0.0011494,0.0048918,0.0017422,-0.0029641,0.0017694,-0.0037333,0.0062041,-0.0065073,0.0027242,-0.005453,0.0031994,0.0020952,0.00085075,-0.0020816,-0.0061091,-0.0046746
0.0681,0.001068,-0.0026835,-0.0042447,0.0079871,0.0079328,0.0016789,0.00022174,-0.0021857,0.0031089,-0.0065073,-0.005014,-0.0070006,0.00010408,-0.0040954,-0.0053398,-0.0020816,0.0016291,-0.0015793
0.0682,-0.00047968,0.0004118,-0.0088876,0.0017965,0.0063852,0.0078694,0.0017694,0.0040049,-0.006177,-0.0065073,-0.0019187,-0.005453,0.00010408,0.0036428,-0.0022445,-0.0036293,0.0047244,0.0046113
0.0683,-0.0020273,-0.0073264,-0.0042447,0.00024889,-0.0044483,0.0016789,0.0095076,0.0055525,-0.0046294,-0.0034121,0.0042719,-0.0023577,0.00010408,0.0020952,0.00085075,-0.0020816,-0.0014662,0.012349
0.0684,-0.0051226,0.0035071,0.00039822,0.0017965,-0.0044483,-0.0014164,0.00022174,0.0055525,-0.006177,-0.0049597,0.0027242,0.00073762,-0.0029912,-0.0025477,0.0023984,-0.00053398,-0.0014662,0.001516
0.0685,-0.003575,0.0004118,-0.0011494,0.0017965,-0.0013531,0.00013123,0.003317,0.0086478,-0.006177,0.0027785,-0.0034664,-0.0085482,0.00010408,-0.0025477,-0.0068875,-0.011367,0.0047244,0.001516
0.0686,-0.003575,-0.010422,-0.0042447,-0.0059417,0.0032899,-0.0014164,0.0048647,0.0040049,1.3576e-05,0.0027785,-0.0019187,-0.0070006,0.0031994,-0.0010001,-0.0037922,-0.0098198,0.010915,-0.0046746
0.0687,0.001068,-0.0073264,-0.0011494,0.00024889,-0.0029007,-0.0014164,0.0064123,0.0040049,-0.0030817,-0.0034121,0.0027242,-0.0023577,0.00010408,-0.0010001,-0.0037922,-0.0036293,-0.0014662,-0.003127
0.0688,0.0026156,0.0035071,0.0019459,0.0017965,-0.005996,-0.0014164,0.00022174,0.0086478,-0.0015341,-0.0065073,-0.00037107,0.0022853,-0.0029912,-0.0040954,-0.0053398,-0.0067246,-0.0045615,-0.0046746
0.0689,0.0041632,-0.0011358,0.00039822,-0.0012988,-0.0090913,-0.0029641,0.0017694,0.0040049,-0.0030817,-0.01115,0.0011766,-0.00081002,-0.0060865,-0.0040954,0.003946,0.0025613,0.0016291,0.0061589
0.069,0.0041632,0.0050547,0.0034935,0.00024889,-0.0044483,-0.0029641,0.0017694,-0.0037333,0.0015612,-0.0018644,0.0027242,-0.00081002,-0.0014436,0.00054756,-0.00069689,0.0025613,8.1455e-05,-3.1677e-05
0.0691,-0.003575,-0.0073264,0.00039822,0.0017965,-0.0029007,-0.0045117,0.003317,0.0071001,0.0092994,-0.00031677,-0.0081093,0.00073762,0.0016517,-0.0010001,0.0054937,-0.0051769,-0.0030138,-0.0015793
0.0692,-0.0066702,-0.0026835,-0.0011494,0.0048918,0.0032899,-0.0029641,-0.0028735,0.0024572,0.010847,-0.0018644,-0.005014,-0.0023577,-0.0045388,-0.0010001,-0.00069689,-0.0020816,-0.0014662,0.001516
0.0693,-0.00047968,-0.0073264,0.00039822,-0.0012988,-0.0029007,-0.0029641,0.00022174,0.0024572,0.0046565,0.0027785,-0.005014,0.00073762,-0.0029912,0.00054756,-0.0037922,-0.0020816,-0.0014662,-3.1677e-05
0.0694,-0.0066702,-0.0011358,-0.0011494,0.0048918,0.0048375,-0.0029641,-0.0028735,0.0024572,-0.0030817,0.0027785,-0.0019187,-0.0023577,0.004747,0.0067381,-0.00069689,-0.0020816,-0.0061091,-0.003127
0.0695,-0.003575,0.0050547,-0.0057923,0.0017965,-0.0013531,0.00013123,-0.0013259,0.0086478,-0.0046294,-0.0049597,-0.00037107,-0.010096,0.004747,-0.005643,0.003946,0.0010137,8.1455e-05,-0.003127
0.0696,-0.0051226,-0.0011358,-0.0011494,0.0017965,0.0017422,-0.0029641,-0.0059688,0.0040049,1.3576e-05,0.0012309,-0.0019187,-0.011644,0.0016517,-0.0025477,0.00085075,0.0103,8.1455e-05,0.001516
0.0697,-0.00047968,-0.0042311,-0.00734,-0.0028464,0.00019459,0.00013123,-0.0059688,0.0055525,-0.006177,-0.0018644,-0.0081093,0.00073762,0.0016517,-0.0010001,-0.0053398,-0.00053398,-0.0014662,-0.003127
0.0698,0.0026156,-0.0042311,-0.0057923,-0.0059417,-0.0013531,0.0016789,-0.0013259,0.00090958,0.0062041,-0.0018644,-0.0034664,-0.00081002,0.0016517,-0.0025477,-0.0068875,-0.00053398,8.1455e-05,-0.0015793
0.0699,0.0026156,0.0004118,-0.0026971,0.0017965,0.0017422,0.0016789,0.0017694,-0.00063806,-0.0030817,0.0012309,0.0042719,0.011571,-0.0045388,0.0036428,-0.0022445,-0.00053398,-0.0014662,0.0061589
0.07,-0.0020273,0.0004118,-0.0026971,-0.0012988,0.0017422,-0.0029641,0.00022174,0.0040049,-0.006177,-0.00031677,-0.0065616,0.00073762,-0.0029912,0.00054756,-0.0068875,-0.0082722,0.0047244,-0.003127
0.0701,-0.0020273,-0.0042311,-0.0011494,-0.0012988,0.0017422,-0.0045117,0.003317,0.0086478,0.0015612,-0.00031677,0.0027242,-0.0039053,-0.0060865,-0.005643,-0.0068875,-0.0067246,0.0031767,-0.0046746
0.0702,-0.0097655,-0.0042311,0.0034935,0.00024889,0.0017422,-0.0014164,-0.0013259,0.011743,1.3576e-05,0.0012309,0.0011766,-0.0070006,0.00010408,-0.0010001,-0.0037922,-0.0051769,-0.0030138,-0.003127
0.0703,-0.0020273,0.0004118,-0.0011494,-0.004394,0.00019459,-0.0045117,-0.0013259,-0.00063806,0.0046565,-0.00031677,-0.005014,-0.005453,0.0062947,0.00054756,-0.00069689,-0.0051769,0.0031767,-0.010865
0.0704,0.0057109,-0.0042311,0.0034935,0.0033442,-0.0044483,-0.0014164,-0.0028735,-0.0037333,0.0031089,-0.0049597,0.0011766,-0.0023577,0.0031994,-0.0010001,0.00085075,0.0041089,0.0047244,-0.0093175
0.0705,0.0041632,-0.0073264,-0.0026971,0.0017965,-0.0013531,0.0032265,0.00022174,0.00090958,1.3576e-05,-0.0018644,-0.00037107,0.00073762,0.0078423,0.00054756,-0.0022445,-0.0082722,0.006272,0.001516
0.0706,-0.0020273,-0.0057788,-0.0057923,0.0048918,-0.0029007,0.0032265,0.0064123,0.00090958,0.0031089,-0.0018644,-0.0019187,-0.0023577,0.004747,0.00054756,-0.0037922,-0.0036293,8.1455e-05,0.001516
0.0707,-0.00047968,-0.0088741,0.0065888,0.0017965,0.0032899,-0.0060593,-0.0090641,0.0086478,0.0046565,0.0012309,-0.0019187,0.0038329,0.004747,0.0020952,0.0023984,0.0087519,-0.0030138,-0.0015793
0.0708,-0.0020273,-0.0042311,0.00039822,-0.0012988,0.00019459,-0.0014164,-0.0013259,0.010195,0.0031089,-0.0018644,-0.005014,0.0038329,-0.0029912,-0.0040954,-0.0022445,-0.0067246,0.0016291,0.001516
0.0709,-0.00047968,-0.0073264,-0.0011494,0.00024889,0.0017422,-0.0045117,0.0017694,0.0040049,0.0077518,-0.0065073,0.0027242,-0.0023577,-0.0045388,-0.0010001,0.00085075,-0.0067246,0.0016291,-0.0015793
0.071,-0.0020273,-0.0011358,0.00039822,-0.004394,-0.0013531,-0.0014164,-0.0044212,0.0071001,1.3576e-05,0.0027785,0.0042719,0.0038329,-0.0029912,-0.0025477,0.00085075,-0.0067246,0.0031767,0.001516
0.0711,-0.019051,0.0050547,0.0019459,0.0017965,-0.005996,0.0016789,-0.010612,0.0024572,-0.0046294,0.0043262,0.0027242,0.0038329,0.0016517,-0.0087383,0.0054937,-0.0051769,-0.0014662,-3.1677e-05
0.0712,-0.00047968,0.0066024,0.0081364,-0.0074893,-0.0044483,-0.0029641,0.00022174,0.00090958,-0.0030817,0.0058738,0.013558,0.0022853,-0.0045388,-0.0071907,-0.0053398,-0.0036293,-0.0014662,-0.0015793
0.0713,0.0026156,0.0096977,0.0034935,-0.009037,0.0017422,-0.0060593,0.00022174,0.00090958,-0.0015341,0.0074214,0.0042719,0.0022853,0.0016517,-0.0010001,0.003946,-0.0051769,-0.0030138,-0.003127
0.0714,0.001068,0.0035071,0.0034935,-0.004394,-0.0013531,-0.0014164,-0.0013259,0.0024572,-0.0015341,-0.0034121,0.0011766,0.0038329,0.0016517,-0.0025477,0.00085075,-0.0082722,-0.0030138,-0.003127
0.0715,-0.0020273,-0.0026835,-0.0011494,-0.0028464,0.0032899,0.0016789,0.003317,0.0024572,0.0077518,0.0012309,0.0027242,0.00073762,0.00010408,-0.0071907,0.0054937,-0.0098198,0.0016291,-0.0046746
0.0716,0.0026156,0.0035071,-0.0026971,0.0017965,0.0032899,-0.0060593,-0.0044212,0.00090958,0.0015612,0.0027785,-0.005014,0.00073762,-0.0060865,0.0020952,-0.0084351,-0.0036293,0.0031767,0.001516
0.0717,-0.003575,-0.0042311,-0.0011494,0.0079871,0.0032899,0.00013123,-0.0059688,0.0024572,1.3576e-05,0.0027785,-0.0019187,0.0053805,-0.0091818,-0.0025477,-0.0037922,-0.0082722,-0.0030138,0.0046113
0.0718,-0.0051226,-0.0011358,0.0019459,0.0017965,0.00019459,-0.0014164,0.0017694,0.0055525,-0.0015341,0.0012309,0.0027242,-0.0023577,0.004747,0.0051905,0.0023984,-0.00053398,0.0031767,0.0046113
0.0719,-0.00047968,-0.0088741,0.00039822,0.00024889,0.00019459,-0.0091546,0.003317,0.0040049,-0.0015341,-0.00031677,0.0027242,-0.0023577,0.0016517,-0.0025477,0.003946,0.0010137,-0.0030138,-3.1677e-05
0.072,-0.0020273,0.0004118,-0.00734,-0.010585,-0.0029007,-0.0014164,0.0048647,0.0055525,-0.0046294,-0.008055,0.0027242,-0.0039053,-0.0014436,0.00054756,-0.0022445,-0.0036293,-0.0045615,0.0030636
0.0721,0.0041632,0.0019594,0.00039822,-0.0028464,0.0048375,-0.0014164,-0.0013259,0.00090958,0.0031089,0.0012309,-0.00037107,-0.0070006,0.0016517,-0.0087383,-0.0037922,-0.00053398,0.0016291,-0.003127
0.0722,-0.0020273,-0.0057788,0.00039822,-0.0059417,-0.0029007,0.0047742,0.00022174,0.0086478,0.0062041,0.0012309,-0.0019187,-0.00081002,0.0016517,0.0036428,0.0054937,0.0087519,0.006272,-0.0015793
0.0723,0.001068,-0.010422,-0.0042447,-0.004394,0.00019459,0.00013123,0.0017694,0.010195,0.0015612,0.0012309,-0.0019187,0.0022853,0.00010408,0.0036428,0.00085075,-0.0036293,-0.0014662,-0.0062222
0.0724,-0.0051226,-0.0088741,0.0050412,-0.004394,0.0032899,0.00013123,0.00022174,0.0040049,-0.0015341,0.0043262,-0.0019187,-0.00081002,0.004747,0.0051905,-0.0037922,0.0025613,-0.0061091,-0.003127
0.0725,-0.0066702,-0.0042311,0.0050412,-0.004394,-0.0075436,-0.0045117,0.00022174,-0.0037333,1.3576e-05,0.0027785,-0.005014,0.0038329,-0.0014436,0.0051905,-0.0037922,-0.0020816,-0.0076568,-0.0062222
0.0726,-0.00047968,-0.0042311,-0.0011494,-0.0059417,-0.0013531,-0.0014164,0.00022174,-0.0068286,0.0015612,0.0012309,-0.00037107,0.0084758,0.0016517,0.0098334,-0.00069689,-0.0067246,-0.0061091,0.001516
0.0727,-0.00047968,-0.0011358,0.0019459,-0.009037,-0.0044483,0.0047742,-0.0013259,-0.0037333,-0.0030817,-0.0018644,-0.0019187,0.0022853,0.0031994,-0.0025477,0.003946,-0.0020816,0.0031767,0.0077065
0.0728,-0.003575,0.0050547,0.0019459,-0.0059417,-0.005996,-0.0060593,-0.0044212,0.0071001,-0.0015341,-0.00031677,-0.0081093,0.00073762,0.004747,-0.0040954,0.00085075,0.0010137,0.006272,0.0030636
0.0729,-0.0051226,-0.0026835,0.0019459,0.0033442,-0.0044483,-0.007607,-0.0013259,0.00090958,0.0015612,-0.0018644,-0.0065616,0.00073762,0.00010408,-0.0071907,0.0054937,-0.0098198,-0.0030138,-0.0015793
0.073,-0.0097655,-0.0057788,-0.0011494,0.0033442,-0.0044483,-0.0045117,0.0064123,-0.00063806,0.0031089,-0.008055,0.0058195,0.0038329,0.0016517,0.00054756,0.01478,-0.0036293,0.0031767,0.001516
0.0731,-0.0020273,-0.0073264,-0.0042447,0.0048918,-0.0013531,0.0016789,0.0017694,0.0055525,0.0031089,-0.008055,-0.00037107,-0.0039053,-0.0045388,0.0036428,0.003946,-0.0020816,0.010915,0.0046113
0.0732,0.0041632,0.0035071,-0.0011494,0.0048918,-0.0013531,-0.0060593,-0.0013259,0.00090958,1.3576e-05,-0.0034121,-0.0019187,0.0022853,-0.0045388,-0.0040954,0.0054937,0.0010137,-0.0014662,-0.0062222
0.0733,0.010354,0.011245,-0.0011494,0.0017965,-0.0044483,-0.0029641,-0.0028735,0.0086478,-0.0015341,-0.0049597,-0.00037107,0.00073762,-0.0014436,0.0020952,-0.00069689,-0.0051769,-0.0045615,-0.0077699
0.0734,0.0026156,0.0004118,0.0034935,0.0048918,0.0048375,0.0047742,0.00022174,0.0071001,-0.0015341,-0.008055,0.0027242,-0.0023577,-0.0045388,0.0020952,0.010137,-0.011367,0.0016291,-3.1677e-05
0.0735,-0.0097655,-0.0073264,0.0034935,-0.0074893,0.0094804,0.00013123,0.003317,0.00090958,1.3576e-05,0.0012309,0.0011766,-0.005453,-0.0014436,-0.0025477,0.003946,-0.0082722,-0.0014662,-0.0015793
0.0736,-0.011313,-0.0042311,0.0081364,-0.0012988,0.0048375,0.0032265,0.0048647,-0.00063806,-0.0030817,-0.0018644,0.0011766,-0.00081002,0.00010408,-0.005643,-0.0022445,-0.0036293,-0.0030138,-0.0015793
0.0737,0.0026156,0.0035071,0.0019459,-0.0059417,0.0094804,0.0063218,0.003317,-0.0021857,1.3576e-05,0.0027785,-0.00037107,0.0038329,0.0031994,-0.005643,-0.00069689,-0.0098198,8.1455e-05,0.001516
0.0738,0.0072585,0.0050547,0.0019459,0.00024889,0.0063852,-0.0014164,0.0017694,0.0040049,-0.0015341,-0.0018644,-0.0019187,-0.0039053,-0.0029912,-0.005643,-0.00069689,-0.0067246,-0.0030138,-0.0015793
0.0739,0.0041632,0.0035071,0.00039822,0.0017965,0.0048375,0.0016789,-0.0059688,0.00090958,0.0015612,-0.00031677,0.0058195,0.00073762,-0.0045388,-0.005643,0.00085075,-0.00053398,0.0016291,0.0046113
0.074,-0.003575,0.0019594,0.0096841,0.0017965,-0.0044483,-0.0045117,0.00022174,-0.0021857,0.0062041,0.0058738,0.0073671,-0.0039053,-0.0045388,-0.0025477,0.00085075,0.0041089,-0.0014662,0.001516
0.0741,-0.00047968,-0.0057788,0.0050412,0.0048918,-0.0044483,0.00013123,-0.0090641,0.0040049,0.0092994,0.0027785,0.0042719,0.00073762,0.00010408,0.0020952,0.0054937,0.0041089,-0.0030138,-0.0015793
0.0742,-0.003575,-0.0073264,0.00039822,0.00024889,0.0032899,-0.0014164,-0.015255,0.010195,0.0031089,0.0089691,-0.00037107,-0.00081002,-0.0014436,0.0051905,-0.00069689,-0.00053398,8.1455e-05,-0.0046746
0.0743,0.001068,0.0035071,-0.0011494,0.0064395,0.0063852,0.0016789,-0.0044212,0.0055525,-0.0015341,0.0074214,-0.0034664,-0.005453,-0.0014436,0.0036428,-0.0037922,-0.0020816,0.0016291,-3.1677e-05
0.0744,0.0041632,-0.0011358,-0.0011494,-0.0012988,-0.005996,-0.0045117,-0.0013259,0.0024572,-0.0015341,-0.0018644,-0.0034664,-0.0039053,0.010938,0.0020952,0.003946,-0.0020816,0.0016291,0.0061589
0.0745,-0.003575,0.0050547,-0.010435,-0.0012988,0.00019459,0.0078694,-0.0028735,-0.0021857,0.0092994,-0.0096026,-0.0019187,-0.0039053,0.00010408,0.0051905,0.00085075,-0.0082722,0.0016291,-0.003127
0.0746,-0.0082179,0.0019594,-0.0042447,0.0064395,0.00019459,0.0032265,0.003317,0.00090958,0.0062041,-0.0034121,0.0042719,-0.00081002,0.0062947,0.0020952,0.0023984,-0.00053398,0.0016291,-0.010865
0.0747,-0.0082179,0.0004118,0.0019459,0.0095347,-0.0044483,-0.007607,0.00022174,-0.0021857,0.0015612,0.0043262,-0.005014,-0.0039053,0.0016517,0.0020952,0.0054937,0.0025613,-0.0014662,-0.0015793
0.0748,-0.00047968,-0.0026835,-0.0026971,-0.0012988,-0.0029007,-0.0014164,-0.0013259,-0.00063806,-0.0030817,0.0012309,-0.0034664,-0.0023577,-0.0045388,0.0020952,0.003946,-0.0051769,0.0016291,-3.1677e-05
0.0749,-0.00047968,-0.0011358,-0.0057923,-0.0012988,-0.0013531,-0.0014164,-0.0028735,-0.0068286,-0.0030817,-0.00031677,-0.00037107,-0.0023577,-0.0029912,0.0051905,-0.00069689,-0.0036293,0.010915,-0.0093175
0.075,0.0026156,-0.0042311,0.0034935,0.00024889,0.0048375,0.0032265,-0.016802,0.0055525,-0.0046294,-0.0018644,-0.0065616,-0.00081002,0.0016517,0.011381,0.00085075,-0.0020816,0.0047244,-0.0015793
0.0751,0.0057109,0.0004118,0.0050412,-0.0028464,-0.0029007,0.0016789,-0.0059688,-0.0068286,1.3576e-05,-0.00031677,0.0073671,0.00073762,0.0062947,0.0020952,0.0023984,-0.0020816,0.0031767,-0.0093175
0.0752,0.0041632,-0.0026835,-0.011983,-0.0012988,0.0048375,0.0047742,-0.0028735,0.00090958,0.0031089,-0.0034121,0.0011766,0.00073762,-0.0091818,-0.0025477,-0.0053398,0.0010137,0.0047244,-0.003127
0.0753,0.001068,0.0004118,-0.0026971,0.0033442,0.00019459,0.0032265,-0.0044212,-0.00063806,0.0015612,-0.00031677,0.0011766,0.0038329,-0.0045388,0.00054756,-0.0068875,-0.0067246,0.0016291,-3.1677e-05
0.0754,-0.003575,-0.0057788,-0.0088876,0.0064395,0.0017422,0.00013123,0.00022174,0.00090958,0.0046565,-0.0034121,0.0011766,-0.00081002,0.0031994,-0.0025477,-0.0037922,0.0010137,0.0031767,0.0046113
0.0755,0.001068,-0.0011358,0.0034935,0.0017965,0.0017422,-0.0045117,0.0048647,-0.0037333,0.0092994,-0.0049597,-0.0065616,-0.0039053,0.0062947,-0.0040954,0.010137,-0.0051769,0.0047244,0.0030636
0.0756,-0.00047968,0.0019594,0.0050412,0.0048918,0.0063852,0.0047742,-0.0028735,0.0055525,0.0046565,0.0043262,0.0011766,0.0038329,-0.0014436,-0.0025477,0.0023984,-0.0020816,8.1455e-05,-0.0015793
0.0757,0.0026156,-0.0026835,-0.0057923,0.0033442,0.00019459,0.0032265,0.0064123,-0.00063806,-0.0015341,0.0058738,-0.00037107,-0.0039053,0.004747,-0.0010001,0.00085075,-0.00053398,0.006272,-0.0015793
0.0758,-0.003575,0.0004118,-0.0026971,0.0064395,0.0017422,-0.0029641,0.00022174,0.0024572,0.0031089,0.0058738,-0.0019187,-0.005453,0.0093899,-0.0040954,-0.00069689,-0.0036293,0.01401,-3.1677e-05
0.0759,-0.012861,-0.0073264,0.0019459,-0.004394,0.0017422,-0.0029641,-0.0028735,0.00090958,1.3576e-05,-0.0018644,-0.0019187,-0.0070006,0.004747,0.0067381,-0.0053398,-0.0051769,0.0016291,-0.0015793
0.076,-0.0066702,-0.0026835,-0.0042447,0.0033442,0.0017422,-0.01225,0.003317,-0.00063806,0.0015612,-0.00031677,-0.0034664,-0.0023577,-0.0014436,0.0036428,-0.0022445,0.0087519,8.1455e-05,-3.1677e-05
0.0761,-0.0020273,0.0004118,-0.010435,0.0048918,-0.0013531,-0.0060593,0.003317,0.0024572,0.0062041,0.0043262,-0.0019187,-0.0070006,-0.0014436,-0.0010001,-0.00069689,-0.00053398,0.0031767,-3.1677e-05
0.0762,0.0026156,-0.0042311,-0.0011494,0.0095347,-0.0013531,0.0016789,-0.0059688,-0.00063806,0.0077518,0.0012309,-0.0019187,-0.0085482,0.0016517,0.00054756,-0.00069689,0.0010137,-0.0030138,0.0077065
0.0763,-0.0051226,0.0004118,0.0065888,0.0079871,0.00019459,0.0016789,0.003317,0.0071001,0.0062041,-0.00031677,0.0027242,0.00073762,0.0031994,-0.0040954,0.0054937,-0.0036293,8.1455e-05,0.012349
0.0764,0.001068,0.0035071,-0.00734,-0.0059417,0.0017422,-0.0029641,-0.0013259,0.011743,-0.0030817,-0.00031677,-0.0019187,-0.0023577,0.0031994,0.0067381,0.00085075,-0.0036293,0.0031767,-0.0046746
0.0765,-0.00047968,0.0019594,-0.0042447,0.0017965,-0.0029007,0.0016789,0.0017694,0.0040049,0.0046565,0.0043262,0.0042719,0.0022853,0.00010408,0.0020952,-0.0022445,-0.0020816,0.0093673,-0.003127
0.0766,-0.0051226,-0.0011358,-0.0011494,0.00024889,-0.0044483,0.00013123,-0.0013259,0.0040049,0.010847,0.0043262,-0.00037107,-0.00081002,0.00010408,0.00054756,0.00085075,-0.0067246,-0.0045615,-3.1677e-05
0.0767,-0.0020273,-0.0011358,-0.0011494,0.0048918,-0.0029007,-0.0045117,0.00796,0.0024572,0.0015612,0.0012309,0.0011766,0.00073762,0.004747,0.0036428,0.00085075,-0.0051769,0.0031767,-0.0046746
0.0768,0.0026156,0.0004118,0.0019459,0.0033442,0.0032899,0.0016789,0.00022174,0.0071001,-0.0030817,0.0012309,-0.0065616,0.0069282,0.00010408,0.00054756,0.00085075,0.0010137,0.0047244,-0.0062222
0.0769,0.0057109,0.0019594,-0.0026971,-0.0012988,0.0017422,0.00013123,0.00796,0.011743,0.0062041,-0.0034121,-0.0096569,0.0084758,-0.0029912,-0.0025477,-0.00069689,-0.0082722,0.0016291,0.001516
0.077,-0.0020273,0.0035071,-0.0042447,-0.0012988,-0.0044483,0.0094171,-0.0013259,0.0086478,0.0092994,-0.0034121,0.0011766,0.00073762,0.0016517,0.00054756,0.00085075,-0.0082722,0.010915,0.0046113
0.0771,-0.0051226,0.0050547,-0.0026971,-0.0074893,-0.0075436,0.0078694,-0.0013259,0.0040049,0.0092994,-0.0096026,0.0042719,0.0022853,0.0031994,0.011381,0.0054937,-0.0067246,0.010915,0.0077065
0.0772,-0.00047968,-0.0042311,0.00039822,0.0017965,-0.0029007,0.0016789,0.003317,-0.0021857,0.0062041,-0.0034121,0.0058195,0.00073762,0.014033,0.0020952,-0.0084351,-0.0020816,-0.0045615,-3.1677e-05
0.0773,0.0072585,0.0066024,0.00039822,0.0048918,-0.010639,0.00013123,0.003317,-0.005281,-0.0015341,-0.0018644,0.0011766,-0.0023577,0.0031994,-0.0071907,-0.0053398,-0.0020816,-0.0030138,0.001516
0.0774,0.011901,-0.0011358,0.0019459,0.0033442,-0.0044483,0.0016789,0.00022174,0.0024572,1.3576e-05,0.0027785,0.0027242,0.00073762,-0.0014436,-0.0025477,0.00085075,-0.0020816,0.0031767,-3.1677e-05
0.0775,0.0057109,0.0035071,-0.00734,0.0033442,0.0017422,-0.007607,0.00022174,0.0055525,0.0031089,0.0058738,-0.00037107,0.0022853,-0.0014436,0.0036428,-0.00069689,-0.00053398,8.1455e-05,0.0061589
0.0776,-0.003575,0.0004118,-0.010435,-0.0028464,0.0032899,-0.0014164,-0.0028735,0.0024572,0.0077518,0.0012309,-0.005014,-0.0039053,-0.0014436,0.014476,-0.0068875,0.0087519,-0.0014662,0.0092542
0.0777,-0.0020273,0.0066024,-0.0042447,0.0017965,0.0032899,0.00013123,-0.0059688,0.010195,-0.0015341,0.0043262,0.0011766,-0.005453,-0.0076341,-0.0040954,-0.0084351,-0.0067246,-0.0061091,-0.0015793
0.0778,0.0041632,0.0004118,-0.0011494,-0.0028464,0.00019459,0.0047742,-0.0013259,0.0071001,0.0046565,0.0027785,0.0027242,0.00073762,0.00010408,0.00054756,-0.00069689,-0.0036293,0.0031767,-0.0062222
0.0779,0.0072585,0.0035071,-0.0026971,-0.0012988,0.0048375,0.0032265,-0.0013259,-0.0037333,0.0031089,0.0043262,0.0042719,0.00073762,0.00010408,0.011381,0.003946,0.0087519,-0.0030138,-0.0015793
0.078,0.0026156,0.0004118,-0.0057923,-0.0074893,0.0032899,0.0016789,0.0017694,-0.0083763,0.0046565,0.0027785,0.0073671,-0.00081002,0.00010408,0.00054756,0.0023984,0.0041089,-0.0045615,-0.0062222
0.0781,-0.003575,0.0035071,-0.0057923,-0.0012988,0.00019459,0.00013123,0.0017694,-0.0037333,0.0015612,0.0074214,0.0058195,-0.0039053,-0.0091818,-0.0010001,0.003946,0.0010137,-0.0014662,0.0046113
0.0782,-0.0051226,0.0019594,-0.0011494,0.0017965,0.0063852,0.0016789,-0.0028735,-0.00063806,-0.0030817,-0.00031677,-0.0019187,0.0022853,-0.0029912,0.0036428,-0.00069689,-0.0051769,0.0093673,0.0061589
0.0783,0.001068,-0.0057788,-0.0011494,0.0017965,0.00019459,0.0032265,-0.0059688,0.00090958,-0.0030817,0.0012309,-0.0096569,0.0038329,0.00010408,0.00054756,-0.0053398,0.0010137,0.0047244,-0.003127
0.0784,0.0026156,-0.0057788,-0.0011494,-0.0028464,0.0017422,-0.0014164,-0.0090641,0.00090958,0.0062041,0.0027785,-0.005014,-0.00081002,0.0016517,-0.0040954,-0.0022445,0.0025613,-0.0045615,-0.0077699
0.0785,0.0026156,0.0019594,-0.0057923,0.0079871,-0.0013531,-0.0029641,-0.0013259,-0.00063806,-0.0015341,-0.0018644,-0.00037107,-0.0039053,0.004747,-0.0010001,0.0023984,0.0087519,8.1455e-05,-3.1677e-05
0.0786,-0.003575,-0.0011358,-0.0057923,0.0033442,0.0017422,-0.0029641,-0.0013259,-0.0037333,1.3576e-05,-0.0018644,0.0011766,-0.005453,-0.0014436,0.00054756,0.0023984,0.0025613,-0.0092044,0.0030636
0.0787,-0.00047968,-0.0042311,-0.0026971,-0.0012988,0.00019459,0.0016789,0.003317,0.00090958,0.0046565,-0.0065073,-0.00037107,-0.0039053,-0.0029912,-0.0010001,-0.00069689,-0.0020816,-0.0030138,-0.003127
0.0788,-0.00047968,0.0004118,0.0034935,0.0017965,0.00019459,0.00013123,0.0048647,0.011743,0.0046565,-0.0018644,-0.0081093,-0.00081002,-0.0029912,-0.0025477,-0.00069689,0.0010137,-0.0030138,0.0046113
0.0789,-0.0020273,0.0035071,0.00039822,0.0017965,0.0032899,0.0047742,-0.0028735,0.0086478,0.0077518,0.0027785,-0.0019187,-0.0070006,0.0031994,0.0036428,0.003946,0.0010137,-0.0061091,0.001516
0.079,-0.0020273,0.0019594,-0.0011494,0.00024889,0.0017422,0.00013123,-0.0059688,0.0055525,0.0062041,-0.00031677,-0.0019187,-0.0039053,0.0016517,0.0036428,-0.0022445,-0.0067246,-0.0014662,0.0046113
0.0791,0.001068,-0.0026835,-0.0026971,0.0033442,0.0017422,0.00013123,-0.0028735,0.0055525,0.0046565,0.0012309,0.0011766,0.0038329,-0.0014436,0.00054756,0.00085075,-0.0082722,0.006272,0.0046113
0.0792,0.0026156,-0.0026835,-0.0057923,-0.0012988,-0.0029007,-0.0045117,-0.0059688,0.0024572,-0.006177,-0.0049597,0.0042719,0.0084758,0.0031994,0.0020952,-0.00069689,-0.0098198,-0.0045615,-0.0015793
0.0793,0.0057109,-0.0073264,0.0034935,-0.0028464,0.0094804,-0.0014164,-0.0059688,-0.0037333,1.3576e-05,-0.0034121,-0.0019187,-0.0023577,0.0062947,0.00054756,-0.0022445,-0.0020816,-0.0014662,0.0061589
0.0794,-0.003575,0.0035071,0.00039822,-0.0012988,-0.0013531,0.015608,0.003317,0.0086478,1.3576e-05,-0.0018644,-0.00037107,-0.0023577,0.0016517,-0.0040954,-0.0099827,-0.00053398,-0.0061091,0.0092542
0.0795,-0.0020273,0.0035071,-0.0042447,0.0017965,-0.0044483,0.0016789,-0.0028735,0.0086478,0.0046565,0.0027785,-0.0019187,0.0053805,0.00010408,-0.0010001,-0.0068875,-0.00053398,-0.0045615,-0.0015793
0.0796,-0.00047968,-0.0042311,0.0019459,0.0048918,-0.005996,-0.0029641,0.0017694,0.00090958,-0.0015341,-0.0018644,-0.0019187,0.010023,0.0062947,0.0020952,-0.0068875,-0.00053398,0.0016291,-3.1677e-05
0.0797,-0.00047968,0.0035071,-0.0057923,-0.0028464,-0.0044483,0.0063218,0.00022174,0.0024572,0.0062041,-0.00031677,-0.0019187,-0.00081002,0.00010408,0.0036428,0.0023984,0.0010137,0.0031767,0.001516
0.0798,0.0026156,0.0004118,-0.00734,0.0064395,-0.010639,0.0016789,-0.0028735,-0.0037333,1.3576e-05,-0.008055,-0.0034664,-0.0023577,-0.0014436,-0.005643,0.003946,-0.00053398,0.0016291,0.0092542
0.0799,-0.0020273,-0.0088741,-0.0011494,0.00024889,-0.010639,0.0016789,0.003317,-0.005281,0.0015612,0.0012309,0.0011766,-0.00081002,0.00010408,-0.0025477,-0.0037922,-0.00053398,0.0016291,-3.1677e-05
0.08,-0.0082179,0.0004118,0.0050412,-0.0059417,-0.0044483,-0.0060593,0.003317,0.0040049,0.0031089,-0.0018644,0.0058195,0.0084758,-0.0014436,0.0020952,0.00085075,0.0087519,-0.0061091,0.0030636
0.0801,0.0041632,0.0019594,0.0019459,0.0064395,-0.0090913,-0.0045117,0.00796,0.0055525,0.0077518,0.0012309,-0.0019187,0.0084758,-0.0060865,0.0051905,-0.00069689,0.0010137,-0.0045615,0.0030636
0.0802,-0.00047968,-0.0011358,0.00039822,0.0064395,-0.012187,-0.0029641,0.0064123,-0.0021857,0.0015612,0.0027785,-0.005014,0.0038329,-0.0029912,-0.0040954,-0.0084351,-0.0020816,0.0031767,-0.003127
0.0803,-0.003575,0.0004118,0.0050412,0.0033442,-0.0029007,0.00013123,0.0048647,-0.00063806,0.0031089,0.0027785,0.0027242,-0.0023577,-0.0029912,-0.005643,-0.00069689,0.011847,0.0031767,-0.003127
0.0804,-0.0051226,-0.0073264,0.0081364,0.0033442,-0.0029007,-0.0060593,0.0017694,0.00090958,0.0031089,-0.0018644,0.0058195,-0.005453,0.00010408,-0.0025477,0.003946,-0.00053398,0.0016291,0.001516
0.0805,-0.00047968,-0.0057788,-0.0042447,0.0033442,-0.013734,-0.013798,0.0064123,-0.00063806,-0.0046294,0.0012309,0.0042719,0.00073762,-0.0060865,-0.0010001,-0.0053398,-0.0067246,0.0016291,0.001516
0.0806,0.001068,0.0019594,-0.0057923,0.00024889,-0.0075436,-0.0045117,0.00022174,0.00090958,0.0015612,-0.0034121,-0.00037107,0.010023,0.00010408,-0.0040954,0.0023984,-0.0098198,0.0031767,-0.0046746
0.0807,-0.0020273,0.0019594,0.0065888,-0.0012988,-0.0075436,-0.0014164,0.0048647,-0.00063806,-0.0077246,-0.0034121,-0.0019187,0.0038329,-0.0014436,0.00054756,0.0054937,-0.0067246,-0.0014662,-0.0015793
0.0808,-0.00047968,-0.0088741,0.0034935,0.0095347,-0.0075436,-0.0014164,0.0048647,0.00090958,0.0046565,-0.0065073,-0.0065616,-0.005453,-0.0060865,-0.0010001,0.003946,0.0041089,-0.0061091,-0.0015793
0.0809,-0.0066702,0.0019594,-0.0026971,0.0033442,-0.0090913,-0.0060593,0.0064123,-0.00063806,0.0031089,0.0027785,0.0042719,0.0022853,-0.0014436,0.0036428,-0.0022445,-0.00053398,-0.0045615,-0.0015793
0.081,0.001068,0.0004118,-0.0088876,-0.0059417,-0.010639,-0.0045117,0.00022174,-0.0021857,0.0015612,0.0027785,0.0011766,0.0038329,0.0031994,0.0036428,-0.0053398,-0.0036293,0.006272,0.001516
0.0811,-0.00047968,-0.0011358,-0.0026971,-0.0059417,-0.0044483,-0.0014164,-0.0028735,0.0040049,1.3576e-05,0.0012309,-0.0065616,0.00073762,-0.0029912,0.00054756,-0.0068875,-0.00053398,0.012463,-0.0015793
0.0812,-0.003575,-0.0026835,-0.0011494,0.0095347,-0.010639,-0.0029641,-0.0013259,0.010195,1.3576e-05,-0.00031677,0.0011766,0.0053805,-0.0060865,-0.005643,-0.0068875,0.0010137,0.01401,0.0077065
0.0813,0.0057109,0.0035071,-0.0057923,-0.0012988,-0.013734,0.0078694,0.0017694,0.0024572,1.3576e-05,0.0058738,0.0042719,0.010023,0.004747,-0.0025477,0.0023984,-0.0036293,0.0031767,0.0030636
0.0814,-0.0020273,0.0019594,-0.0011494,-0.0074893,-0.012187,0.0016789,0.00022174,-0.005281,-0.0030817,-0.0096026,0.0027242,0.0084758,0.014033,-0.0025477,0.003946,-0.0082722,0.010915,-0.0015793
0.0815,0.0026156,-0.0026835,0.0034935,0.00024889,-0.005996,0.0032265,0.0064123,0.00090958,0.0015612,-0.0034121,0.0058195,-0.00081002,0.0078423,-0.0025477,0.0023984,0.0087519,0.0047244,-0.003127
0.0816,0.0041632,0.0035071,0.00039822,0.0064395,-0.0013531,0.0078694,-0.0013259,0.0071001,1.3576e-05,-0.0034121,-0.0034664,0.00073762,0.014033,0.0036428,0.003946,0.0041089,0.0016291,-0.003127
0.0817,0.001068,-0.0011358,0.0065888,0.0033442,0.00019459,0.0078694,0.0017694,0.0071001,0.0062041,-0.0018644,-0.0019187,-0.00081002,-0.0029912,-0.0010001,-0.00069689,-0.0020816,8.1455e-05,0.0030636
0.0818,-0.00047968,0.0066024,0.0034935,0.0048918,0.00019459,0.00013123,0.0017694,0.010195,0.0046565,-0.00031677,-0.0019187,0.00073762,-0.018468,0.00054756,0.0023984,-0.0051769,0.0093673,0.001516
0.0819,0.001068,0.0004118,-0.0011494,-0.0028464,0.00019459,0.00013123,-0.0044212,0.0055525,0.0046565,0.0043262,-0.0034664,-0.0039053,-0.012277,-0.0025477,-0.0022445,0.0025613,0.0031767,0.0077065
0.082,0.0057109,-0.0042311,0.00039822,-0.0012988,0.0063852,0.0032265,-0.0059688,-0.00063806,-0.0046294,0.0074214,-0.00037107,-0.0039053,-0.0014436,0.00054756,-0.00069689,0.0025613,-0.0014662,-3.1677e-05
0.0821,0.0026156,0.0019594,-0.0042447,0.00024889,0.0032899,0.0016789,-0.0013259,-0.00063806,1.3576e-05,-0.00031677,0.0011766,-0.0023577,-0.0076341,-0.0010001,-0.0099827,-0.0020816,0.0016291,0.0077065
0.0822,-0.0051226,-0.0026835,-0.0026971,-0.0012988,0.00019459,-0.0014164,0.003317,0.0024572,0.0031089,0.0012309,0.0027242,-0.00081002,-0.01692,-0.0040954,-0.0037922,-0.0020816,0.0031767,0.0030636
0.0823,-0.011313,0.0019594,-0.00734,0.0033442,0.00019459,0.0016789,0.0064123,0.00090958,1.3576e-05,0.0012309,-0.00037107,0.0038329,-0.0014436,0.0020952,-0.0037922,0.011847,-0.0014662,0.012349
0.0824,0.001068,-0.0042311,-0.00734,0.0079871,0.0048375,0.0032265,-0.0013259,0.0055525,0.0031089,-0.0018644,0.0011766,0.0053805,0.0016517,-0.0025477,-0.0037922,0.0025613,-0.0014662,-3.1677e-05
0.0825,-0.00047968,0.0019594,-0.0042447,0.0095347,0.00019459,-0.0014164,-0.0059688,0.0086478,0.0046565,0.0027785,0.01201,0.0053805,-0.0091818,-0.0025477,-0.0037922,-0.00053398,-0.0045615,0.0046113
0.0826,-0.0020273,0.0019594,0.0034935,0.0079871,0.0017422,-0.0014164,-0.0059688,0.0086478,1.3576e-05,-0.00031677,0.0073671,0.010023,-0.010729,-0.0025477,-0.0053398,0.0056566,-0.0014662,0.0030636
0.0827,-0.003575,-0.0011358,0.0034935,0.0048918,-0.0029007,0.00013123,0.0017694,0.0055525,-0.0092723,0.0058738,0.0011766,0.0022853,-0.0045388,0.00054756,-0.0022445,-0.0020816,0.0047244,0.001516
0.0828,-0.0051226,0.0035071,0.0019459,0.0017965,-0.0075436,0.00013123,0.00022174,0.0024572,0.0015612,0.0043262,0.0058195,0.011571,-0.0060865,-0.0025477,0.0023984,-0.0082722,0.010915,-0.0046746
0.0829,0.001068,0.0019594,0.00039822,0.0048918,-0.0044483,0.0016789,0.0048647,0.0040049,1.3576e-05,0.0027785,0.0073671,0.00073762,-0.010729,-0.005643,0.0023984,0.0010137,0.0016291,-3.1677e-05
0.083,-0.0020273,-0.0042311,0.00039822,0.0048918,0.0032899,0.0047742,0.0017694,-0.0021857,0.0092994,0.0012309,0.0058195,0.00073762,0.00010408,0.0020952,-0.00069689,-0.0082722,-0.0076568,0.0061589
0.0831,-0.003575,0.0019594,0.0019459,0.0017965,0.0032899,-0.0014164,0.00022174,0.0055525,1.3576e-05,0.0074214,0.0011766,0.0084758,0.0031994,0.0067381,0.0070413,-0.00053398,8.1455e-05,0.0030636
0.0832,-0.0020273,0.0019594,-0.00734,0.0017965,0.0032899,0.00013123,0.003317,0.0071001,-0.0015341,0.0074214,0.0073671,0.00073762,0.00010408,0.0020952,-0.0022445,-0.0036293,0.0016291,0.001516
0.0833,-0.00047968,0.0035071,-0.010435,0.00024889,0.0032899,0.0032265,0.0017694,0.0055525,0.0015612,-0.0049597,0.0011766,0.0022853,-0.0014436,-0.0025477,-0.0022445,-0.0098198,-0.0014662,0.001516
0.0834,0.0057109,0.0019594,-0.0026971,0.0048918,0.00019459,0.0016789,-0.0013259,0.0055525,0.0015612,0.0043262,-0.005014,0.0022853,-0.0014436,-0.005643,-0.0022445,-0.00053398,8.1455e-05,-3.1677e-05
0.0835,0.0072585,0.0004118,0.00039822,0.0048918,0.0017422,0.00013123,-0.0059688,0.010195,0.0031089,-0.0034121,-0.0081093,0.00073762,-0.0029912,-0.0040954,-0.0022445,0.0010137,-0.0014662,0.0030636
0.0836,0.001068,0.0035071,0.0019459,0.00024889,-0.0029007,0.0016789,0.00022174,0.0024572,0.0015612,-0.0049597,-0.00037107,0.00073762,-0.0045388,-0.0025477,-0.0022445,0.0010137,-0.0045615,0.0030636
0.0837,0.0057109,0.0004118,-0.011983,0.0048918,0.0017422,0.00013123,0.00022174,-0.00063806,-0.0046294,-0.0018644,0.0027242,-0.0039053,0.00010408,-0.0010001,0.003946,-0.0082722,0.0031767,-3.1677e-05
0.0838,0.0057109,-0.0011358,-0.0042447,-0.0028464,-0.0029007,-0.0029641,0.0017694,0.0040049,-0.006177,0.0074214,-0.00037107,-0.0039053,-0.0029912,0.0067381,0.0054937,-0.0020816,0.0031767,-0.0015793
0.0839,-0.00047968,-0.0073264,0.0034935,0.0048918,0.00019459,0.0063218,0.003317,-0.0021857,-0.0030817,-0.00031677,-0.0065616,-0.0023577,0.00010408,0.00054756,-0.00069689,0.0041089,8.1455e-05,0.001516
0.084,0.001068,-0.0026835,-0.0011494,0.0033442,0.0048375,0.012512,0.0095076,-0.0037333,1.3576e-05,0.0043262,-0.005014,-0.00081002,0.00010408,0.0051905,0.0070413,-0.0020816,-0.0030138,0.0030636
0.0841,0.0026156,0.0004118,0.0050412,0.00024889,0.0032899,-0.0045117,0.00796,0.0024572,0.0015612,0.0012309,0.0027242,0.0022853,0.0031994,0.0051905,0.003946,-0.0051769,0.0047244,0.0061589
0.0842,-0.00047968,0.0004118,-0.0011494,-0.0028464,0.0048375,-0.0029641,0.0095076,0.0040049,-0.0046294,0.0058738,0.0011766,-0.00081002,0.0016517,0.0067381,0.0023984,0.0010137,0.0047244,0.001516
0.0843,-0.00047968,0.0035071,-0.0026971,0.0064395,-0.0044483,0.0032265,0.003317,0.0040049,-0.0046294,-0.00031677,-0.005014,-0.0023577,0.0078423,-0.0010001,-0.0053398,-0.0020816,8.1455e-05,-3.1677e-05
0.0844,-0.0020273,0.0050547,0.00039822,0.00024889,-0.0013531,-0.0014164,0.00796,0.00090958,-0.0015341,0.0043262,-0.0065616,-0.0039053,0.00010408,-0.005643,-0.0037922,-0.00053398,-0.0061091,0.0061589
0.0845,-0.00047968,-0.0011358,-0.0042447,-0.0028464,0.0063852,-0.0029641,-0.0075165,0.0055525,-0.0030817,-0.0034121,-0.0019187,0.00073762,-0.0014436,-0.0071907,-0.0053398,-0.0067246,-0.0030138,0.0046113
0.0846,0.0026156,0.0050547,0.00039822,-0.0059417,-0.0013531,-0.0091546,-0.0028735,0.0071001,1.3576e-05,-0.0018644,-0.00037107,-0.0023577,0.0016517,-0.005643,0.00085075,-0.0020816,0.0031767,0.0030636
0.0847,-0.00047968,-0.0042311,0.00039822,0.0048918,0.00019459,0.0016789,-0.0013259,0.00090958,0.0046565,0.0012309,0.0027242,-0.00081002,0.0078423,-0.0040954,-0.0053398,0.0010137,-0.0014662,0.0046113
0.0848,0.0026156,-0.0026835,0.0050412,0.00024889,-0.0013531,0.0016789,0.0017694,0.0024572,-0.0046294,0.0027785,-0.00037107,-0.005453,0.0031994,0.00054756,0.0023984,0.0010137,-0.0030138,-3.1677e-05
0.0849,0.0041632,0.0050547,0.0034935,0.0064395,0.0048375,0.00013123,0.003317,0.00090958,-0.0077246,0.0027785,-0.00037107,-0.00081002,0.0016517,-0.0010001,-0.00069689,-0.0082722,8.1455e-05,0.001516
0.085,-0.00047968,0.0004118,-0.0011494,0.0017965,0.0048375,0.00013123,0.003317,-0.00063806,0.0015612,-0.00031677,-0.0034664,-0.0023577,0.0031994,-0.0025477,-0.0037922,-0.0067246,0.0093673,-0.003127
0.0851,-0.003575,-0.0026835,0.00039822,-0.0012988,-0.0029007,-0.0014164,0.0017694,-0.00063806,-0.0046294,-0.0049597,0.0027242,0.0038329,0.0031994,-0.010286,-0.00069689,-0.0020816,0.0016291,-3.1677e-05
0.0852,-0.0051226,0.0004118,-0.0042447,0.0017965,-0.0013531,0.0016789,-0.0044212,0.0040049,-0.006177,-0.0034121,-0.0019187,0.0069282,0.0031994,-0.0087383,0.00085075,-0.0036293,-0.0014662,0.0030636
0.0853,0.0088062,-0.0011358,-0.0057923,-0.0028464,0.00019459,0.00013123,-0.0028735,0.0086478,1.3576e-05,0.0012309,-0.0096569,-0.0023577,-0.0029912,-0.0025477,0.0054937,-0.0067246,-0.0030138,-3.1677e-05
0.0854,-0.0020273,-0.0042311,0.00039822,-0.0059417,0.0048375,0.00013123,0.00022174,-0.00063806,-0.0015341,0.0027785,-0.005014,-0.00081002,0.0016517,-0.005643,-0.00069689,-0.0051769,0.0016291,-0.003127
0.0855,-0.0020273,-0.0026835,0.00039822,0.00024889,0.00019459,0.0016789,-0.0013259,-0.0099239,-0.0030817,0.0027785,0.0042719,0.0084758,0.00010408,-0.0071907,0.0023984,-0.0051769,-0.0014662,-0.003127
0.0856,0.001068,-0.0011358,-0.0026971,0.00024889,0.0032899,0.0016789,0.00022174,0.0040049,1.3576e-05,0.0074214,-0.0019187,0.0053805,0.0062947,-0.0025477,0.003946,0.0025613,8.1455e-05,0.0061589
0.0857,-0.0020273,-0.0073264,-0.0011494,0.0048918,-0.0044483,0.0047742,0.0048647,0.0024572,0.0015612,0.0027785,-0.005014,-0.0023577,0.0016517,-0.0025477,-0.00069689,-0.00053398,8.1455e-05,0.0030636
0.0858,-0.00047968,-0.0011358,-0.0026971,0.0064395,-0.0044483,0.0047742,0.00022174,0.0024572,0.0046565,0.0027785,-0.00037107,-0.0023577,0.0078423,0.00054756,-0.0084351,-0.00053398,-0.0045615,-3.1677e-05
0.0859,0.001068,-0.0011358,-0.0057923,0.0079871,0.00019459,0.00013123,0.00022174,0.00090958,-0.0046294,0.0043262,-0.00037107,-0.0085482,-0.0060865,0.0020952,0.00085075,-0.0020816,-0.0014662,-0.0046746
0.086,-0.003575,-0.0011358,0.0050412,0.0017965,0.0079328,0.0047742,0.0095076,0.00090958,0.0015612,0.0089691,-0.005014,-0.00081002,0.0031994,-0.0040954,-0.00069689,-0.0051769,-0.0045615,0.0077065
0.0861,0.001068,-0.0042311,-0.0026971,0.0017965,0.0048375,0.0016789,0.0048647,0.0071001,0.0062041,-0.0018644,-0.00037107,-0.0070006,0.0062947,-0.0025477,-0.0068875,-0.0051769,0.0016291,0.0030636
0.0862,0.0057109,0.0004118,0.0034935,0.0033442,-0.005996,0.00013123,0.0064123,0.0086478,0.0077518,-0.0049597,-0.00037107,0.00073762,0.0031994,0.00054756,0.003946,-0.0067246,0.0093673,0.001516
0.0863,-0.003575,0.0035071,0.0081364,0.0017965,0.00019459,0.0016789,0.00022174,0.0055525,0.0092994,0.0012309,0.0027242,0.0084758,-0.0014436,0.00054756,0.003946,0.0010137,-0.0014662,-3.1677e-05
0.0864,-0.0051226,0.0035071,0.0019459,-0.004394,0.0032899,-0.0045117,-0.0090641,-0.0021857,0.0046565,-0.0034121,-0.005014,0.010023,0.004747,-0.0010001,-0.0022445,-0.0067246,0.0047244,0.0077065
0.0865,-0.00047968,0.0096977,0.0050412,0.0017965,0.0094804,0.0047742,0.0017694,0.0024572,0.0015612,0.0012309,-0.0019187,0.00073762,0.00010408,-0.0025477,-0.0037922,-0.0067246,0.012463,0.0061589
0.0866,-0.0066702,0.0035071,0.0019459,0.0048918,0.0032899,-0.0014164,0.0017694,0.0040049,-0.0015341,0.0089691,-0.005014,-0.005453,0.00010408,-0.0010001,0.0023984,0.0025613,0.0031767,0.0030636
0.0867,-0.00047968,-0.0011358,-0.0026971,0.0017965,0.00019459,-0.0045117,0.0064123,0.0040049,0.0046565,0.0027785,-0.0065616,-0.0039053,0.0016517,-0.0087383,0.0070413,-0.0067246,-0.0014662,0.0046113
0.0868,-0.0020273,-0.0042311,0.0081364,-0.0028464,-0.0044483,-0.007607,0.0017694,0.0024572,0.0046565,0.0043262,-0.0019187,-0.0023577,0.0016517,0.00054756,-0.00069689,0.0010137,-0.0014662,-0.003127
0.0869,-0.00047968,-0.0011358,-0.0011494,-0.0059417,0.00019459,-0.007607,0.00022174,0.00090958,0.0031089,0.0043262,0.0011766,-0.005453,-0.0014436,-0.0025477,-0.00069689,0.011847,0.0031767,0.001516
0.087,-0.00047968,-0.0026835,0.0050412,-0.0059417,0.0032899,0.00013123,-0.0028735,0.00090958,0.0031089,-0.0018644,0.0011766,0.0053805,0.00010408,0.0051905,-0.00069689,0.0087519,8.1455e-05,0.0061589
0.0871,0.0026156,0.0035071,0.00039822,-0.004394,0.0048375,0.0047742,-0.0044212,-0.00063806,0.0031089,0.0058738,-0.00037107,0.00073762,-0.0014436,-0.0040954,-0.00069689,-0.00053398,-0.0014662,0.0077065
0.0872,0.0057109,0.0066024,-0.0026971,-0.0012988,0.0017422,0.0047742,-0.0044212,0.0086478,0.0046565,0.0027785,-0.0019187,-0.0039053,0.0031994,0.00054756,0.010137,-0.00053398,0.0047244,0.0077065
0.0873,-0.0051226,0.0019594,-0.0011494,-0.004394,-0.005996,0.0016789,0.00022174,0.0040049,0.0015612,-0.008055,-0.0034664,-0.0023577,0.004747,-0.0071907,0.003946,-0.0051769,0.0047244,0.0061589
0.0874,0.0041632,-0.0042311,-0.0011494,-0.0059417,0.0063852,0.0032265,0.0017694,-0.0021857,0.0031089,-0.0018644,0.0011766,0.0022853,0.0062947,-0.0087383,0.0070413,-0.0036293,8.1455e-05,-3.1677e-05
0.0875,-0.0082179,-0.0042311,0.0065888,-0.0028464,0.0032899,0.0032265,0.0048647,0.00090958,-0.0030817,-0.0018644,0.015105,0.0084758,0.004747,0.0020952,0.003946,0.0025613,-0.0030138,-3.1677e-05
0.0876,-0.0082179,0.0019594,-0.0057923,-0.0012988,-0.0029007,0.0047742,0.00796,-0.0068286,-0.0015341,0.0027785,0.0027242,0.0069282,-0.0014436,-0.0071907,0.0023984,-0.0020816,8.1455e-05,0.001516
0.0877,-0.0051226,0.0066024,-0.0057923,0.00024889,-0.0044483,0.0094171,0.0095076,-0.0037333,1.3576e-05,0.0027785,0.0027242,0.0022853,0.0016517,0.0020952,-0.0068875,-0.0036293,0.0016291,-0.003127
0.0878,-0.0051226,0.0004118,-0.0057923,0.0017965,0.0063852,-0.0045117,0.00022174,-0.00063806,0.0015612,-0.008055,0.0073671,0.010023,-0.010729,0.0067381,0.0023984,-0.0098198,8.1455e-05,-0.0046746
0.0879,-0.003575,0.0019594,-0.0026971,0.0017965,-0.0013531,0.0032265,0.0048647,0.00090958,0.0062041,-0.0018644,0.0058195,-0.00081002,-0.013825,-0.0010001,0.003946,-0.0098198,0.0031767,0.001516
0.088,-0.00047968,0.0050547,0.0065888,0.0017965,-0.0013531,0.0016789,-0.0013259,-0.005281,0.0015612,0.0027785,0.0011766,-0.005453,-0.0014436,0.00054756,0.010137,-0.0051769,0.0047244,-3.1677e-05
0.0881,-0.00047968,-0.0011358,-0.0042447,-0.0012988,0.00019459,0.00013123,-0.0013259,-0.0037333,0.0046565,0.0043262,-0.00037107,0.0022853,0.0031994,-0.0071907,0.00085075,-0.0036293,-0.0045615,-0.0015793
0.0882,0.001068,-0.0026835,0.0019459,0.00024889,-0.0075436,0.00013123,0.0017694,0.0024572,0.0062041,0.0012309,0.0011766,-0.00081002,-0.0014436,-0.0010001,-0.00069689,-0.0051769,-0.0030138,0.0061589
0.0883,-0.0051226,-0.0026835,-0.0057923,0.0017965,-0.0044483,-0.0014164,-0.0044212,-0.0037333,0.0062041,-0.0018644,0.0011766,0.0022853,-0.0045388,-0.0010001,0.010137,-0.0036293,8.1455e-05,0.013897
0.0884,-0.0051226,-0.0057788,-0.0042447,-0.0012988,0.0063852,-0.0014164,0.00022174,0.0024572,0.0015612,0.010517,0.0058195,-0.00081002,0.00010408,0.00054756,0.00085075,0.0025613,-0.0014662,0.0030636
0.0885,-0.0051226,-0.0088741,-0.0011494,0.0064395,0.015671,0.0016789,0.0017694,0.0071001,0.0031089,0.0012309,0.0027242,-0.0039053,0.0062947,0.0067381,-0.0053398,-0.0036293,0.0016291,-0.0062222
0.0886,0.001068,-0.0011358,0.0034935,0.0095347,0.0094804,0.00013123,0.0017694,0.0040049,0.0062041,0.0012309,-0.0065616,-0.0023577,0.0016517,0.00054756,-0.0037922,0.0010137,8.1455e-05,-0.0015793
0.0887,0.0026156,0.0004118,-0.0011494,0.0033442,0.014123,0.00013123,0.0048647,0.0040049,0.0031089,-0.00031677,-0.00037107,0.0069282,0.0031994,-0.0071907,0.0023984,-0.0020816,0.0093673,0.0030636
0.0888,0.0026156,-0.0073264,-0.0042447,0.0017965,0.0079328,0.0016789,0.0064123,-0.005281,-0.0015341,-0.0034121,0.0011766,0.0069282,0.0062947,-0.0087383,-0.0037922,-0.0020816,0.0031767,-0.003127
0.0889,-0.0020273,0.0004118,0.0034935,0.0033442,-0.0013531,-0.0060593,0.0064123,-0.00063806,0.0031089,-0.0018644,-0.00037107,-0.00081002,0.004747,-0.0010001,-0.0037922,0.0010137,0.0016291,-3.1677e-05
0.089,-0.0082179,-0.0042311,-0.0026971,0.0017965,0.0017422,-0.0029641,-0.0013259,-0.0083763,0.0046565,0.0058738,0.0058195,-0.0070006,0.0031994,-0.0025477,-0.0037922,0.0010137,-0.0030138,-3.1677e-05
0.0891,-0.0066702,-0.0011358,-0.0057923,0.0064395,0.0063852,0.0032265,-0.0044212,0.0071001,0.0015612,0.0012309,0.0011766,0.0022853,-0.0014436,0.00054756,-0.00069689,-0.0036293,8.1455e-05,0.0046113
0.0892,0.001068,0.0019594,-0.010435,-0.0059417,-0.0029007,0.00013123,0.00022174,0.0071001,0.0015612,-0.0034121,0.0058195,0.0038329,0.00010408,0.011381,0.00085075,-0.0036293,-0.0030138,-3.1677e-05
0.0893,0.0026156,-0.0011358,-0.0026971,0.0017965,0.00019459,-0.0014164,0.003317,0.0071001,0.0046565,-0.00031677,-0.0034664,0.00073762,0.004747,0.0036428,-0.0022445,0.0010137,0.0031767,0.001516
0.0894,-0.0051226,0.0035071,0.00039822,0.0033442,0.0032899,0.0047742,-0.0059688,0.0055525,1.3576e-05,-0.00031677,0.015105,0.0022853,-0.0014436,0.00054756,-0.00069689,0.0010137,0.0016291,0.0077065
0.0895,-0.0051226,-0.0011358,-0.0057923,0.0033442,0.00019459,0.00013123,-0.0075165,0.0024572,0.0015612,0.0058738,-0.0019187,0.0038329,0.0031994,0.0020952,0.011684,-0.0051769,-0.010752,0.0030636
0.0896,0.0026156,-0.0026835,-0.0026971,0.0033442,-0.005996,-0.0029641,0.00796,0.0055525,-0.0030817,0.0058738,-0.00037107,-0.0023577,0.00010408,-0.0025477,0.0070413,-0.0082722,-0.0061091,-0.003127
0.0897,0.0041632,0.0066024,0.0019459,-0.0012988,0.00019459,0.00013123,0.015698,0.0040049,0.0015612,-0.0049597,0.0027242,-0.0085482,0.00010408,-0.0010001,-0.0037922,-0.0051769,0.0047244,0.0046113
0.0898,-0.00047968,0.0050547,0.0034935,0.0017965,0.0017422,0.0032265,0.011055,0.0071001,0.0031089,-0.00031677,-0.0019187,0.0038329,-0.0060865,-0.0025477,-0.0068875,0.0025613,8.1455e-05,-0.0015793
0.0899,0.001068,0.0035071,0.0019459,0.0033442,0.0017422,0.0078694,0.00796,0.00090958,0.0015612,-0.00031677,0.0011766,0.0038329,-0.0045388,-0.0040954,0.010137,0.0041089,-0.0045615,-0.0015793
0.09,0.0041632,0.0035071,0.00039822,-0.0012988,-0.005996,0.0047742,0.00022174,-0.00063806,1.3576e-05,0.0043262,0.0073671,-0.0023577,0.0016517,0.0036428,0.010137,-0.0020816,-0.0076568,0.0030636
0.0901,-0.0082179,0.0004118,0.011232,0.0048918,0.0032899,0.0063218,-0.0013259,0.0055525,-0.0015341,-0.0018644,-0.00037107,-0.00081002,0.0016517,0.0067381,0.0054937,0.0010137,-0.0045615,0.001516
0.0902,0.0088062,-0.0073264,0.00039822,0.0064395,0.0094804,-0.0029641,0.0017694,0.0040049,0.0015612,-0.0049597,-0.0034664,0.0038329,0.0093899,0.0051905,0.0054937,-0.0067246,0.0016291,-3.1677e-05
0.0903,-0.00047968,-0.010422,-0.0042447,-0.0012988,0.0017422,-0.0060593,0.00022174,0.0040049,1.3576e-05,0.0058738,-0.0081093,0.0053805,0.0078423,0.00054756,0.00085075,-0.0067246,0.0093673,0.0030636
0.0904,-0.011313,-0.0026835,0.0034935,0.0079871,-0.0029007,-0.0029641,0.00022174,-0.00063806,-0.0030817,0.0027785,-0.0034664,0.0038329,0.014033,-0.0040954,-0.0068875,-0.0036293,0.0031767,0.001516
0.0905,0.001068,-0.0011358,-0.0011494,0.0033442,0.0079328,-0.0014164,0.0048647,0.0024572,-0.0046294,0.0027785,0.0011766,0.00073762,0.0016517,-0.0025477,-0.00069689,-0.0036293,-0.0030138,-0.0062222
0.0906,0.0026156,0.0050547,0.00039822,0.00024889,0.0032899,-0.0060593,0.0095076,0.00090958,1.3576e-05,-0.008055,-0.0081093,0.00073762,0.0016517,-0.0010001,0.003946,-0.0036293,-0.0030138,-0.003127
0.0907,0.0026156,0.0004118,-0.0026971,0.0017965,-0.0029007,-0.0045117,0.0095076,-0.0037333,0.0031089,-0.012698,-0.0034664,-0.0085482,0.00010408,0.0036428,-0.0022445,-0.0020816,8.1455e-05,0.0030636
0.0908,-0.00047968,-0.0011358,0.00039822,-0.0012988,0.0032899,0.00013123,0.003317,-0.0099239,0.0046565,-0.0018644,-0.00037107,0.0038329,0.0016517,-0.0025477,-0.0053398,-0.00053398,8.1455e-05,-3.1677e-05
0.0909,-0.00047968,0.0019594,-0.0011494,0.0033442,0.0048375,0.00013123,-0.0028735,-0.0037333,0.0031089,-0.0049597,-0.0034664,-0.0023577,0.00010408,-0.005643,-0.0022445,0.0025613,0.0016291,-0.0046746
0.091,0.0041632,0.0019594,-0.0011494,0.0033442,0.0017422,-0.0045117,0.0017694,0.0040049,0.0031089,-0.0018644,-0.0019187,0.0022853,-0.0029912,-0.0025477,0.00085075,-0.0036293,-0.0014662,-0.0046746
0.0911,0.001068,-0.0057788,0.0050412,0.00024889,0.0017422,-0.0014164,0.00022174,0.0040049,0.0031089,-0.0018644,0.0011766,0.00073762,-0.0045388,-0.0040954,0.010137,-0.0020816,8.1455e-05,-0.0046746
0.0912,0.0057109,-0.0011358,0.00039822,0.0017965,0.0017422,0.00013123,-0.0044212,0.0040049,0.0092994,0.0012309,-0.00037107,0.0084758,-0.0029912,-0.0087383,0.003946,-0.0051769,8.1455e-05,0.001516
0.0913,0.001068,0.0066024,-0.0026971,0.00024889,0.0094804,0.00013123,0.0048647,-0.0021857,0.0077518,0.0043262,0.0042719,0.0022853,-0.0014436,-0.0087383,0.00085075,-0.0082722,0.0016291,-0.0015793
0.0914,0.0057109,0.0050547,-0.0057923,0.0017965,0.014123,0.0016789,0.0017694,0.0086478,0.0031089,0.0074214,-0.0081093,-0.0023577,0.0062947,-0.010286,-0.00069689,0.0025613,-0.0076568,-3.1677e-05
0.0915,0.0026156,0.00815,0.0034935,-0.0059417,0.0032899,0.0032265,0.00022174,0.0040049,0.0062041,0.0012309,0.0042719,0.0038329,0.0031994,-0.005643,0.0023984,-0.0067246,-0.0061091,0.0030636
0.0916,0.0026156,-0.0042311,0.0050412,-0.0028464,0.0032899,0.0016789,-0.0059688,-0.0037333,0.0077518,-0.008055,-0.0019187,0.0053805,0.004747,-0.005643,-0.00069689,-0.0051769,8.1455e-05,-0.0015793
0.0917,-0.003575,-0.015065,-0.0026971,-0.0012988,0.00019459,-0.0029641,0.00022174,-0.00063806,0.0031089,-0.0034121,0.0011766,-0.00081002,-0.0014436,-0.0025477,-0.00069689,-0.0067246,8.1455e-05,-0.003127
0.0918,-0.0051226,-0.0073264,-0.0026971,0.0017965,-0.0029007,-0.0029641,0.00022174,-0.00063806,0.0015612,-0.0018644,-0.0019187,0.00073762,-0.012277,-0.0025477,0.00085075,0.0010137,-0.0030138,-0.0015793
0.0919,-0.0051226,-0.0057788,-0.0042447,0.0033442,0.0032899,-0.0045117,0.0048647,-0.0021857,0.0062041,-0.00031677,-0.0081093,-0.00081002,-0.0076341,-0.0010001,-0.0037922,-0.00053398,0.0093673,-0.0046746
0.092,-0.00047968,-0.0026835,0.0019459,-0.004394,0.0032899,-0.0060593,0.0048647,-0.005281,-0.0030817,-0.0065073,-0.0065616,-0.0023577,-0.0014436,-0.0025477,-0.0022445,-0.0067246,0.0031767,-3.1677e-05
0.0921,0.001068,-0.0042311,0.0050412,-0.004394,-0.0013531,0.0016789,0.0048647,-0.0068286,0.0046565,-0.0034121,-0.0019187,-0.00081002,0.0031994,-0.0040954,-0.00069689,0.0056566,0.0031767,0.0030636
0.0922,0.0026156,0.0019594,0.00039822,0.0033442,-0.0044483,-0.0014164,0.003317,-0.00063806,0.0015612,-0.0065073,0.0058195,-0.005453,-0.0045388,-0.0010001,0.0054937,-0.0036293,0.010915,-0.0015793
0.0923,-0.0097655,0.0019594,0.0034935,0.0033442,-0.005996,0.0032265,0.0064123,0.00090958,0.0046565,-0.00031677,-0.00037107,0.00073762,-0.0045388,-0.0040954,0.00085075,-0.011367,0.010915,0.012349
0.0924,-0.0066702,-0.0026835,-0.0011494,-0.004394,-0.005996,0.0094171,-0.0013259,0.0040049,-0.0077246,-0.0018644,0.01201,0.0038329,-0.0014436,-0.005643,-0.0068875,-0.0082722,0.0031767,0.0061589
0.0925,-0.0066702,-0.0042311,-0.00734,0.00024889,-0.0013531,0.00013123,0.0017694,0.0024572,0.0031089,0.0089691,0.0058195,0.0069282,0.00010408,-0.0010001,0.00085075,-0.0051769,0.0093673,0.0030636
0.0926,-0.0051226,0.0004118,-0.0026971,-0.0012988,0.0079328,0.0047742,0.003317,-0.00063806,0.0046565,0.0074214,-0.0034664,0.0022853,-0.0045388,0.00054756,-0.00069689,-0.0020816,-0.0030138,0.0077065
0.0927,-0.012861,-0.0042311,-0.00734,0.0064395,-0.0044483,0.0063218,-0.0028735,0.0024572,1.3576e-05,-0.00031677,-0.00037107,-0.00081002,-0.0014436,0.00054756,0.003946,-0.0082722,8.1455e-05,0.0061589
0.0928,-0.017504,0.0019594,-0.0011494,0.0064395,0.0032899,-0.0029641,0.003317,0.0055525,0.0015612,-0.0049597,-0.0034664,-0.0023577,0.0016517,0.0051905,-0.00069689,-0.0067246,-0.0076568,0.0046113
0.0929,-0.0082179,-0.0026835,-0.0057923,0.0017965,-0.0029007,-0.0045117,0.0017694,0.0040049,0.0031089,-0.0049597,0.0011766,-0.0023577,-0.0076341,-0.0040954,0.003946,0.0025613,8.1455e-05,0.001516
0.093,-0.00047968,0.0004118,-0.011983,-0.0028464,-0.0044483,-0.0014164,-0.0044212,0.010195,0.0046565,-0.00031677,-0.0019187,-0.0039053,-0.012277,-0.0025477,-0.0037922,0.0041089,-0.0061091,-0.003127
0.0931,0.001068,-0.0026835,-0.0026971,-0.0074893,0.0017422,0.0032265,0.0017694,0.0024572,0.0077518,0.0027785,-0.0034664,-0.0023577,-0.0060865,0.0036428,-0.0053398,-0.0020816,-0.0030138,-0.0015793
0.0932,0.0026156,-0.0073264,0.0081364,-0.0074893,-0.0029007,0.0016789,0.00022174,-0.0021857,1.3576e-05,0.0027785,-0.005014,-0.00081002,0.0016517,0.00054756,0.0023984,-0.0036293,0.0016291,0.001516
0.0933,-0.00047968,0.0004118,-0.0011494,0.00024889,-0.0013531,0.0063218,-0.0059688,0.0024572,1.3576e-05,-0.00031677,0.0027242,-0.0085482,0.004747,-0.0010001,0.0023984,-0.0020816,0.0016291,-0.0015793
0.0934,-0.0051226,0.0019594,0.00039822,-0.0012988,-0.0044483,0.00013123,0.00022174,0.00090958,0.0046565,0.0027785,-0.0034664,-0.0070006,0.0016517,0.0051905,-0.0037922,-0.00053398,-0.0061091,0.001516
0.0935,-0.003575,-0.0042311,0.0019459,-0.009037,-0.0029007,0.0078694,0.0048647,0.00090958,0.0015612,0.0027785,-0.005014,-0.0023577,0.0031994,0.0036428,-0.0022445,0.0041089,-0.0030138,0.0061589
0.0936,-0.0020273,0.0019594,0.0065888,0.0017965,0.00019459,0.0063218,-0.0044212,-0.00063806,-0.0030817,-0.008055,-0.0019187,-0.0023577,0.0031994,-0.0040954,-0.0022445,0.0025613,0.0016291,-0.0046746
0.0937,-0.003575,0.0035071,0.0050412,0.0064395,-0.0044483,-0.0014164,-0.0059688,-0.0021857,1.3576e-05,-0.0034121,0.0042719,0.00073762,0.00010408,-0.0025477,0.0070413,-0.00053398,-0.0014662,-0.0077699
0.0938,-0.00047968,-0.0011358,0.00039822,0.0017965,-0.0044483,-0.0045117,0.00022174,-0.0099239,-0.006177,0.0027785,0.0027242,-0.0023577,0.00010408,0.0067381,-0.0053398,0.0041089,0.0016291,-0.0015793
0.0939,-0.0020273,-0.0042311,-0.0026971,0.0017965,0.0017422,0.00013123,0.003317,-0.016114,-0.0046294,-0.00031677,-0.00037107,-0.0039053,-0.0045388,-0.0010001,0.003946,0.0025613,0.010915,-3.1677e-05
0.094,-0.0051226,0.0004118,-0.0057923,0.0048918,-0.0013531,0.0094171,-0.0044212,-0.0037333,-0.006177,-0.0034121,0.0058195,-0.0039053,-0.0029912,-0.0010001,-0.0037922,-0.0036293,0.0016291,-0.003127
0.0941,0.001068,-0.0011358,0.0034935,0.0017965,0.00019459,0.0016789,-0.0013259,0.0040049,0.0031089,-0.0034121,-0.00037107,-0.010096,0.00010408,0.00054756,-0.0022445,-0.00053398,0.0031767,-0.0015793
0.0942,-0.0020273,-0.0073264,0.0019459,0.0095347,-0.0029007,0.0078694,0.0048647,0.0024572,1.3576e-05,0.0027785,-0.0019187,0.00073762,-0.0045388,0.011381,-0.0022445,-0.0036293,-0.0014662,0.0061589
0.0943,-0.00047968,0.0035071,-0.0026971,0.0048918,0.0017422,-0.0060593,0.00022174,0.0024572,-0.0046294,0.0074214,0.0011766,-0.0039053,-0.0060865,0.0020952,-0.0022445,-0.0036293,-0.0092044,0.0061589
0.0944,0.0057109,-0.0011358,-0.010435,0.00024889,0.0063852,-0.0091546,0.00796,0.0055525,1.3576e-05,0.0027785,0.0011766,0.0022853,-0.0014436,-0.0025477,-0.0037922,-0.0020816,-0.0014662,0.0030636
0.0945,0.0041632,-0.0073264,-0.00734,-0.0012988,0.0017422,-0.0014164,0.0048647,0.00090958,-0.0046294,-0.0034121,-0.00037107,0.0022853,0.0016517,-0.0071907,0.0023984,-0.00053398,0.0016291,0.013897
0.0946,0.0041632,0.0019594,-0.0011494,0.0033442,-0.0075436,0.0032265,0.0017694,0.00090958,-0.0077246,-0.0018644,-0.0019187,0.0022853,0.004747,-0.0040954,-0.0022445,-0.0082722,0.0093673,0.0061589
0.0947,-0.0020273,0.00815,0.00039822,-0.0012988,-0.005996,0.0032265,0.003317,-0.0021857,-0.0030817,-0.0018644,-0.0034664,0.0038329,0.0093899,-0.0025477,-0.0053398,-0.0098198,0.01401,-0.0046746
0.0948,0.0072585,0.0019594,0.0019459,-0.0074893,0.00019459,-0.0014164,0.0064123,0.0071001,0.01549,0.0012309,-0.0019187,0.0069282,0.0078423,-0.0040954,0.013232,-0.0020816,0.0093673,-0.003127
0.0949,-0.003575,0.0004118,-0.0011494,-0.004394,-0.0013531,-0.0029641,-0.0028735,0.0024572,0.0062041,0.0027785,-0.005014,-0.0023577,-0.0076341,0.00054756,-0.00069689,-0.0020816,0.0047244,-3.1677e-05
0.095,0.0026156,0.0004118,-0.0011494,-0.0028464,-0.0013531,0.00013123,-0.0075165,0.0055525,0.0015612,0.0027785,-0.0065616,-0.0085482,0.00010408,-0.0010001,0.0054937,0.011847,0.0031767,-0.0015793
0.0951,-0.003575,0.0019594,0.00039822,0.0017965,0.0017422,-0.0014164,0.003317,0.0024572,0.0046565,0.0043262,-0.00037107,-0.0039053,0.0062947,-0.010286,-0.0084351,-0.0020816,0.0031767,-0.0015793
0.0952,-0.0020273,0.0096977,0.0019459,0.0064395,-0.0013531,0.0032265,-0.0044212,0.0040049,-0.0030817,-0.0049597,0.01201,0.0053805,0.0016517,0.00054756,-0.0037922,-0.0082722,0.0016291,0.001516
0.0953,0.0041632,0.0050547,-0.0011494,-0.0012988,-0.0029007,0.00013123,-0.0044212,0.010195,-0.0015341,-0.00031677,0.0073671,-0.0023577,0.004747,-0.0025477,-0.0022445,-0.0020816,-0.0014662,0.0030636
0.0954,-0.00047968,0.0050547,0.00039822,-0.0028464,-0.0029007,0.0047742,-0.0059688,0.0024572,0.0046565,0.0043262,0.0042719,-0.0023577,0.00010408,-0.005643,-0.0037922,0.0025613,-0.0030138,0.001516
0.0955,-0.00047968,0.0066024,0.0034935,-0.0028464,0.0017422,-0.0014164,0.003317,0.0055525,0.0015612,0.0043262,-0.0081093,0.00073762,-0.0014436,-0.005643,-0.00069689,0.0010137,0.0016291,-3.1677e-05
0.0956,0.0026156,0.00815,0.0019459,-0.0059417,-0.010639,0.0047742,0.00022174,0.014838,0.0015612,0.0027785,0.0011766,0.00073762,-0.0076341,-0.005643,-0.00069689,-0.0020816,8.1455e-05,-0.0015793
0.0957,0.001068,0.0050547,-0.0042447,0.0017965,-0.0044483,0.0016789,0.00022174,0.0024572,0.0015612,-0.012698,-0.00037107,-0.0023577,-0.0060865,-0.0071907,-0.0053398,-0.0051769,0.0047244,-0.0077699
0.0958,-0.00047968,0.0019594,0.00039822,0.0017965,0.00019459,-0.0091546,0.0064123,-0.0021857,-0.0077246,-0.00031677,-0.00037107,-0.0023577,-0.0014436,-0.005643,-0.00069689,-0.0020816,0.0093673,-0.0015793
0.0959,-0.00047968,-0.0011358,-0.0042447,0.0048918,-0.0044483,-0.0014164,0.011055,-0.0037333,0.0046565,-0.00031677,0.0058195,-0.0039053,-0.0014436,-0.0010001,0.003946,0.0025613,-0.0030138,0.0046113
0.096,-0.0082179,-0.0026835,-0.0088876,0.0017965,-0.0075436,0.00013123,-0.0044212,0.0024572,-0.0015341,0.0058738,0.0073671,0.0038329,-0.0014436,-0.0025477,0.011684,-0.0051769,-0.0123,0.0046113
0.0961,-0.003575,-0.0026835,-0.0026971,-0.004394,0.0017422,-0.0014164,-0.0013259,-0.0037333,-0.0046294,-0.0018644,0.0042719,0.0022853,0.0078423,-0.0010001,0.003946,-0.00053398,-0.0045615,-0.0015793
0.0962,-0.0020273,0.0004118,-0.0042447,0.0017965,-0.0029007,-0.0029641,-0.0044212,-0.00063806,-0.0015341,0.0027785,0.0089148,-0.0039053,0.0016517,-0.0025477,-0.0022445,0.0010137,-0.0045615,-0.0015793
0.0963,-0.0066702,-0.0011358,-0.0042447,-0.0074893,0.0079328,-0.0029641,-0.0044212,0.00090958,-0.0077246,0.0043262,-0.0034664,0.00073762,-0.0091818,-0.0010001,0.011684,-0.0020816,-0.0045615,0.0030636
0.0964,0.0026156,-0.0042311,-0.0057923,-0.0012988,0.015671,0.00013123,-0.0059688,0.0040049,-0.006177,0.0012309,-0.00037107,-0.0039053,0.00010408,-0.0025477,0.0070413,-0.0051769,8.1455e-05,0.0030636
0.0965,0.0026156,0.0035071,0.0019459,0.00024889,0.0079328,-0.0045117,0.003317,0.0055525,0.0031089,-0.00031677,0.0011766,-0.0023577,0.00010408,0.00054756,0.0023984,-0.0051769,0.0047244,0.0030636
0.0966,0.0057109,0.0019594,-0.0042447,0.0017965,0.0048375,0.00013123,0.0064123,0.0055525,0.0031089,0.0058738,0.0027242,0.0038329,0.0031994,0.0036428,0.0054937,-0.0036293,0.006272,-0.0046746
0.0967,0.0041632,-0.0026835,-0.0026971,0.0048918,-0.0013531,0.0047742,0.00022174,0.0024572,1.3576e-05,0.0043262,-0.0096569,0.0022853,-0.0029912,0.0051905,-0.0037922,-0.0067246,0.010915,0.0046113
0.0968,0.001068,-0.0088741,-0.0026971,0.0017965,-0.0090913,0.00013123,-0.0013259,0.0024572,0.0046565,0.0089691,0.0027242,-0.0039053,-0.0029912,-0.0010001,-0.0053398,-0.0020816,0.0047244,0.001516
0.0969,0.0072585,-0.0011358,-0.0057923,-0.0012988,-0.0044483,-0.0045117,-0.0028735,0.0040049,0.0015612,-0.00031677,-0.00037107,0.0038329,0.0031994,-0.005643,0.003946,-0.0036293,8.1455e-05,-3.1677e-05
0.097,0.0041632,-0.0073264,-0.0042447,-0.0059417,0.0048375,0.00013123,0.003317,0.0040049,1.3576e-05,-0.00031677,-0.0019187,0.00073762,0.0093899,-0.0071907,0.0070413,-0.0020816,0.0047244,0.001516
0.0971,-0.003575,-0.0026835,-0.0026971,-0.009037,0.0048375,-0.007607,0.0048647,0.0024572,0.012395,-0.0018644,-0.0019187,-0.00081002,0.0031994,-0.0025477,0.00085075,0.0010137,-0.0014662,-3.1677e-05
0.0972,-0.0082179,0.0019594,0.0019459,-0.0028464,0.0063852,-0.007607,-0.0013259,-0.00063806,0.0031089,0.0027785,-0.0019187,0.0022853,0.0031994,0.0051905,-0.0053398,-0.0036293,0.0031767,-0.0077699
0.0973,-0.0082179,-0.0026835,-0.0042447,0.0017965,0.00019459,-0.0014164,0.0017694,0.0086478,1.3576e-05,0.0043262,-0.0034664,-0.00081002,0.0031994,0.0098334,0.0023984,0.0041089,-0.0030138,-0.0062222
0.0974,-0.00047968,-0.0057788,-0.0011494,-0.0012988,-0.0013531,0.0063218,0.00022174,0.0024572,0.0062041,0.0027785,-0.0019187,-0.00081002,0.0016517,0.0036428,-0.0037922,-0.0020816,-0.0045615,0.001516
0.0975,0.0057109,-0.0011358,-0.0042447,0.0048918,-0.0013531,0.0016789,-0.0013259,0.00090958,0.0046565,-0.0018644,0.0011766,0.0038329,-0.0045388,-0.0040954,-0.0068875,0.0025613,-0.0061091,0.0030636
0.0976,0.001068,0.0004118,-0.00734,0.0017965,-0.0044483,0.0016789,-0.0013259,0.0086478,0.0062041,0.0027785,0.0011766,0.0038329,0.00010408,0.00054756,-0.0022445,0.0010137,-0.0061091,-0.0015793
0.0977,0.0041632,-0.0057788,-0.0011494,-0.0012988,-0.0013531,0.0032265,0.0017694,0.0086478,0.0015612,0.0089691,-0.00037107,-0.0085482,-0.0045388,-0.0010001,-0.0068875,0.0041089,-0.0092044,-0.003127
0.0978,-0.00047968,0.0019594,0.0019459,-0.0028464,0.0017422,-0.0045117,0.00022174,0.0055525,-0.006177,-0.0018644,0.0011766,-0.0023577,-0.0076341,-0.0025477,0.0023984,0.0056566,-0.0045615,0.001516
0.0979,0.0057109,-0.0011358,-0.0026971,-0.0028464,0.00019459,-0.0060593,-0.0044212,-0.00063806,0.0046565,-0.0049597,-0.00037107,-0.0039053,-0.0029912,0.00054756,-0.0022445,0.0025613,0.0031767,-3.1677e-05
0.098,0.0057109,0.0004118,-0.0026971,0.0017965,0.0017422,-0.0045117,-0.0059688,-0.0068286,0.0046565,0.0027785,0.0042719,0.00073762,0.0016517,0.0036428,-0.0037922,-0.0020816,0.0031767,0.0092542
0.0981,0.0041632,-0.0026835,-0.0042447,0.0048918,0.00019459,0.0032265,0.0064123,0.00090958,1.3576e-05,-0.00031677,0.0027242,-0.0070006,-0.0029912,0.016024,-0.00069689,-0.00053398,0.0031767,-3.1677e-05
0.0982,0.001068,-0.0026835,0.00039822,0.0079871,0.0048375,0.0047742,0.003317,0.00090958,0.0062041,0.0058738,-0.00037107,0.0069282,0.0031994,0.00054756,0.0023984,0.0010137,-0.0061091,-0.003127
0.0983,-0.00047968,-0.0026835,0.0019459,0.0017965,0.00019459,0.00013123,0.003317,0.0024572,1.3576e-05,0.0058738,-0.0019187,0.0069282,0.0016517,-0.0010001,0.0023984,0.0010137,0.0016291,0.0030636
0.0984,-0.00047968,-0.0011358,0.00039822,0.00024889,-0.0029007,0.00013123,-0.0059688,0.0071001,-0.0030817,-0.0018644,-0.0019187,-0.00081002,0.0031994,-0.0010001,0.0023984,-0.00053398,0.0031767,0.0046113
0.0985,-0.00047968,0.0050547,0.0019459,0.0064395,-0.0029007,0.0047742,0.0017694,0.0040049,-0.006177,-0.0018644,-0.0019187,0.00073762,-0.0029912,-0.0040954,0.010137,-0.0020816,-0.0045615,0.001516
0.0986,-0.0020273,-0.0057788,-0.0011494,0.0017965,-0.0029007,0.0094171,0.0064123,0.0086478,-0.0015341,0.0058738,-0.0019187,0.0069282,0.0016517,-0.0010001,0.010137,0.0010137,-0.0061091,0.012349
0.0987,0.001068,-0.0057788,-0.0011494,-0.0012988,-0.0013531,0.0016789,-0.0013259,0.0086478,-0.0030817,0.0058738,-0.00037107,-0.00081002,-0.0029912,-0.0040954,-0.0022445,0.0025613,8.1455e-05,0.0061589
0.0988,0.0026156,-0.0026835,-0.0026971,-0.0012988,-0.0029007,0.0063218,0.003317,0.010195,0.0015612,0.0027785,0.0011766,-0.0070006,-0.0045388,-0.0025477,-0.0037922,-0.0020816,0.0016291,-0.0046746
0.0989,0.0026156,-0.010422,-0.0026971,-0.0012988,-0.0029007,0.0063218,0.00022174,0.0040049,0.0031089,0.0012309,0.0011766,-0.00081002,-0.0014436,-0.013381,0.003946,0.0010137,8.1455e-05,0.001516
0.099,-0.00047968,-0.0057788,0.0034935,-0.0028464,-0.0044483,0.0032265,0.00022174,0.0055525,0.0015612,-0.0049597,-0.0065616,-0.0023577,-0.0014436,-0.0071907,-0.0068875,0.0010137,8.1455e-05,-3.1677e-05
0.0991,0.0088062,-0.0011358,0.00039822,0.00024889,0.0017422,-0.0045117,0.0017694,-0.0021857,-0.006177,0.0012309,-0.005014,-0.010096,-0.0029912,-0.0040954,0.00085075,-0.0051769,-0.0045615,-0.0015793
0.0992,0.0057109,-0.0026835,0.0019459,0.0048918,0.0032899,-0.0029641,-0.0044212,-0.00063806,0.0046565,-0.00031677,-0.0034664,0.00073762,0.004747,-0.0025477,-0.0053398,-0.0020816,8.1455e-05,0.001516
0.0993,0.0041632,-0.0057788,-0.0026971,0.0048918,-0.0013531,-0.0014164,-0.0028735,0.0071001,0.0062041,-0.0049597,0.0011766,-0.00081002,-0.0029912,0.011381,-0.0037922,0.0025613,8.1455e-05,0.0030636
0.0994,-0.00047968,-0.0073264,-0.0088876,0.0048918,0.0032899,0.00013123,0.00022174,0.0024572,-0.0046294,0.0027785,-0.0019187,0.0038329,0.0016517,0.0036428,-0.00069689,-0.00053398,0.0031767,0.001516
0.0995,-0.00047968,0.0019594,-0.0011494,0.0048918,-0.0029007,0.0016789,0.003317,0.0024572,0.0015612,0.0012309,-0.00037107,0.00073762,0.00010408,0.0036428,-0.0037922,0.0056566,0.0047244,0.001516
0.0996,-0.00047968,-0.0057788,0.0019459,0.0048918,0.0048375,-0.0029641,-0.0075165,0.0040049,0.0015612,0.0074214,0.0027242,-0.0023577,-0.0029912,0.0098334,-0.0022445,-0.0036293,-0.0014662,-0.003127
0.0997,-0.0020273,0.0096977,0.00039822,0.0033442,0.0063852,0.0047742,-0.0044212,-0.00063806,-0.0030817,0.0043262,-0.005014,-0.00081002,-0.0091818,0.0036428,0.003946,-0.0051769,8.1455e-05,-3.1677e-05
0.0998,-0.00047968,-0.0011358,-0.0011494,0.0048918,-0.0013531,0.0032265,-0.0013259,0.0040049,-0.0077246,0.0043262,-0.0034664,-0.00081002,0.0062947,-0.0025477,-0.00069689,-0.00053398,8.1455e-05,0.0061589
0.0999,-0.0020273,0.0035071,0.0019459,-0.0074893,-0.0075436,0.0032265,0.00022174,-0.0021857,0.0062041,0.0012309,0.0042719,-0.0023577,0.0031994,-0.0010001,-0.00069689,0.0041089,0.0016291,-3.1677e-05
0.1,-0.00047968,0.0035071,0.0034935,-0.004394,-0.005996,-0.0014164,0.0017694,0.00090958,0.0092994,-0.00031677,-0.0034664,0.00073762,0.0016517,0.00054756,-0.00069689,-0.0036293,8.1455e-05,-3.1677e-05
0.1001,0.032021,0.0019594,-0.021269,-0.049276,-0.084926,-0.10975,-0.13752,-0.16005,-0.17487,-0.20925,-0.23252,-0.25308,-0.27073,-0.30434,-0.31642,-0.33637,-0.36361,-0.37611
0.1002,0.032021,0.0004118,-0.03365,-0.047728,-0.074092,-0.10201,-0.12668,-0.16159,-0.19499,-0.21389,-0.24335,-0.27474,-0.30788,-0.33839,-0.35356,-0.39209,-0.41623,-0.44266
0.1003,-0.023694,-0.010422,0.025161,0.055964,0.077577,0.10847,0.13177,0.14639,0.15633,0.18076,0.19618,0.20812,0.22142,0.24817,0.25466,0.26257,0.29104,0.30331
0.1004,-0.025242,-0.0073264,0.026708,0.048226,0.077577,0.10537,0.13022,0.14794,0.17644,0.20088,0.21939,0.23907,0.25856,0.29305,0.31347,0.3384,0.37616,0.41474
0.1005,-0.014408,-0.0057788,0.0096841,0.035845,0.046624,0.068228,0.08689,0.1046,0.11609,0.13278,0.14665,0.1586,0.17344,0.194,0.22062,0.25483,0.29413,0.32188
0.1006,-0.0051226,-0.0026835,0.0050412,0.031202,0.034243,0.057394,0.062127,0.075196,0.089777,0.10338,0.11106,0.11681,0.13784,0.16769,0.19276,0.22697,0.2802,0.32033
0.1007,-0.015956,-0.0026835,0.015875,0.023464,0.0296,0.045013,0.043556,0.065911,0.072753,0.081708,0.09094,0.10598,0.1363,0.18317,0.22216,0.25018,0.32973,0.38688
0.1008,-0.0097655,0.0019594,0.014327,0.020368,0.032695,0.043465,0.043556,0.067458,0.071205,0.064684,0.081654,0.11372,0.15642,0.21877,0.26085,0.30745,0.41175,0.49057
0.1009,-0.012861,0.0050547,0.020518,0.01263,0.026505,0.04037,0.049746,0.061268,0.0743,0.06778,0.083202,0.13229,0.2013,0.24353,0.32895,0.37864,0.49223,0.58343
0.101,-0.0097655,-0.0011358,0.017422,0.014178,0.023409,0.037275,0.046651,0.05972,0.065015,0.069327,0.080106,0.15241,0.24618,0.29924,0.39395,0.46221,0.582,0.66081
0.1011,-0.011313,0.0035071,0.017422,0.014178,0.031147,0.031084,0.04046,0.05972,0.071205,0.069327,0.10642,0.18026,0.28951,0.35651,0.47752,0.52721,0.65938,0.72272
0.1012,-0.0082179,0.0004118,0.0081364,0.015725,0.031147,0.038822,0.035818,0.055077,0.072753,0.075518,0.14511,0.21276,0.32047,0.41222,0.54098,0.58912,0.71045,0.78927
0.1013,-0.012861,0.0035071,0.0034935,0.025011,0.0296,0.032632,0.04046,0.05972,0.06811,0.089447,0.16058,0.24836,0.36535,0.46329,0.58276,0.64638,0.75997,0.84034
0.1014,-0.0097655,0.0019594,0.014327,0.021916,0.028052,0.037275,0.04046,0.056625,0.071205,0.097185,0.1807,0.29479,0.40249,0.50198,0.63538,0.68662,0.80331,0.88522
0.1015,-0.0082179,-0.0026835,0.0050412,0.020368,0.020314,0.032632,0.046651,0.05972,0.071205,0.10028,0.2132,0.31027,0.44892,0.54532,0.67717,0.72686,0.82807,0.90379
0.1016,-0.0082179,-0.0057788,0.0034935,0.023464,0.021862,0.029536,0.045103,0.061268,0.072753,0.11576,0.23023,0.34431,0.48452,0.58865,0.71277,0.74388,0.84355,0.91308
0.1017,-0.0097655,0.0050547,0.0034935,0.011082,0.028052,0.032632,0.043556,0.061268,0.083586,0.12659,0.25809,0.36598,0.50154,0.6227,0.73289,0.77019,0.86367,0.91927
0.1018,-0.014408,0.0019594,0.0065888,0.014178,0.031147,0.037275,0.038913,0.058172,0.091324,0.14361,0.26118,0.39539,0.53404,0.65056,0.74527,0.79805,0.88379,0.95022
0.1019,-0.0051226,-0.0057788,0.0081364,0.025011,0.031147,0.027989,0.03427,0.056625,0.1068,0.15754,0.28285,0.41705,0.56964,0.68306,0.76848,0.80269,0.89926,0.96724
0.102,-0.011313,-0.0057788,0.017422,0.020368,0.024957,0.029536,0.03427,0.056625,0.1099,0.17457,0.31071,0.44336,0.58821,0.70008,0.78396,0.82281,0.9039,0.97189
0.1021,-0.0082179,0.0004118,0.014327,0.026559,0.021862,0.034179,0.038913,0.053529,0.11454,0.17611,0.32928,0.46039,0.61297,0.71092,0.79634,0.84603,0.92248,0.97189
0.1022,-0.0082179,0.0004118,0.0065888,0.031202,0.031147,0.023346,0.038913,0.065911,0.11918,0.19778,0.34321,0.48515,0.64238,0.73258,0.80408,0.8615,0.9395,0.97498
0.1023,-0.012861,0.0050547,0.011232,0.020368,0.0296,0.027989,0.03427,0.061268,0.11918,0.21945,0.36797,0.51455,0.6594,0.74496,0.81491,0.8615,0.95188,0.99665
0.1024,-0.0097655,-0.0026835,0.014327,0.018821,0.021862,0.032632,0.037365,0.062815,0.12692,0.22873,0.37725,0.52229,0.66559,0.74342,0.81491,0.8615,0.96736,0.9951
0.1025,-0.0051226,0.0050547,0.014327,0.020368,0.023409,0.034179,0.038913,0.065911,0.12382,0.24112,0.39118,0.54241,0.67488,0.74342,0.82265,0.86924,0.9751,1.0075
0.1026,-0.0097655,0.00815,0.0096841,0.025011,0.021862,0.031084,0.038913,0.05972,0.13002,0.24266,0.42059,0.55015,0.695,0.76663,0.83813,0.87079,0.96891,1.0137
0.1027,-0.0082179,0.0004118,0.0096841,0.01263,0.023409,0.029536,0.029627,0.065911,0.13002,0.26123,0.42059,0.55015,0.70738,0.77127,0.84586,0.88472,0.98903,0.9982
0.1028,-0.0051226,0.0019594,0.0081364,0.021916,0.028052,0.034179,0.03427,0.067458,0.14394,0.26897,0.43606,0.56253,0.71666,0.78365,0.85515,0.89246,0.99522,1.0059
0.1029,-0.00047968,-0.0042311,0.0050412,0.020368,0.023409,0.034179,0.031175,0.070553,0.13775,0.29528,0.44999,0.57956,0.71511,0.7852,0.85824,0.89865,0.99522,1.0028
0.103,-0.0082179,0.0004118,0.0034935,0.025011,0.023409,0.027989,0.03427,0.072101,0.14704,0.286,0.44999,0.58884,0.72131,0.79913,0.86134,0.894,0.99676,1.0168
0.1031,-0.0097655,0.0019594,-0.0026971,0.011082,0.021862,0.031084,0.04046,0.073649,0.15168,0.29219,0.46547,0.59194,0.73059,0.79604,0.87217,0.89865,0.98903,1.0261
0.1032,-0.0051226,0.0050547,0.00039822,0.026559,0.023409,0.032632,0.038913,0.073649,0.16561,0.30766,0.47476,0.60896,0.73988,0.78985,0.87063,0.8971,0.98593,1.0415
0.1033,-0.0051226,-0.0011358,0.0050412,0.018821,0.026505,0.032632,0.048199,0.082935,0.17025,0.3154,0.48404,0.61515,0.74297,0.79139,0.87991,0.8971,0.98593,1.0307
0.1034,-0.0051226,-0.0057788,0.00039822,0.014178,0.024957,0.023346,0.043556,0.076744,0.17644,0.32005,0.49333,0.61979,0.74142,0.80377,0.88301,0.894,0.9751,1.0307
0.1035,-0.012861,-0.0057788,0.011232,0.021916,0.021862,0.031084,0.038913,0.081387,0.1749,0.32469,0.49797,0.63682,0.74607,0.81616,0.87527,0.89246,0.98593,1.0322
0.1036,-0.0066702,0.0096977,0.0050412,0.018821,0.023409,0.035727,0.043556,0.089125,0.1749,0.33707,0.49797,0.63837,0.74916,0.81461,0.87682,0.90793,0.99367,1.0322
0.1037,-0.0051226,0.0035071,0.0096841,0.01263,0.024957,0.027989,0.046651,0.082935,0.18264,0.34481,0.51809,0.6461,0.76154,0.8177,0.87991,0.90329,0.98283,1.0307
0.1038,-0.003575,-0.0073264,0.0096841,0.015725,0.018766,0.018703,0.03427,0.081387,0.19192,0.34945,0.52273,0.64301,0.75381,0.81616,0.87372,0.91258,0.97819,1.0477
0.1039,-0.011313,-0.0026835,0.0019459,0.01263,0.020314,0.031084,0.035818,0.082935,0.19811,0.35409,0.52583,0.64765,0.75535,0.81616,0.89075,0.93269,0.99676,1.0462
0.104,-0.0097655,0.0004118,0.0065888,0.018821,0.020314,0.027989,0.045103,0.08603,0.19966,0.36183,0.53047,0.63991,0.7569,0.81461,0.89075,0.9296,0.99676,1.0415
0.1041,-0.014408,0.0004118,0.0081364,0.01263,0.028052,0.031084,0.052842,0.082935,0.20585,0.35719,0.53202,0.65075,0.76928,0.81616,0.87063,0.91567,0.97664,1.0415
0.1042,-0.0082179,0.0066024,0.0050412,0.0095347,0.0296,0.027989,0.038913,0.096863,0.21823,0.35255,0.53202,0.65539,0.76928,0.81616,0.87217,0.91567,0.99212,1.0493
0.1043,-0.0066702,0.0050547,0.0019459,0.014178,0.0296,0.035727,0.035818,0.099959,0.23061,0.36338,0.5444,0.65384,0.75845,0.81925,0.87991,0.9296,0.99367,1.0415
0.1044,-0.014408,0.0050547,0.0034935,0.014178,0.024957,0.035727,0.043556,0.096863,0.22906,0.36957,0.55523,0.66158,0.75535,0.83008,0.87217,0.9296,0.97664,1.0369
0.1045,-0.011313,0.0035071,-0.0026971,0.018821,0.021862,0.024894,0.04046,0.099959,0.22287,0.37421,0.55833,0.66003,0.76773,0.83782,0.87527,0.91722,0.98283,1.0353
0.1046,-0.0066702,0.0066024,0.0019459,0.014178,0.018766,0.031084,0.037365,0.1077,0.23526,0.37421,0.55678,0.65694,0.78321,0.84247,0.85979,0.91103,1.003,1.0353
0.1047,-0.011313,-0.0011358,-0.0011494,0.021916,0.018766,0.026441,0.042008,0.1077,0.23216,0.36957,0.55523,0.66313,0.77857,0.82544,0.86134,0.92805,0.98903,1.0446
0.1048,-0.0020273,0.0050547,0.0034935,0.023464,0.018766,0.027989,0.04046,0.1046,0.24609,0.36647,0.56452,0.66468,0.78321,0.82389,0.87372,0.9265,1.0014,1.0493
0.1049,-0.0020273,0.0019594,0.0081364,0.020368,0.018766,0.032632,0.043556,0.10305,0.25073,0.35874,0.56761,0.66313,0.77857,0.82235,0.87682,0.9265,0.99367,1.0601
0.105,-0.0051226,0.0035071,0.0019459,0.014178,0.017219,0.034179,0.042008,0.1046,0.25537,0.36183,0.56607,0.65384,0.77547,0.83782,0.87682,0.93734,0.99057,1.0524
0.1051,-0.0066702,0.0050547,0.014327,0.025011,0.026505,0.026441,0.038913,0.1046,0.25537,0.37267,0.56761,0.65384,0.78785,0.84556,0.88765,0.92805,0.98903,1.0415
0.1052,-0.0097655,-0.0042311,0.0065888,0.023464,0.021862,0.027989,0.045103,0.1077,0.25228,0.37576,0.5738,0.66158,0.78321,0.84401,0.89075,0.93269,0.98593,1.0493
0.1053,-0.0020273,-0.0026835,0.0065888,0.025011,0.0296,0.034179,0.04046,0.1077,0.25537,0.3835,0.57999,0.66468,0.7894,0.83473,0.88146,0.94662,0.98903,1.0462
0.1054,-0.0051226,0.0004118,0.0019459,0.020368,0.024957,0.037275,0.042008,0.1046,0.26157,0.3804,0.58619,0.66313,0.78321,0.84866,0.88455,0.94043,0.98129,1.04
0.1055,-0.0051226,0.0004118,0.00039822,0.020368,0.017219,0.034179,0.048199,0.11544,0.26466,0.37421,0.58619,0.67551,0.78166,0.82699,0.88146,0.94972,0.99676,1.0369
0.1056,-0.0066702,0.0019594,0.0019459,0.020368,0.024957,0.035727,0.042008,0.11544,0.26311,0.39433,0.58773,0.66932,0.77547,0.8208,0.88765,0.94662,0.99057,1.0493
0.1057,-0.0097655,0.0019594,-0.0011494,0.018821,0.017219,0.031084,0.043556,0.1077,0.2693,0.40671,0.59392,0.66313,0.77393,0.83627,0.89075,0.94662,0.98593,1.0524
0.1058,-0.014408,0.0096977,0.0065888,0.018821,0.014123,0.032632,0.048199,0.12782,0.27395,0.40362,0.58464,0.66313,0.77393,0.83782,0.89539,0.94662,0.98903,1.0539
0.1059,-0.0082179,0.0004118,0.0034935,0.020368,0.017219,0.027989,0.048199,0.12627,0.2724,0.40207,0.59238,0.66158,0.77702,0.83627,0.88455,0.93734,0.99367,1.0462
0.106,-0.0097655,0.0004118,0.0096841,0.023464,0.021862,0.026441,0.048199,0.12936,0.27704,0.40362,0.59238,0.66468,0.77083,0.82854,0.88301,0.94353,0.98593,1.0601
0.1061,-0.0051226,0.0035071,0.0081364,0.018821,0.023409,0.029536,0.046651,0.12627,0.26776,0.40207,0.59392,0.66003,0.76464,0.81616,0.87527,0.94508,0.99212,1.0632
0.1062,-0.003575,0.0019594,0.00039822,0.020368,0.018766,0.029536,0.049746,0.12627,0.2724,0.41755,0.59547,0.66158,0.76773,0.8177,0.87836,0.93115,0.99212,1.057
0.1063,-0.0066702,-0.0042311,0.0065888,0.023464,0.018766,0.020251,0.042008,0.12627,0.28478,0.416,0.60166,0.66468,0.77702,0.82854,0.88765,0.95127,0.99212,1.0493
0.1064,-0.0097655,0.0004118,0.0050412,0.021916,0.020314,0.027989,0.045103,0.13246,0.28942,0.41909,0.59238,0.65539,0.79095,0.82699,0.87217,0.93734,0.99522,1.0477
0.1065,-0.0097655,0.0050547,0.0081364,0.01263,0.023409,0.031084,0.048199,0.14484,0.29097,0.42683,0.59547,0.65694,0.7925,0.82544,0.88455,0.92341,0.99831,1.0477
0.1066,-0.0097655,0.0050547,0.014327,0.01263,0.023409,0.031084,0.049746,0.13555,0.28942,0.43148,0.59857,0.66622,0.78012,0.83627,0.89075,0.94972,1.0014,1.0477
0.1067,-0.003575,-0.0011358,0.0065888,0.015725,0.020314,0.029536,0.043556,0.13555,0.28942,0.42683,0.59083,0.68015,0.77857,0.82389,0.89384,0.94662,0.98283,1.0632
0.1068,-0.0097655,-0.0011358,0.0081364,0.01263,0.021862,0.031084,0.045103,0.13401,0.29871,0.42993,0.59857,0.67396,0.77238,0.84247,0.89848,0.95127,0.97045,1.0617
0.1069,-0.0020273,-0.0042311,0.0050412,0.020368,0.023409,0.026441,0.04046,0.13865,0.3018,0.42993,0.60166,0.67706,0.78785,0.8502,0.88455,0.94353,0.97819,1.0462
0.107,-0.0051226,0.0035071,0.0019459,0.014178,0.021862,0.029536,0.049746,0.13555,0.30026,0.43457,0.60166,0.6817,0.79095,0.83318,0.88765,0.92805,0.96891,1.0369
0.1071,-0.0082179,-0.0011358,-0.0011494,0.018821,0.018766,0.027989,0.043556,0.13246,0.29252,0.44231,0.6094,0.68944,0.78785,0.84711,0.87991,0.92186,0.9751,1.0415
0.1072,-0.003575,-0.0057788,-0.0042447,0.021916,0.021862,0.034179,0.043556,0.13555,0.29871,0.4454,0.6125,0.69408,0.78321,0.84711,0.86753,0.93424,0.97819,1.0415
0.1073,-0.0082179,-0.0026835,0.00039822,0.018821,0.024957,0.031084,0.043556,0.14329,0.30026,0.4485,0.61559,0.67706,0.7894,0.84092,0.88301,0.93734,0.97819,1.0555
0.1074,-0.0051226,-0.0088741,0.0034935,0.011082,0.028052,0.031084,0.048199,0.14329,0.30026,0.45314,0.62333,0.67551,0.78785,0.84247,0.89075,0.93889,0.98129,1.0508
0.1075,0.0026156,-0.0042311,0.014327,0.0095347,0.023409,0.026441,0.048199,0.14329,0.29561,0.44386,0.62333,0.68015,0.79559,0.84401,0.88146,0.94043,0.9751,1.0415
0.1076,-0.0066702,-0.0026835,0.011232,0.014178,0.018766,0.031084,0.045103,0.13401,0.29871,0.44386,0.61559,0.69099,0.78321,0.83782,0.87836,0.9296,0.96426,1.0307
0.1077,-0.0020273,0.0004118,0.0065888,0.018821,0.018766,0.023346,0.055937,0.14329,0.30799,0.44076,0.61404,0.68015,0.77393,0.83318,0.87217,0.93115,0.96426,1.04
0.1078,-0.0051226,0.0066024,0.0034935,0.018821,0.018766,0.027989,0.054389,0.1371,0.30026,0.43921,0.61404,0.67551,0.78012,0.83937,0.87836,0.92186,0.97045,1.0292
0.1079,-0.0082179,0.0050547,0.0019459,0.021916,0.020314,0.032632,0.049746,0.13401,0.30335,0.44076,0.60476,0.67706,0.79095,0.84401,0.87991,0.91722,0.97819,1.04
0.108,-0.0051226,-0.0026835,0.0019459,0.020368,0.020314,0.031084,0.049746,0.14484,0.30799,0.4454,0.60011,0.68015,0.77702,0.85175,0.8892,0.92496,0.98129,1.0446
0.1081,-0.00047968,-0.0042311,0.0050412,0.018821,0.023409,0.024894,0.055937,0.14639,0.3049,0.44076,0.6125,0.66932,0.77393,0.84401,0.87682,0.92031,0.97664,1.0524
0.1082,-0.003575,-0.0026835,0.014327,0.01263,0.032695,0.023346,0.055937,0.14948,0.30799,0.4454,0.6125,0.67396,0.78785,0.84092,0.89075,0.90793,0.98283,1.0539
0.1083,-0.0020273,-0.0073264,0.0065888,0.014178,0.020314,0.021798,0.059032,0.14484,0.31419,0.45314,0.61714,0.67087,0.80024,0.8502,0.88146,0.92186,0.98748,1.0524
0.1084,0.001068,-0.0057788,0.0019459,0.01263,0.015671,0.023346,0.06058,0.14329,0.31883,0.44076,0.62023,0.66932,0.80178,0.84401,0.89539,0.9296,0.98438,1.0446
0.1085,-0.0051226,0.0050547,0.0081364,0.0064395,0.021862,0.032632,0.049746,0.14484,0.31109,0.43457,0.6063,0.66777,0.78785,0.82235,0.90158,0.93115,0.98593,1.0384
0.1086,-0.0082179,0.0035071,0.015875,0.0017965,0.018766,0.034179,0.052842,0.14948,0.31883,0.44695,0.60476,0.67087,0.78476,0.81925,0.88455,0.93115,0.98593,1.0276
0.1087,-0.003575,0.00815,0.0019459,0.014178,0.011028,0.031084,0.054389,0.14948,0.32038,0.44695,0.61559,0.67551,0.78785,0.81925,0.88455,0.92341,0.97355,1.0292
0.1088,-0.00047968,0.0066024,0.00039822,0.015725,0.020314,0.032632,0.049746,0.14639,0.31109,0.4454,0.61869,0.66622,0.7894,0.80687,0.87991,0.94662,0.9751,1.0121
0.1089,-0.003575,0.0035071,0.0096841,0.01263,0.017219,0.024894,0.055937,0.16032,0.31573,0.45624,0.61559,0.65694,0.79095,0.81306,0.88146,0.93734,0.98593,1.0168
0.109,-0.003575,0.0066024,0.0050412,0.015725,0.026505,0.027989,0.055937,0.16032,0.32657,0.45469,0.61095,0.66158,0.7894,0.83627,0.88146,0.93269,0.98438,1.0183
0.1091,-0.0051226,0.0019594,0.0034935,0.020368,0.024957,0.027989,0.055937,0.15258,0.33276,0.45005,0.6094,0.66622,0.78321,0.83782,0.87682,0.91722,0.97664,1.0245
0.1092,-0.0097655,0.0050547,0.0081364,0.023464,0.015671,0.023346,0.054389,0.15567,0.3374,0.45624,0.61714,0.67087,0.78166,0.84247,0.87063,0.91567,0.98748,1.0214
0.1093,-0.003575,0.0019594,0.0081364,0.018821,0.023409,0.021798,0.049746,0.15258,0.3343,0.45933,0.61714,0.66158,0.78476,0.84556,0.87372,0.90948,0.99212,1.0353
0.1094,-0.0020273,-0.0026835,0.00039822,0.015725,0.017219,0.031084,0.052842,0.15567,0.32502,0.46243,0.61095,0.66313,0.78012,0.83937,0.87991,0.92031,0.97664,1.0353
0.1095,-0.0051226,-0.0011358,0.0034935,0.020368,0.020314,0.010965,0.055937,0.15103,0.32657,0.46398,0.61404,0.66932,0.79095,0.83008,0.88455,0.92496,0.98748,1.0369
0.1096,-0.0066702,0.0050547,0.015875,0.025011,0.023409,0.010965,0.055937,0.14639,0.32811,0.47326,0.62488,0.66777,0.79095,0.82699,0.87836,0.90948,0.98748,1.0322
0.1097,-0.012861,0.00815,0.0081364,0.021916,0.014123,0.027989,0.059032,0.15722,0.32811,0.46862,0.61714,0.67706,0.79095,0.82854,0.87217,0.90948,0.99367,1.0353
0.1098,-0.0051226,0.0004118,0.0034935,0.020368,0.015671,0.027989,0.052842,0.15413,0.33276,0.47171,0.61095,0.66932,0.78321,0.82544,0.87372,0.90638,0.99057,1.0338
0.1099,-0.003575,0.0035071,0.0019459,0.01263,0.018766,0.032632,0.049746,0.15567,0.33895,0.47326,0.60166,0.67087,0.7894,0.82389,0.87063,0.91567,0.99367,1.0353
0.11,-0.0051226,0.0019594,-0.0026971,0.014178,0.018766,0.031084,0.057485,0.15413,0.35442,0.46243,0.59857,0.67087,0.78631,0.83008,0.87527,0.91722,0.98438,1.0245
0.1101,-0.015956,0.0035071,0.0034935,0.025011,0.015671,0.031084,0.059032,0.17425,0.34049,0.45159,0.59392,0.67087,0.78321,0.82544,0.87063,0.91412,0.99676,1.0152
0.1102,-0.0097655,0.0035071,0.0065888,0.021916,0.017219,0.035727,0.057485,0.15877,0.34049,0.46552,0.59392,0.67396,0.77857,0.81925,0.87372,0.90793,0.98903,1.0369
0.1103,-0.0066702,0.0035071,0.00039822,0.014178,0.023409,0.029536,0.057485,0.15567,0.34204,0.47326,0.59083,0.67241,0.78012,0.82699,0.87217,0.90019,0.98903,1.0493
0.1104,-0.0066702,0.0066024,0.0096841,0.018821,0.020314,0.024894,0.055937,0.15877,0.34204,0.47326,0.60476,0.67241,0.78012,0.8208,0.87372,0.89555,0.99212,1.0462
0.1105,-0.0020273,0.0004118,0.0081364,0.018821,0.014123,0.031084,0.052842,0.16651,0.34359,0.46243,0.60166,0.67861,0.77702,0.8177,0.86134,0.90638,0.98593,1.04
0.1106,-0.0020273,-0.0011358,0.0034935,0.023464,0.014123,0.031084,0.055937,0.16496,0.35133,0.46707,0.6094,0.67396,0.78012,0.8177,0.85979,0.90948,0.99522,1.0292
0.1107,-0.0066702,-0.0011358,0.0034935,0.01263,0.014123,0.032632,0.057485,0.1696,0.34514,0.46707,0.6094,0.66932,0.77702,0.81461,0.87527,0.90793,0.98283,1.0462
0.1108,-0.0066702,-0.0057788,0.0019459,0.0079871,0.026505,0.031084,0.057485,0.17115,0.34359,0.46398,0.60476,0.6848,0.78012,0.83627,0.87682,0.92186,0.97355,1.0493
0.1109,-0.00047968,-0.0026835,0.0034935,0.01263,0.015671,0.027989,0.055937,0.16651,0.34514,0.47326,0.6063,0.67861,0.77547,0.82389,0.87372,0.91877,0.9751,1.0524
0.111,0.0041632,-0.0042311,0.00039822,0.014178,0.018766,0.034179,0.055937,0.1727,0.34823,0.47481,0.6125,0.6817,0.77547,0.81925,0.87682,0.90638,0.97819,1.0369
0.1111,0.001068,-0.0011358,0.014327,0.015725,0.021862,0.038822,0.055937,0.1727,0.35133,0.46398,0.61095,0.67087,0.77393,0.80996,0.87836,0.90329,0.97355,1.0307
0.1112,-0.003575,0.0050547,0.0050412,0.021916,0.017219,0.037275,0.06677,0.16651,0.34359,0.46707,0.61559,0.67087,0.77702,0.82389,0.87527,0.90948,0.97664,1.0322
0.1113,-0.00047968,0.0004118,0.0081364,0.01263,0.020314,0.029536,0.055937,0.17425,0.34514,0.46862,0.61095,0.66777,0.76773,0.81461,0.86289,0.90174,0.97045,1.04
0.1114,-0.0082179,-0.0026835,0.0019459,0.01263,0.024957,0.020251,0.059032,0.1727,0.35133,0.47017,0.61404,0.67861,0.75845,0.82389,0.86134,0.91258,0.96891,1.0353
0.1115,-0.0066702,0.0035071,0.0050412,0.014178,0.014123,0.027989,0.057485,0.17734,0.34514,0.46243,0.61404,0.67241,0.7569,0.81306,0.86753,0.90638,0.98129,1.0276
0.1116,-0.0020273,0.0035071,0.0050412,0.014178,0.015671,0.032632,0.062127,0.17579,0.34823,0.46552,0.61714,0.66622,0.76154,0.80377,0.87217,0.894,0.99057,1.0245
0.1117,-0.0066702,0.0096977,0.0081364,0.018821,0.017219,0.032632,0.06677,0.17425,0.35133,0.47481,0.60166,0.66468,0.77083,0.81461,0.87372,0.90329,0.98129,1.0307
0.1118,-0.003575,0.0035071,0.014327,0.020368,0.024957,0.032632,0.063675,0.17734,0.35597,0.4779,0.60011,0.66622,0.75845,0.81616,0.87527,0.90329,0.98438,1.0276
0.1119,-0.0066702,0.0019594,0.011232,0.011082,0.0296,0.026441,0.062127,0.17734,0.36526,0.47171,0.60011,0.67087,0.74916,0.81306,0.87063,0.8971,0.99057,1.0307
0.112,-0.0066702,0.0004118,0.0034935,0.023464,0.018766,0.029536,0.063675,0.18044,0.35907,0.47636,0.60166,0.68015,0.75845,0.81616,0.85979,0.90638,0.98748,1.0307
0.1121,-0.017504,-0.0026835,0.0019459,0.0095347,0.014123,0.035727,0.059032,0.18044,0.35133,0.481,0.59547,0.67087,0.77238,0.8208,0.85979,0.91567,0.98748,1.0292
0.1122,-0.0082179,-0.0026835,0.0034935,0.020368,0.020314,0.041918,0.062127,0.18198,0.35752,0.481,0.59857,0.67087,0.76773,0.81461,0.85824,0.90638,0.98748,1.0106
0.1123,0.001068,0.0004118,0.0019459,0.021916,0.024957,0.035727,0.059032,0.18972,0.37145,0.47326,0.59857,0.67241,0.75535,0.81925,0.85824,0.90793,0.99367,1.0137
0.1124,-0.00047968,0.0096977,-0.0042447,0.015725,0.026505,0.031084,0.057485,0.19746,0.36216,0.47017,0.59857,0.68015,0.76773,0.83318,0.86753,0.91722,0.99057,1.0075
0.1125,-0.003575,0.0035071,0.0019459,0.014178,0.021862,0.031084,0.059032,0.19127,0.36061,0.47017,0.60011,0.67551,0.76928,0.81925,0.87991,0.91722,0.99057,0.99201
0.1126,-0.0066702,0.0035071,0.0019459,0.011082,0.017219,0.029536,0.057485,0.19282,0.35752,0.47636,0.60476,0.67396,0.78476,0.81306,0.87063,0.91877,0.98748,1.0013
0.1127,-0.015956,0.0050547,0.0050412,0.0095347,0.018766,0.031084,0.063675,0.19436,0.35907,0.47945,0.6094,0.67396,0.78012,0.81151,0.86753,0.92186,0.98748,1.0152
0.1128,-0.0082179,0.0019594,-0.0011494,0.014178,0.020314,0.035727,0.059032,0.18972,0.36216,0.47017,0.60166,0.66158,0.77393,0.80687,0.86598,0.91877,0.98129,1.0059
0.1129,-0.0066702,0.0035071,-0.0011494,0.018821,0.0296,0.038822,0.06677,0.18663,0.36526,0.47945,0.6063,0.6523,0.77083,0.8177,0.86753,0.92186,0.98438,1.0137
0.113,-0.0051226,0.0035071,0.0019459,0.018821,0.0296,0.034179,0.063675,0.18198,0.36061,0.47945,0.6063,0.65694,0.76773,0.82854,0.86134,0.92186,0.98438,1.0214
0.1131,-0.0051226,0.0019594,0.0050412,0.011082,0.018766,0.034179,0.062127,0.18663,0.36835,0.47017,0.59392,0.66777,0.77238,0.82544,0.86289,0.92496,0.98593,1.0106
0.1132,-0.003575,0.0004118,0.011232,0.01263,0.023409,0.023346,0.057485,0.19746,0.35907,0.481,0.59392,0.67087,0.77547,0.81616,0.8536,0.93115,0.9751,1.0106
0.1133,-0.0020273,-0.0011358,0.0065888,0.014178,0.017219,0.031084,0.06677,0.19282,0.35288,0.47636,0.59857,0.66777,0.76773,0.81461,0.8567,0.93424,0.98748,0.99665
0.1134,-0.0051226,-0.0042311,0.0081364,0.011082,0.020314,0.031084,0.06058,0.19127,0.35752,0.48255,0.60011,0.67087,0.76773,0.82544,0.84741,0.93734,0.99522,1.0121
0.1135,-0.0051226,-0.0026835,0.0065888,0.021916,0.032695,0.034179,0.055937,0.19746,0.36526,0.481,0.59392,0.66468,0.7569,0.82854,0.8536,0.9265,0.98748,1.0075
0.1136,-0.00047968,0.0004118,0.00039822,0.015725,0.0296,0.032632,0.06058,0.18972,0.34204,0.4841,0.60011,0.66468,0.76619,0.82544,0.8567,0.92496,0.97819,1.0028
0.1137,-0.003575,-0.0057788,0.0096841,0.020368,0.018766,0.031084,0.072961,0.18663,0.35597,0.481,0.6063,0.67241,0.75226,0.80842,0.85979,0.92805,0.98593,1.009
0.1138,-0.00047968,0.0004118,0.0065888,0.011082,0.023409,0.024894,0.068318,0.19746,0.35442,0.47945,0.6125,0.66313,0.74297,0.79139,0.85824,0.93115,0.97664,1.0152
0.1139,-0.00047968,-0.0042311,0.0050412,0.014178,0.023409,0.032632,0.06677,0.2021,0.35133,0.47945,0.6063,0.67396,0.74762,0.79139,0.85824,0.93269,0.97355,1.0121
0.114,-0.0020273,0.0019594,0.014327,0.018821,0.017219,0.034179,0.06677,0.18817,0.35597,0.48564,0.59238,0.6848,0.75845,0.79913,0.86753,0.91567,0.97664,1.0214
0.1141,0.001068,0.0035071,0.0081364,0.018821,0.023409,0.031084,0.063675,0.18972,0.37609,0.48255,0.59392,0.67706,0.77238,0.81151,0.85205,0.91258,0.96581,1.0121
0.1142,-0.0051226,-0.0057788,0.0081364,0.01263,0.018766,0.027989,0.062127,0.18972,0.37145,0.48719,0.59547,0.67551,0.76773,0.80842,0.85515,0.91412,0.96891,1.0152
0.1143,-0.0051226,0.0004118,0.0096841,0.014178,0.020314,0.034179,0.076056,0.19127,0.3668,0.47636,0.59702,0.6817,0.76773,0.79604,0.85205,0.91567,0.9751,1.0121
0.1144,0.0026156,-0.0011358,0.0065888,0.018821,0.018766,0.035727,0.06677,0.19901,0.36835,0.47171,0.60166,0.67551,0.75845,0.79604,0.86444,0.90793,0.97355,1.0137
0.1145,-0.014408,-0.0042311,0.0050412,0.014178,0.021862,0.034179,0.068318,0.19746,0.37145,0.48719,0.6063,0.6848,0.75845,0.79449,0.86134,0.90329,0.96736,1.0152
0.1146,-0.011313,-0.0011358,0.0034935,0.014178,0.0296,0.04037,0.06677,0.19282,0.373,0.48719,0.60011,0.6817,0.75226,0.79139,0.85979,0.90174,0.97355,1.0013
0.1147,-0.012861,0.0066024,0.0034935,0.018821,0.021862,0.037275,0.06677,0.19746,0.36835,0.48719,0.59392,0.68789,0.75226,0.80532,0.86289,0.91567,0.96426,1.0044
0.1148,-0.003575,0.0004118,0.0081364,0.0048918,0.020314,0.027989,0.062127,0.20675,0.3668,0.49338,0.59702,0.68789,0.75535,0.80996,0.8536,0.92496,0.96426,0.99665
0.1149,-0.0020273,-0.0042311,0.0019459,0.011082,0.017219,0.026441,0.06677,0.20365,0.3668,0.49183,0.59857,0.69099,0.75535,0.80223,0.85515,0.91877,0.96736,0.99665
0.115,-0.0066702,0.0035071,0.0019459,0.014178,0.020314,0.035727,0.06677,0.19591,0.37145,0.49338,0.60011,0.69563,0.75381,0.79758,0.8536,0.90329,0.96581,1.0028
0.1151,-0.011313,-0.0011358,0.0034935,0.011082,0.020314,0.029536,0.076056,0.19282,0.373,0.48255,0.59392,0.69718,0.75535,0.7883,0.8536,0.90793,0.95807,0.98736
0.1152,-0.0066702,0.0019594,0.014327,0.015725,0.020314,0.031084,0.071413,0.19901,0.373,0.48255,0.59392,0.6817,0.75381,0.79139,0.84586,0.91722,0.95807,0.97498
0.1153,-0.0066702,0.0035071,0.017422,0.011082,0.028052,0.032632,0.068318,0.20365,0.37764,0.481,0.60011,0.68325,0.74762,0.79449,0.84896,0.91877,0.96117,0.97189
0.1154,-0.0066702,0.0035071,0.0081364,0.01263,0.023409,0.031084,0.068318,0.2021,0.373,0.47945,0.60011,0.67551,0.75535,0.78365,0.85515,0.90174,0.95033,0.98891
0.1155,-0.0051226,-0.0026835,0.0050412,0.0095347,0.015671,0.026441,0.072961,0.20365,0.36526,0.48564,0.59392,0.68015,0.75535,0.78675,0.8536,0.91103,0.9395,0.98736
0.1156,-0.0020273,0.0004118,0.0081364,0.023464,0.023409,0.032632,0.077604,0.2021,0.3699,0.48255,0.59238,0.6848,0.75845,0.79139,0.8567,0.91877,0.93795,0.99355
0.1157,-0.003575,0.0019594,-0.0026971,0.018821,0.026505,0.034179,0.069866,0.19901,0.36835,0.481,0.59857,0.69253,0.75226,0.78985,0.8536,0.91567,0.94879,0.9951
0.1158,-0.003575,-0.0042311,0.0019459,0.01263,0.026505,0.031084,0.071413,0.19746,0.37919,0.4841,0.60011,0.67551,0.74916,0.80377,0.85205,0.90329,0.95498,1.0013
0.1159,-0.0051226,-0.0057788,0.0019459,0.0095347,0.026505,0.026441,0.068318,0.20365,0.3699,0.4841,0.59702,0.65694,0.74916,0.80068,0.85824,0.8971,0.9395,0.99046
0.116,-0.012861,0.0004118,0.0019459,0.015725,0.028052,0.031084,0.068318,0.20984,0.3668,0.49493,0.59392,0.67087,0.75071,0.78985,0.85979,0.90948,0.94879,0.9951
0.1161,-0.0066702,-0.0011358,0.0034935,0.01263,0.020314,0.031084,0.06058,0.20365,0.36061,0.49183,0.59392,0.68789,0.74916,0.78675,0.85515,0.90793,0.95498,0.98891
0.1162,-0.0020273,-0.0011358,0.0065888,0.01263,0.023409,0.034179,0.063675,0.19746,0.36371,0.48564,0.58464,0.68789,0.76619,0.79604,0.85205,0.894,0.95033,0.97653
0.1163,-0.0082179,0.0004118,0.00039822,0.014178,0.023409,0.037275,0.062127,0.2021,0.37145,0.4841,0.58154,0.67706,0.76773,0.79758,0.85824,0.90793,0.95498,0.97653
0.1164,-0.003575,0.0004118,0.0034935,0.014178,0.023409,0.04037,0.063675,0.20365,0.3668,0.48564,0.58928,0.67241,0.75381,0.80377,0.8567,0.90793,0.95807,0.97963
0.1165,-0.0082179,0.0019594,0.0081364,0.015725,0.015671,0.037275,0.068318,0.19127,0.36526,0.49183,0.58773,0.67241,0.76619,0.80532,0.85205,0.90019,0.95498,0.99355
0.1166,-0.017504,0.0019594,0.00039822,0.018821,0.020314,0.038822,0.063675,0.19746,0.35752,0.48564,0.60166,0.66622,0.77393,0.80996,0.85205,0.89555,0.95188,0.98117
0.1167,-0.0082179,0.0035071,0.00039822,0.014178,0.023409,0.034179,0.063675,0.2021,0.35907,0.48564,0.59702,0.67706,0.74916,0.80532,0.8567,0.90329,0.95807,0.98582
0.1168,-0.015956,0.00815,0.00039822,0.018821,0.0296,0.029536,0.055937,0.19436,0.3668,0.48719,0.60166,0.6817,0.74916,0.79604,0.86134,0.89865,0.97045,0.98736
0.1169,-0.0020273,0.0050547,-0.0011494,0.018821,0.026505,0.031084,0.06677,0.2052,0.35597,0.47481,0.59702,0.69872,0.75535,0.79913,0.85979,0.90174,0.96891,0.97344
0.117,-0.00047968,-0.0042311,-0.0026971,0.018821,0.018766,0.027989,0.06677,0.20365,0.35752,0.47945,0.59857,0.69718,0.7569,0.81151,0.8567,0.90019,0.96117,0.97808
0.1171,-0.0051226,-0.0011358,0.014327,0.014178,0.018766,0.035727,0.069866,0.19746,0.37145,0.47481,0.59547,0.69253,0.75381,0.81461,0.85205,0.90638,0.96581,0.99355
0.1172,-0.0082179,-0.0011358,0.00039822,0.01263,0.021862,0.031084,0.072961,0.21294,0.37145,0.4779,0.59392,0.68944,0.74607,0.80532,0.85979,0.90793,0.96891,0.9982
0.1173,-0.00047968,0.0004118,-0.0011494,0.0095347,0.028052,0.031084,0.071413,0.22067,0.3699,0.46862,0.59238,0.67706,0.74297,0.79758,0.83813,0.91567,0.96117,0.98736
0.1174,0.001068,0.0019594,0.0034935,0.023464,0.023409,0.035727,0.074509,0.19901,0.36835,0.47326,0.59702,0.68944,0.75071,0.79139,0.84432,0.91722,0.96581,0.99355
0.1175,-0.0097655,-0.0011358,0.0081364,0.018821,0.017219,0.04037,0.055937,0.21139,0.3699,0.47945,0.59547,0.69253,0.74916,0.80842,0.85979,0.91567,0.95652,0.98427
0.1176,-0.014408,-0.0011358,0.017422,0.01263,0.018766,0.038822,0.062127,0.21913,0.36061,0.48719,0.59083,0.67861,0.74607,0.81616,0.85051,0.89865,0.95962,0.98427
0.1177,-0.0051226,-0.0011358,0.014327,0.011082,0.020314,0.037275,0.068318,0.21758,0.373,0.4841,0.59083,0.67706,0.75226,0.8177,0.85824,0.89865,0.95807,0.98117
0.1178,-0.0051226,-0.0042311,0.0065888,0.01263,0.023409,0.029536,0.065223,0.21913,0.36835,0.49029,0.59083,0.67706,0.74452,0.80532,0.85051,0.90329,0.96117,0.98117
0.1179,-0.0020273,0.0066024,0.0050412,0.021916,0.024957,0.027989,0.068318,0.21448,0.36061,0.481,0.59083,0.6817,0.74142,0.80223,0.85515,0.90638,0.95962,0.98427
0.118,-0.00047968,0.0019594,0.0050412,0.023464,0.017219,0.037275,0.062127,0.20984,0.35907,0.4779,0.58464,0.69563,0.74762,0.78985,0.84122,0.90329,0.96426,0.98891
0.1181,-0.003575,0.0066024,0.0050412,0.011082,0.015671,0.029536,0.068318,0.21603,0.3668,0.4841,0.58309,0.70182,0.75381,0.78365,0.84432,0.89865,0.96736,0.98427
0.1182,-0.014408,0.0004118,0.014327,0.011082,0.018766,0.037275,0.071413,0.21139,0.37609,0.48255,0.58154,0.68944,0.75845,0.7852,0.84277,0.89865,0.95652,0.98427
0.1183,-0.014408,-0.0011358,0.014327,0.011082,0.023409,0.038822,0.071413,0.21603,0.38073,0.481,0.58309,0.68944,0.75071,0.79758,0.83813,0.90638,0.95962,0.97344
0.1184,-0.0097655,-0.0042311,0.00039822,0.021916,0.024957,0.037275,0.076056,0.21139,0.3699,0.47945,0.58773,0.6817,0.74452,0.7883,0.83967,0.89555,0.94105,0.97498
0.1185,-0.0066702,-0.0026835,0.0096841,0.020368,0.023409,0.034179,0.072961,0.2021,0.3699,0.48719,0.58154,0.69563,0.75535,0.7883,0.83813,0.90638,0.93795,0.97189
0.1186,-0.012861,-0.0026835,0.0081364,0.014178,0.024957,0.035727,0.06058,0.2052,0.3668,0.49029,0.58309,0.68944,0.75381,0.78211,0.83967,0.90329,0.92712,0.97498
0.1187,-0.017504,-0.0042311,0.0034935,0.0095347,0.020314,0.026441,0.069866,0.20829,0.36061,0.49029,0.59857,0.67396,0.75226,0.78675,0.84122,0.90174,0.94879,0.97189
0.1188,-0.0097655,0.0004118,0.0065888,0.014178,0.017219,0.031084,0.072961,0.21294,0.37145,0.49957,0.59857,0.67396,0.74762,0.79913,0.82884,0.90793,0.95033,0.95951
0.1189,-0.0051226,-0.0011358,0.0019459,0.018821,0.023409,0.032632,0.077604,0.20365,0.37764,0.49648,0.58928,0.67241,0.73833,0.79449,0.83503,0.89555,0.94569,0.96879
0.119,-0.003575,0.0019594,0.015875,0.01263,0.023409,0.034179,0.068318,0.19746,0.3699,0.48719,0.58619,0.66622,0.75071,0.78985,0.83813,0.91103,0.94105,0.96105
0.1191,-0.0097655,0.0019594,0.017422,0.018821,0.021862,0.027989,0.06677,0.20984,0.3699,0.48255,0.57535,0.67706,0.76154,0.79139,0.83348,0.90948,0.93795,0.96415
0.1192,-0.0082179,-0.0042311,0.0065888,0.020368,0.026505,0.024894,0.071413,0.20829,0.37764,0.48719,0.58154,0.67706,0.75535,0.79758,0.83348,0.90948,0.92867,0.97344
0.1193,-0.011313,-0.0011358,0.011232,0.011082,0.021862,0.037275,0.072961,0.19746,0.3699,0.4841,0.58464,0.67241,0.74916,0.79913,0.84277,0.89865,0.93331,0.97034
0.1194,-0.0097655,0.0035071,0.0050412,0.0095347,0.020314,0.038822,0.079152,0.20365,0.37609,0.49029,0.58309,0.67241,0.75381,0.80068,0.83658,0.90793,0.95188,0.97034
0.1195,-0.003575,0.00815,0.0034935,0.018821,0.024957,0.035727,0.071413,0.20829,0.37609,0.49183,0.58309,0.67396,0.76309,0.78985,0.82884,0.91567,0.93795,0.98427
0.1196,-0.0051226,0.0019594,0.0065888,0.023464,0.026505,0.027989,0.072961,0.21448,0.37145,0.48874,0.57535,0.66932,0.76928,0.80068,0.82884,0.90019,0.93021,0.99201
0.1197,-0.003575,-0.0011358,0.0096841,0.011082,0.021862,0.029536,0.063675,0.21294,0.36835,0.49029,0.5738,0.66777,0.76309,0.79913,0.83503,0.90174,0.94414,0.98582
0.1198,-0.0051226,-0.0026835,0.0096841,0.023464,0.020314,0.031084,0.06677,0.21448,0.3668,0.48719,0.58464,0.66932,0.75226,0.79758,0.84277,0.90019,0.93486,0.97808
0.1199,-0.003575,-0.010422,0.0065888,0.0048918,0.018766,0.034179,0.068318,0.20365,0.37145,0.49183,0.5738,0.67087,0.74762,0.78675,0.85824,0.89865,0.92867,0.98582
0.12,-0.012861,-0.0042311,0.0081364,0.01263,0.021862,0.034179,0.071413,0.21139,0.36371,0.49648,0.58464,0.6848,0.75226,0.79139,0.86134,0.90948,0.92867,0.97808
0.1201,-0.0097655,0.0035071,0.0034935,0.01263,0.023409,0.029536,0.071413,0.21758,0.36371,0.49648,0.57845,0.68789,0.74452,0.79449,0.84896,0.90329,0.94105,0.97808
0.1202,-0.0082179,0.0066024,0.0050412,0.01263,0.021862,0.034179,0.06677,0.21913,0.38228,0.49648,0.58464,0.66777,0.73833,0.79139,0.84432,0.89555,0.93331,0.99046
0.1203,0.0057109,0.00815,0.00039822,0.015725,0.021862,0.038822,0.072961,0.22067,0.37764,0.48719,0.58619,0.66622,0.73988,0.79604,0.84741,0.88936,0.92867,0.98117
0.1204,0.0041632,0.0035071,-0.0026971,0.014178,0.015671,0.027989,0.079152,0.22222,0.3668,0.49338,0.59392,0.67396,0.74452,0.79139,0.83813,0.88936,0.93176,0.97189
0.1205,-0.0051226,0.0019594,-0.0011494,0.020368,0.024957,0.029536,0.076056,0.22996,0.37454,0.50112,0.58309,0.6817,0.74452,0.80068,0.83658,0.88781,0.93331,0.97653
0.1206,-0.0066702,-0.0026835,-0.0042447,0.018821,0.024957,0.027989,0.076056,0.22841,0.37609,0.50112,0.57845,0.67706,0.75845,0.80996,0.83813,0.88472,0.93331,0.96879
0.1207,-0.0020273,0.0004118,0.0065888,0.020368,0.023409,0.023346,0.079152,0.22687,0.37145,0.49029,0.58154,0.67241,0.74142,0.80996,0.84586,0.89091,0.93176,0.9657
0.1208,-0.00047968,-0.0011358,0.0050412,0.015725,0.028052,0.034179,0.074509,0.22841,0.3699,0.49493,0.57535,0.67087,0.74142,0.80687,0.83967,0.8971,0.9395,0.97189
0.1209,-0.0082179,0.0019594,0.0034935,0.020368,0.026505,0.026441,0.072961,0.22841,0.373,0.48719,0.58154,0.66777,0.74297,0.79758,0.82884,0.91258,0.93486,0.97189
0.121,-0.0051226,0.0019594,0.0081364,0.026559,0.026505,0.029536,0.068318,0.22996,0.373,0.49493,0.5738,0.66932,0.74452,0.78365,0.83813,0.90638,0.93486,0.97498
0.1211,-0.0020273,0.00815,-0.0011494,0.020368,0.031147,0.029536,0.072961,0.22222,0.373,0.50112,0.58619,0.67241,0.73988,0.79139,0.84122,0.88781,0.93795,0.98891
0.1212,-0.0066702,-0.0026835,0.0065888,0.023464,0.023409,0.031084,0.069866,0.22067,0.3699,0.49957,0.58773,0.66313,0.74297,0.78675,0.83813,0.88781,0.94105,0.98891
0.1213,-0.011313,-0.0026835,0.0050412,0.014178,0.014123,0.029536,0.076056,0.23151,0.3668,0.50267,0.58619,0.68015,0.73523,0.7883,0.84586,0.8971,0.94569,0.98582
0.1214,-0.0066702,-0.0011358,0.0050412,0.0095347,0.020314,0.031084,0.080699,0.2346,0.3699,0.48874,0.59392,0.68015,0.73678,0.79139,0.84122,0.89555,0.94105,0.98117
0.1215,-0.0066702,-0.0026835,0.0050412,0.020368,0.021862,0.032632,0.080699,0.22222,0.37454,0.49493,0.59083,0.6848,0.72904,0.79449,0.84586,0.89865,0.93331,0.97963
0.1216,-0.0051226,0.0004118,-0.0026971,0.01263,0.026505,0.024894,0.079152,0.22377,0.373,0.49648,0.57845,0.68325,0.74142,0.79139,0.83813,0.894,0.92557,0.97653
0.1217,-0.015956,0.0035071,0.0019459,0.020368,0.023409,0.037275,0.082247,0.22687,0.37919,0.49183,0.5769,0.67551,0.73214,0.78211,0.83813,0.89091,0.92712,0.97498
0.1218,-0.0051226,0.0004118,0.0019459,0.018821,0.026505,0.031084,0.080699,0.22687,0.37764,0.49338,0.58464,0.67241,0.72595,0.78056,0.82884,0.90019,0.92248,0.97034
0.1219,-0.003575,0.0004118,0.011232,0.018821,0.026505,0.032632,0.072961,0.22222,0.3668,0.49648,0.57999,0.67396,0.7275,0.78056,0.82729,0.90174,0.92402,0.97189
0.122,-0.011313,0.0035071,0.0065888,0.014178,0.026505,0.031084,0.076056,0.21758,0.36835,0.49648,0.58619,0.67861,0.73988,0.79758,0.82884,0.90019,0.92712,0.97034
0.1221,-0.0066702,0.00815,0.0034935,0.020368,0.026505,0.029536,0.082247,0.22841,0.373,0.49029,0.58464,0.67241,0.74142,0.80068,0.82729,0.89091,0.92867,0.97344
0.1222,-0.0082179,-0.0057788,0.0019459,0.018821,0.020314,0.026441,0.080699,0.22996,0.36835,0.49183,0.58309,0.66932,0.72904,0.7883,0.82884,0.88936,0.91474,0.95796
0.1223,0.0041632,-0.0088741,0.0019459,0.018821,0.026505,0.034179,0.079152,0.22841,0.36835,0.49648,0.58619,0.66622,0.73059,0.79758,0.83348,0.894,0.92248,0.94713
0.1224,-0.00047968,-0.0073264,0.00039822,0.026559,0.026505,0.032632,0.074509,0.23151,0.37145,0.49957,0.58309,0.66777,0.71666,0.79449,0.83503,0.89865,0.92402,0.95951
0.1225,-0.0066702,-0.013517,0.0065888,0.021916,0.020314,0.027989,0.069866,0.22377,0.37145,0.49338,0.5769,0.66468,0.73059,0.80223,0.82729,0.89246,0.92093,0.96105
0.1226,-0.0097655,-0.0011358,0.0065888,0.025011,0.018766,0.032632,0.074509,0.22222,0.373,0.50421,0.57535,0.67706,0.73833,0.78985,0.8242,0.88317,0.92093,0.9626
0.1227,-0.0097655,-0.0011358,0.0096841,0.014178,0.020314,0.037275,0.063675,0.22687,0.3699,0.50421,0.5769,0.67551,0.72595,0.78365,0.82729,0.89246,0.93021,0.9626
0.1228,-0.0082179,-0.0011358,0.0019459,0.020368,0.015671,0.038822,0.076056,0.22067,0.36216,0.50576,0.58928,0.66932,0.7275,0.78056,0.81955,0.88472,0.92712,0.95332
0.1229,-0.014408,-0.0011358,0.0065888,0.025011,0.023409,0.035727,0.069866,0.22532,0.3699,0.49029,0.59238,0.6848,0.73369,0.78675,0.82265,0.89091,0.91629,0.95641
0.123,-0.011313,-0.0042311,0.0096841,0.015725,0.026505,0.035727,0.072961,0.23151,0.37454,0.49648,0.58154,0.67087,0.73369,0.7883,0.8242,0.88781,0.91474,0.96415
0.1231,-0.0097655,-0.0057788,0.00039822,0.011082,0.020314,0.026441,0.076056,0.22996,0.37609,0.49183,0.57999,0.68015,0.73059,0.78985,0.82574,0.88317,0.91319,0.96879
0.1232,-0.0097655,0.0035071,0.00039822,0.020368,0.020314,0.027989,0.079152,0.22377,0.3699,0.49338,0.5769,0.67706,0.7275,0.79449,0.81182,0.88317,0.92557,0.95951
0.1233,-0.0097655,0.0035071,0.0096841,0.01263,0.023409,0.029536,0.076056,0.22532,0.38228,0.50267,0.56916,0.68015,0.73369,0.79139,0.81182,0.88781,0.91319,0.95022
0.1234,-0.003575,-0.0088741,0.0081364,0.0095347,0.021862,0.038822,0.072961,0.22996,0.37919,0.49648,0.5769,0.6817,0.73678,0.79913,0.81646,0.89246,0.90855,0.95332
0.1235,-0.0097655,-0.0057788,0.01897,0.023464,0.0296,0.034179,0.079152,0.21913,0.37919,0.49338,0.58619,0.6817,0.73833,0.79604,0.82574,0.89555,0.91938,0.9626
0.1236,-0.0051226,-0.0026835,0.0081364,0.021916,0.020314,0.029536,0.076056,0.21603,0.37764,0.49493,0.58309,0.67396,0.73059,0.7852,0.82265,0.88472,0.92867,0.9657
0.1237,-0.0082179,0.00815,0.0050412,0.01263,0.017219,0.031084,0.071413,0.21913,0.36526,0.49029,0.56761,0.66468,0.71821,0.79449,0.8242,0.88781,0.92712,0.97034
0.1238,-0.015956,0.0066024,-0.0026971,0.01263,0.018766,0.031084,0.076056,0.22687,0.373,0.48874,0.56916,0.66003,0.71357,0.79139,0.80562,0.89091,0.92402,0.97034
0.1239,-0.0097655,-0.0057788,0.0065888,0.018821,0.018766,0.032632,0.074509,0.22067,0.37609,0.48719,0.57845,0.67087,0.71357,0.77746,0.81027,0.88781,0.90855,0.96724
0.124,-0.0020273,0.0019594,0.0034935,0.0079871,0.018766,0.031084,0.074509,0.21139,0.37609,0.49029,0.56916,0.66622,0.71047,0.78056,0.81182,0.894,0.90236,0.96724
0.1241,-0.0082179,0.0004118,0.0034935,0.0095347,0.023409,0.034179,0.077604,0.21139,0.3699,0.49648,0.56607,0.67396,0.71511,0.78365,0.81801,0.88317,0.89771,0.97034
0.1242,-0.015956,-0.0011358,-0.0011494,0.0079871,0.0296,0.032632,0.080699,0.21448,0.37764,0.49338,0.56297,0.67551,0.7275,0.77901,0.81646,0.87543,0.91319,0.9626
0.1243,-0.019051,0.0050547,0.00039822,0.014178,0.024957,0.032632,0.071413,0.21448,0.38538,0.49029,0.56761,0.67087,0.72131,0.77592,0.81336,0.86924,0.92093,0.9626
0.1244,-0.015956,0.0035071,0.0019459,0.014178,0.024957,0.035727,0.076056,0.22067,0.38383,0.48255,0.57226,0.67396,0.71202,0.77437,0.80717,0.87388,0.93331,0.96415
0.1245,-0.014408,0.0004118,-0.0026971,0.018821,0.024957,0.029536,0.074509,0.22841,0.38538,0.48255,0.57226,0.67396,0.71511,0.77746,0.81801,0.86305,0.92557,0.97189
0.1246,-0.003575,-0.0042311,-0.0026971,0.025011,0.021862,0.032632,0.076056,0.22841,0.37609,0.4779,0.57999,0.66313,0.71357,0.7852,0.81646,0.87079,0.92712,0.95177
0.1247,0.0026156,0.0004118,0.0019459,0.023464,0.020314,0.027989,0.079152,0.22222,0.38538,0.481,0.58154,0.66158,0.71047,0.78211,0.81491,0.88162,0.93021,0.95486
0.1248,0.001068,-0.0011358,0.0081364,0.018821,0.018766,0.027989,0.082247,0.22377,0.38538,0.48255,0.58619,0.66003,0.70892,0.78675,0.81646,0.87853,0.92402,0.96415
0.1249,0.001068,0.0004118,0.0065888,0.011082,0.018766,0.027989,0.072961,0.22996,0.37764,0.47945,0.59238,0.66003,0.71202,0.77901,0.81646,0.87853,0.93795,0.95332
0.125,-0.0097655,-0.0011358,0.0065888,0.018821,0.021862,0.027989,0.069866,0.23151,0.37454,0.48255,0.59083,0.65694,0.71047,0.77282,0.81027,0.88007,0.94724,0.94713
0.1251,-0.0082179,-0.0011358,-0.0026971,0.01263,0.021862,0.027989,0.077604,0.22687,0.38228,0.48255,0.59392,0.65384,0.72131,0.76354,0.81646,0.88007,0.93176,0.95486
0.1252,-0.0020273,-0.0057788,0.00039822,0.018821,0.021862,0.031084,0.072961,0.22996,0.38538,0.47481,0.58928,0.66003,0.71666,0.76973,0.83039,0.87698,0.93641,0.95332
0.1253,-0.0066702,0.0004118,0.0065888,0.021916,0.021862,0.035727,0.080699,0.2346,0.37764,0.47945,0.58619,0.66158,0.71976,0.77437,0.83813,0.87079,0.93021,0.95332
0.1254,-0.012861,0.0050547,0.00039822,0.011082,0.023409,0.032632,0.076056,0.2346,0.37764,0.481,0.58464,0.66622,0.70738,0.78675,0.83503,0.86615,0.91629,0.95332
0.1255,-0.0051226,0.0096977,0.0081364,0.014178,0.017219,0.035727,0.076056,0.24389,0.37919,0.47945,0.57845,0.67241,0.70119,0.79139,0.83348,0.85686,0.907,0.95641
0.1256,-0.00047968,0.014341,0.0034935,0.0095347,0.021862,0.04037,0.074509,0.23306,0.39311,0.47326,0.56607,0.67551,0.71666,0.79604,0.8242,0.85686,0.9101,0.95022
0.1257,-0.0082179,0.014341,0.0034935,0.021916,0.028052,0.034179,0.077604,0.22532,0.38383,0.49338,0.57226,0.68015,0.72595,0.79604,0.82574,0.85686,0.91474,0.94403
0.1258,-0.003575,0.0019594,0.0050412,0.029654,0.024957,0.034179,0.08689,0.22532,0.38073,0.49493,0.57226,0.66003,0.7275,0.78211,0.81955,0.85531,0.91783,0.95022
0.1259,-0.00047968,0.0066024,0.011232,0.023464,0.018766,0.037275,0.071413,0.22067,0.37764,0.48874,0.56761,0.65384,0.71666,0.79604,0.82265,0.86924,0.91474,0.94248
0.126,-0.0066702,0.00815,0.0081364,0.01263,0.021862,0.034179,0.082247,0.22067,0.39002,0.47481,0.5769,0.66777,0.71357,0.79604,0.82574,0.85222,0.91474,0.95332
0.1261,-0.012861,0.0096977,0.0065888,0.011082,0.017219,0.032632,0.091533,0.23306,0.37919,0.4779,0.57535,0.65694,0.71976,0.78365,0.81801,0.85376,0.92402,0.95486
0.1262,-0.0082179,0.0004118,0.0096841,0.01263,0.018766,0.031084,0.076056,0.22841,0.37919,0.481,0.56916,0.65539,0.73059,0.78365,0.81027,0.8646,0.91629,0.96105
0.1263,-0.012861,0.0050547,0.014327,0.014178,0.026505,0.038822,0.080699,0.22532,0.38383,0.48255,0.56607,0.66158,0.73988,0.79758,0.81491,0.8615,0.91474,0.95641
0.1264,-0.0066702,0.0096977,-0.0026971,0.020368,0.024957,0.029536,0.089985,0.23306,0.38228,0.47945,0.56916,0.65384,0.73369,0.79449,0.81646,0.85376,0.91938,0.94403
0.1265,-0.0066702,-0.0011358,0.0050412,0.011082,0.018766,0.027989,0.080699,0.23615,0.38383,0.4779,0.57535,0.65694,0.7244,0.79139,0.81955,0.85996,0.91319,0.94094
0.1266,-0.003575,-0.0011358,0.014327,0.018821,0.020314,0.037275,0.077604,0.2346,0.37609,0.481,0.5738,0.65694,0.7244,0.78675,0.8242,0.85996,0.907,0.95177
0.1267,-0.0051226,-0.0057788,0.0081364,0.023464,0.026505,0.032632,0.076056,0.23306,0.38847,0.4841,0.58154,0.65539,0.73059,0.7883,0.82884,0.85686,0.90236,0.95796
0.1268,-0.0066702,-0.0011358,0.00039822,0.018821,0.028052,0.032632,0.072961,0.23925,0.38847,0.48255,0.59083,0.66158,0.73833,0.78056,0.83039,0.8646,0.90081,0.95796
0.1269,-0.0066702,0.0035071,0.0019459,0.014178,0.024957,0.031084,0.079152,0.2346,0.37764,0.481,0.58773,0.66932,0.73214,0.77901,0.82884,0.86305,0.90236,0.95641
0.127,-0.0051226,0.0019594,0.0034935,0.023464,0.023409,0.034179,0.076056,0.23306,0.38847,0.47636,0.57845,0.66158,0.72131,0.78675,0.84277,0.85996,0.907,0.93629
0.1271,-0.0097655,0.0019594,0.00039822,0.021916,0.020314,0.029536,0.080699,0.23306,0.38538,0.47481,0.56297,0.65694,0.72131,0.78365,0.83039,0.85686,0.91629,0.9301
0.1272,-0.0097655,-0.0011358,0.00039822,0.020368,0.017219,0.034179,0.085342,0.2346,0.37609,0.47326,0.5738,0.66003,0.71821,0.77746,0.83967,0.85996,0.907,0.92855
0.1273,-0.0066702,-0.0026835,0.00039822,0.0079871,0.021862,0.034179,0.08689,0.2346,0.37454,0.47171,0.57535,0.66468,0.71202,0.77127,0.83039,0.85996,0.907,0.92236
0.1274,-0.015956,0.0019594,-0.0011494,0.014178,0.018766,0.031084,0.08689,0.22841,0.37764,0.481,0.57845,0.6523,0.71511,0.77282,0.8211,0.85841,0.90236,0.93165
0.1275,-0.012861,0.0004118,0.00039822,0.021916,0.023409,0.037275,0.09308,0.23615,0.38073,0.48255,0.58309,0.65539,0.71511,0.78056,0.8211,0.85686,0.9101,0.9301
0.1276,-0.0097655,-0.0011358,0.0050412,0.023464,0.024957,0.043465,0.089985,0.23615,0.38538,0.48255,0.58154,0.66003,0.71357,0.77282,0.82574,0.86924,0.91783,0.94867
0.1277,-0.0097655,0.0019594,0.0034935,0.021916,0.015671,0.034179,0.085342,0.22841,0.37919,0.47945,0.57226,0.65384,0.71976,0.77746,0.8211,0.86924,0.9101,0.96105
0.1278,-0.0082179,0.0004118,-0.00734,0.020368,0.0094804,0.035727,0.077604,0.22996,0.38383,0.49338,0.58464,0.6523,0.71357,0.78365,0.80717,0.85841,0.907,0.95332
0.1279,-0.0051226,0.0050547,0.0019459,0.020368,0.011028,0.034179,0.072961,0.2346,0.37764,0.48874,0.58309,0.66158,0.70738,0.7852,0.81027,0.85841,0.90081,0.94248
0.128,-0.0082179,-0.0042311,0.0050412,0.018821,0.021862,0.031084,0.080699,0.23306,0.37919,0.48719,0.58464,0.66313,0.71821,0.77592,0.80253,0.85376,0.89771,0.95022
0.1281,-0.011313,0.0019594,-0.0011494,0.020368,0.021862,0.032632,0.080699,0.23306,0.38228,0.481,0.58773,0.66003,0.7275,0.78056,0.80717,0.85996,0.89926,0.94713
0.1282,-0.014408,-0.0057788,-0.0088876,0.023464,0.0094804,0.034179,0.079152,0.22687,0.37454,0.47017,0.58619,0.65075,0.7275,0.78056,0.81491,0.8615,0.89462,0.94403
0.1283,-0.012861,0.0004118,0.00039822,0.021916,0.014123,0.032632,0.077604,0.22377,0.37609,0.46552,0.57845,0.64456,0.71821,0.79449,0.81336,0.85686,0.89771,0.95177
0.1284,-0.0020273,0.0004118,0.0081364,0.011082,0.017219,0.035727,0.085342,0.23151,0.38228,0.47945,0.58154,0.64301,0.7275,0.80532,0.80098,0.85686,0.91164,0.94248
0.1285,0.001068,-0.0026835,0.0050412,0.014178,0.023409,0.035727,0.085342,0.24234,0.38538,0.48255,0.5738,0.64765,0.73059,0.78365,0.80408,0.85996,0.89771,0.93629
0.1286,-0.003575,-0.0011358,0.0050412,0.01263,0.021862,0.029536,0.076056,0.2346,0.39002,0.47326,0.5769,0.6523,0.73059,0.78365,0.81491,0.87079,0.89152,0.93784
0.1287,-0.0066702,-0.0042311,0.0050412,0.011082,0.014123,0.029536,0.085342,0.23151,0.38073,0.4779,0.5769,0.6461,0.71511,0.78211,0.79789,0.86615,0.87914,0.94713
0.1288,-0.0082179,0.0019594,0.011232,0.015725,0.014123,0.029536,0.083794,0.23306,0.37919,0.47171,0.57535,0.6461,0.71666,0.78211,0.80253,0.86615,0.88843,0.94248
0.1289,-0.0051226,0.0050547,0.0050412,0.018821,0.018766,0.029536,0.091533,0.23151,0.37764,0.47326,0.57226,0.64456,0.71357,0.78211,0.81336,0.8646,0.88533,0.95641
0.129,-0.0066702,-0.0026835,0.0065888,0.0095347,0.020314,0.035727,0.08689,0.23306,0.373,0.481,0.56607,0.63837,0.70273,0.78675,0.80253,0.86615,0.8745,0.96415
0.1291,-0.0082179,-0.0042311,-0.0042447,0.011082,0.023409,0.034179,0.079152,0.22687,0.37609,0.47017,0.56297,0.65384,0.71047,0.79449,0.79789,0.8646,0.86676,0.95486
0.1292,-0.0082179,0.0066024,0.0034935,0.01263,0.021862,0.04037,0.080699,0.23615,0.37764,0.46552,0.56297,0.66777,0.70583,0.77592,0.78551,0.87388,0.88379,0.94094
0.1293,-0.0051226,-0.0026835,0.0081364,0.014178,0.015671,0.034179,0.085342,0.24234,0.37764,0.46862,0.56297,0.65694,0.70119,0.77901,0.79015,0.87853,0.88224,0.93629
0.1294,-0.00047968,0.0004118,0.014327,0.025011,0.015671,0.035727,0.083794,0.23306,0.373,0.47326,0.56297,0.65384,0.70119,0.77437,0.79943,0.86305,0.88688,0.92855
0.1295,-0.015956,0.00815,0.0081364,0.015725,0.014123,0.031084,0.082247,0.23151,0.37764,0.46552,0.56297,0.66158,0.71666,0.76818,0.7917,0.8615,0.88843,0.93629
0.1296,-0.017504,0.0019594,0.0065888,0.0033442,0.020314,0.031084,0.080699,0.22996,0.37919,0.46862,0.56607,0.66003,0.71047,0.77127,0.79943,0.85531,0.88069,0.93784
0.1297,-0.0020273,0.0019594,0.0081364,0.01263,0.017219,0.024894,0.079152,0.22996,0.373,0.46398,0.5738,0.65384,0.70892,0.76663,0.79479,0.85686,0.88533,0.93629
0.1298,-0.0051226,0.0019594,-0.0011494,0.0095347,0.018766,0.027989,0.08689,0.2346,0.38847,0.47171,0.57999,0.64456,0.71666,0.76199,0.7917,0.85841,0.89771,0.94867
0.1299,-0.0020273,0.0066024,0.0065888,0.01263,0.017219,0.029536,0.079152,0.23615,0.38073,0.47017,0.56452,0.6461,0.71357,0.76508,0.79479,0.85996,0.9039,0.93784
0.13,-0.003575,0.0019594,0.0081364,0.018821,0.021862,0.035727,0.083794,0.22687,0.38073,0.47481,0.56297,0.6523,0.70583,0.77127,0.80562,0.8615,0.88688,0.92701
0.1301,-0.0082179,0.0066024,0.0050412,0.014178,0.014123,0.037275,0.089985,0.22067,0.373,0.46552,0.57535,0.64456,0.71202,0.76199,0.81182,0.86924,0.88379,0.92855
0.1302,-0.0051226,0.0004118,0.0065888,0.011082,0.024957,0.031084,0.08689,0.22996,0.37919,0.46552,0.5738,0.63837,0.70583,0.77127,0.81491,0.85067,0.89152,0.93165
0.1303,-0.0066702,0.0096977,-0.0026971,0.018821,0.021862,0.024894,0.080699,0.22687,0.38383,0.46862,0.5738,0.64456,0.70738,0.76354,0.80872,0.85686,0.88843,0.9332
0.1304,-0.0097655,-0.0026835,-0.0026971,0.018821,0.020314,0.034179,0.071413,0.22841,0.38847,0.46707,0.5738,0.6461,0.70583,0.76508,0.82574,0.85841,0.89926,0.9332
0.1305,-0.0097655,0.0019594,0.0096841,0.01263,0.021862,0.032632,0.089985,0.22996,0.39002,0.46862,0.57226,0.64456,0.71047,0.77282,0.81336,0.85841,0.89771,0.94094
0.1306,-0.0051226,0.0004118,0.0050412,0.014178,0.014123,0.038822,0.094628,0.22222,0.38383,0.46552,0.57226,0.64146,0.70428,0.76199,0.80408,0.86305,0.907,0.93165
0.1307,-0.0051226,0.0066024,0.0034935,0.025011,0.018766,0.027989,0.089985,0.22996,0.37919,0.45933,0.5738,0.64301,0.71511,0.75889,0.81491,0.86305,0.90081,0.92236
0.1308,-0.0051226,0.0004118,0.0034935,0.020368,0.026505,0.027989,0.089985,0.2346,0.37919,0.46552,0.57999,0.6461,0.71821,0.76354,0.81182,0.87079,0.89771,0.92701
0.1309,-0.0051226,0.0019594,-0.0026971,0.015725,0.014123,0.038822,0.083794,0.23151,0.37764,0.47636,0.5738,0.64301,0.70583,0.76973,0.80717,0.86615,0.9039,0.91927
0.131,-0.0082179,0.0035071,0.0050412,0.014178,0.018766,0.037275,0.085342,0.22996,0.38383,0.47481,0.57226,0.6523,0.69964,0.76818,0.81955,0.84912,0.89307,0.92391
0.1311,-0.0051226,-0.0011358,0.0081364,0.021916,0.015671,0.035727,0.096176,0.21758,0.38228,0.47326,0.57535,0.66003,0.69964,0.77127,0.82265,0.84912,0.89152,0.92546
0.1312,-0.0082179,-0.0057788,0.0096841,0.023464,0.015671,0.037275,0.082247,0.22532,0.37764,0.46862,0.57845,0.65384,0.69809,0.77746,0.81955,0.85222,0.88843,0.93939
0.1313,-0.0082179,-0.0011358,0.0034935,0.01263,0.020314,0.031084,0.08689,0.23151,0.3668,0.45779,0.57226,0.64765,0.6919,0.77901,0.81801,0.85531,0.87914,0.94094
0.1314,-0.014408,0.0019594,0.0019459,0.014178,0.017219,0.035727,0.094628,0.22841,0.3699,0.46552,0.56916,0.64456,0.69345,0.76663,0.81336,0.84757,0.88688,0.93165
0.1315,-0.012861,-0.010422,0.00039822,0.023464,0.0079328,0.029536,0.083794,0.21913,0.39002,0.46552,0.5769,0.65075,0.68107,0.76354,0.80717,0.85686,0.89926,0.91308
0.1316,-0.0097655,0.0004118,0.0019459,0.023464,0.015671,0.029536,0.083794,0.21758,0.39157,0.46243,0.56142,0.65384,0.67642,0.76663,0.79634,0.85686,0.88998,0.93474
0.1317,-0.0020273,0.0004118,0.0065888,0.018821,0.017219,0.026441,0.09308,0.23151,0.38847,0.46707,0.55988,0.66158,0.68881,0.75425,0.80562,0.85067,0.8745,0.93474
0.1318,-0.0051226,0.0019594,0.0019459,0.020368,0.014123,0.035727,0.089985,0.22841,0.37609,0.47017,0.56607,0.65384,0.68416,0.75889,0.80253,0.85067,0.86212,0.92082
0.1319,-0.0051226,-0.0011358,0.0081364,0.020368,0.018766,0.032632,0.085342,0.23925,0.373,0.47017,0.5738,0.65075,0.68107,0.76508,0.81336,0.85222,0.87914,0.93474
0.132,-0.0051226,0.0066024,0.0065888,0.011082,0.0296,0.029536,0.08689,0.2346,0.373,0.47326,0.56297,0.66003,0.68107,0.76663,0.81182,0.85067,0.88379,0.94094
0.1321,-0.0066702,0.0050547,0.0065888,0.021916,0.028052,0.035727,0.085342,0.24079,0.38538,0.4779,0.56142,0.64146,0.69035,0.76354,0.81646,0.85067,0.87914,0.93784
0.1322,-0.003575,0.0019594,0.0019459,0.021916,0.015671,0.034179,0.085342,0.23151,0.39157,0.47481,0.55988,0.63837,0.69035,0.77746,0.81801,0.85531,0.87914,0.93474
0.1323,-0.0051226,0.0019594,0.0065888,0.014178,0.020314,0.032632,0.089985,0.23151,0.39157,0.47171,0.56452,0.64146,0.69654,0.77127,0.8242,0.85531,0.87914,0.92701
0.1324,-0.003575,-0.0073264,-0.0011494,0.023464,0.024957,0.024894,0.08689,0.22841,0.38538,0.47945,0.56916,0.64146,0.69654,0.76663,0.82729,0.85067,0.87605,0.92855
0.1325,-0.0097655,0.0019594,0.0081364,0.023464,0.021862,0.031084,0.080699,0.23306,0.38383,0.4779,0.57999,0.64456,0.68416,0.76818,0.81646,0.84448,0.88533,0.94094
0.1326,-0.0020273,0.0035071,0.0019459,0.018821,0.018766,0.034179,0.096176,0.23151,0.38228,0.47945,0.57999,0.64765,0.69345,0.76818,0.80717,0.8615,0.88069,0.94094
0.1327,0.001068,0.0019594,0.0019459,0.014178,0.018766,0.024894,0.077604,0.23615,0.37919,0.47945,0.57226,0.65539,0.68881,0.76354,0.7917,0.87079,0.8745,0.93474
0.1328,-0.0066702,0.0004118,0.0034935,0.025011,0.020314,0.038822,0.082247,0.22996,0.37454,0.47945,0.5769,0.63991,0.68881,0.76818,0.80717,0.86615,0.88379,0.93474
0.1329,-0.00047968,0.0004118,0.0019459,0.015725,0.015671,0.032632,0.08689,0.22687,0.373,0.48874,0.57226,0.62599,0.70119,0.76044,0.81646,0.86305,0.88224,0.93629
0.133,-0.0082179,-0.0011358,-0.0042447,0.01263,0.021862,0.031084,0.09308,0.22841,0.37764,0.48255,0.56916,0.63682,0.69964,0.76199,0.8242,0.85841,0.87914,0.93474
0.1331,-0.0097655,0.00815,0.0050412,0.018821,0.020314,0.026441,0.085342,0.22532,0.37919,0.47945,0.57999,0.63837,0.68881,0.76818,0.82265,0.8646,0.8714,0.94094
0.1332,-0.003575,0.0050547,-0.0011494,0.025011,0.026505,0.032632,0.085342,0.22996,0.38073,0.47945,0.58464,0.63837,0.67797,0.77437,0.82265,0.85686,0.86521,0.93165
0.1333,-0.0066702,0.0035071,0.0034935,0.018821,0.023409,0.024894,0.094628,0.23615,0.39157,0.47326,0.57999,0.63837,0.67333,0.77437,0.81336,0.85376,0.8745,0.93474
0.1334,-0.0082179,0.0004118,0.0096841,0.025011,0.020314,0.031084,0.091533,0.23151,0.38228,0.47017,0.58154,0.63837,0.67642,0.76973,0.80872,0.84912,0.85902,0.9301
0.1335,-0.0082179,-0.0026835,0.0096841,0.0079871,0.020314,0.035727,0.096176,0.23615,0.38073,0.46707,0.56916,0.6461,0.67797,0.76354,0.81182,0.84757,0.86986,0.92082
0.1336,-0.014408,0.0019594,0.015875,0.011082,0.017219,0.037275,0.083794,0.23615,0.39621,0.47945,0.56761,0.64765,0.67333,0.76354,0.81955,0.84448,0.8745,0.92082
0.1337,-0.0097655,-0.0011358,0.0096841,0.014178,0.018766,0.035727,0.09308,0.24234,0.38847,0.481,0.57999,0.64456,0.67023,0.76508,0.81801,0.84448,0.86986,0.92082
0.1338,-0.0066702,0.0035071,0.011232,0.018821,0.020314,0.032632,0.097723,0.23615,0.37764,0.46398,0.56761,0.64765,0.67023,0.76508,0.81027,0.84757,0.8714,0.91308
0.1339,-0.0066702,0.0050547,0.0019459,0.015725,0.024957,0.034179,0.08689,0.22996,0.39157,0.46862,0.56607,0.63682,0.67952,0.77592,0.81182,0.83674,0.88069,0.92236
0.134,-0.0082179,0.0004118,0.0034935,0.011082,0.018766,0.027989,0.085342,0.22687,0.39002,0.47481,0.56607,0.64146,0.67952,0.76973,0.81801,0.84293,0.87914,0.93165
0.1341,-0.0066702,-0.0026835,0.0034935,0.01263,0.020314,0.035727,0.094628,0.22996,0.39002,0.481,0.56452,0.63837,0.68107,0.75425,0.81801,0.84293,0.87295,0.91772
0.1342,-0.012861,-0.0026835,0.011232,0.01263,0.018766,0.034179,0.09308,0.23151,0.39311,0.47481,0.55833,0.62753,0.67952,0.76354,0.81646,0.82126,0.86212,0.92082
0.1343,-0.0082179,-0.0042311,0.0050412,0.018821,0.021862,0.034179,0.080699,0.23925,0.39621,0.47481,0.56452,0.63991,0.67797,0.76973,0.82574,0.829,0.86367,0.92855
0.1344,-0.0097655,0.0050547,0.0019459,0.020368,0.023409,0.034179,0.08689,0.23306,0.39466,0.46398,0.56607,0.64146,0.67797,0.77282,0.81801,0.84757,0.87914,0.91308
0.1345,-0.003575,0.00815,0.00039822,0.011082,0.026505,0.034179,0.083794,0.23151,0.39157,0.45933,0.56297,0.63527,0.67642,0.78056,0.82574,0.84448,0.87295,0.91617
0.1346,-0.0082179,0.0004118,-0.0026971,0.014178,0.021862,0.037275,0.09308,0.22996,0.39931,0.46707,0.55833,0.63991,0.67488,0.76663,0.82574,0.85067,0.87914,0.90224
0.1347,-0.014408,-0.0011358,0.0050412,0.011082,0.031147,0.034179,0.096176,0.23151,0.39621,0.47945,0.56142,0.63991,0.67797,0.76199,0.81801,0.84603,0.88998,0.91308
0.1348,-0.014408,0.0004118,0.0034935,0.018821,0.020314,0.031084,0.085342,0.22996,0.39311,0.4779,0.57226,0.62908,0.67488,0.76508,0.82265,0.85531,0.86521,0.92855
0.1349,-0.0051226,-0.0026835,0.0050412,0.0048918,0.018766,0.024894,0.080699,0.23151,0.38538,0.46707,0.57999,0.63218,0.66869,0.76044,0.82729,0.85067,0.85748,0.93474
0.135,-0.0097655,-0.0011358,0.0034935,0.0095347,0.020314,0.035727,0.085342,0.23306,0.38538,0.4779,0.5738,0.63372,0.66714,0.76663,0.8242,0.84293,0.85748,0.9301
0.1351,-0.012861,0.0004118,0.0065888,0.023464,0.014123,0.037275,0.085342,0.23151,0.37919,0.46862,0.56607,0.63991,0.67023,0.76199,0.81336,0.85067,0.86521,0.92546
0.1352,-0.0097655,0.0004118,0.0050412,0.023464,0.018766,0.04037,0.082247,0.23306,0.37919,0.46862,0.56761,0.63837,0.67333,0.75425,0.80562,0.84757,0.86521,0.92082
0.1353,-0.0082179,-0.0042311,0.0034935,0.014178,0.018766,0.035727,0.09308,0.2346,0.38228,0.47481,0.57226,0.63527,0.67642,0.76818,0.80253,0.84757,0.87914,0.90689
0.1354,-0.0066702,0.0019594,0.0050412,0.018821,0.021862,0.034179,0.094628,0.2346,0.38073,0.47326,0.56452,0.62908,0.69035,0.7852,0.79943,0.83829,0.86676,0.92855
0.1355,-0.015956,0.0019594,0.0050412,0.015725,0.028052,0.032632,0.094628,0.23306,0.38383,0.48564,0.56761,0.63063,0.69035,0.78675,0.79943,0.8321,0.85128,0.9332
0.1356,-0.0097655,-0.0042311,0.0065888,0.01263,0.026505,0.037275,0.089985,0.23925,0.38538,0.47171,0.5738,0.62908,0.69654,0.78365,0.80098,0.82745,0.85438,0.94248
0.1357,0.001068,0.0004118,0.0034935,0.020368,0.023409,0.034179,0.094628,0.2346,0.39157,0.46552,0.5769,0.62908,0.68416,0.77437,0.80408,0.83829,0.86057,0.93629
0.1358,-0.00047968,0.0004118,0.00039822,0.018821,0.017219,0.032632,0.097723,0.22841,0.38383,0.47481,0.57845,0.61979,0.68881,0.76044,0.80872,0.85067,0.85283,0.91772
0.1359,-0.0051226,0.0004118,-0.0011494,0.011082,0.023409,0.04037,0.099271,0.23306,0.37919,0.47017,0.57226,0.61825,0.68881,0.76818,0.79943,0.85376,0.85902,0.91308
0.136,-0.0082179,0.0004118,0.0019459,0.0064395,0.020314,0.037275,0.09308,0.2346,0.38847,0.46243,0.56607,0.61515,0.69345,0.76663,0.80408,0.84293,0.86986,0.91772
0.1361,0.001068,-0.0026835,0.0050412,0.011082,0.023409,0.035727,0.09308,0.23925,0.38538,0.45159,0.56761,0.61979,0.69809,0.76508,0.80717,0.83674,0.87295,0.91772
0.1362,0.001068,0.0019594,0.0081364,0.014178,0.026505,0.032632,0.096176,0.24389,0.39466,0.45779,0.56142,0.62444,0.70273,0.77901,0.80253,0.84293,0.86986,0.93165
0.1363,-0.0066702,0.0096977,0.0019459,0.014178,0.020314,0.029536,0.10237,0.24234,0.39776,0.45933,0.56297,0.62134,0.69964,0.77592,0.79789,0.84293,0.86212,0.91772
0.1364,-0.003575,-0.0042311,0.0034935,0.025011,0.020314,0.027989,0.094628,0.23615,0.39621,0.46398,0.56761,0.61825,0.70428,0.77437,0.79789,0.83984,0.87295,0.92391
0.1365,-0.012861,-0.0088741,0.0065888,0.021916,0.020314,0.035727,0.096176,0.2346,0.39002,0.46398,0.5738,0.62599,0.6919,0.77437,0.79479,0.83674,0.86676,0.92391
0.1366,-0.003575,0.0050547,0.00039822,0.023464,0.023409,0.034179,0.091533,0.24389,0.39776,0.47017,0.56916,0.63372,0.68881,0.75425,0.80098,0.82745,0.86367,0.9301
0.1367,-0.00047968,0.0019594,0.0019459,0.01263,0.0296,0.034179,0.091533,0.24079,0.39311,0.47945,0.56916,0.62444,0.6919,0.75889,0.80253,0.84138,0.86367,0.92546
0.1368,-0.0097655,0.0066024,0.00039822,0.018821,0.023409,0.038822,0.089985,0.24234,0.39311,0.47017,0.57535,0.63372,0.69964,0.76508,0.81336,0.84138,0.86367,0.92082
0.1369,-0.0082179,-0.0011358,0.0019459,0.018821,0.020314,0.031084,0.091533,0.24079,0.39002,0.47017,0.56297,0.63837,0.69654,0.76973,0.79789,0.84912,0.86057,0.91308
0.137,-0.0082179,0.0035071,-0.0042447,0.018821,0.017219,0.029536,0.085342,0.2346,0.39002,0.47636,0.57845,0.63527,0.69035,0.76973,0.7917,0.85067,0.86521,0.92236
0.1371,-0.0020273,-0.0011358,0.0050412,0.021916,0.026505,0.032632,0.09308,0.23151,0.39776,0.47326,0.5738,0.64301,0.68416,0.77127,0.79789,0.83829,0.88069,0.9301
0.1372,0.0026156,0.0004118,0.0034935,0.020368,0.023409,0.034179,0.08689,0.2346,0.39466,0.46862,0.56761,0.64301,0.67952,0.77437,0.80717,0.8321,0.87914,0.92236
0.1373,-0.00047968,0.0050547,0.00039822,0.020368,0.015671,0.029536,0.099271,0.24853,0.39776,0.46862,0.55988,0.63372,0.67178,0.76973,0.79479,0.84138,0.86986,0.93939
0.1374,0.001068,-0.0011358,0.0034935,0.021916,0.018766,0.032632,0.091533,0.23925,0.39931,0.46707,0.56142,0.62908,0.67488,0.77127,0.7886,0.83984,0.86521,0.95022
0.1375,-0.0066702,0.0019594,0.0050412,0.021916,0.018766,0.031084,0.089985,0.24234,0.39466,0.46398,0.55214,0.62908,0.66714,0.76199,0.79789,0.82745,0.85902,0.93474
0.1376,-0.003575,-0.0026835,-0.0011494,0.020368,0.023409,0.043465,0.089985,0.23151,0.39002,0.47171,0.55523,0.63682,0.67023,0.77437,0.78086,0.82436,0.85902,0.94248
0.1377,-0.0066702,-0.0042311,0.00039822,0.018821,0.021862,0.041918,0.09308,0.23615,0.37919,0.47171,0.55678,0.62753,0.67642,0.76973,0.77622,0.829,0.86521,0.92391
0.1378,0.001068,-0.0026835,0.00039822,0.0079871,0.024957,0.027989,0.097723,0.24079,0.38847,0.45624,0.54904,0.62289,0.68726,0.76973,0.78551,0.82745,0.87295,0.93784
0.1379,-0.0020273,-0.0042311,0.0019459,0.014178,0.020314,0.037275,0.094628,0.24389,0.39311,0.45779,0.56297,0.61979,0.67488,0.76663,0.7917,0.8321,0.86986,0.93165
0.138,-0.0097655,0.0019594,-0.0011494,0.0095347,0.017219,0.023346,0.096176,0.23925,0.39466,0.46243,0.56761,0.62599,0.67797,0.75425,0.79943,0.829,0.86367,0.93165
0.1381,-0.0066702,0.0004118,-0.00734,0.015725,0.024957,0.031084,0.09308,0.24698,0.39157,0.46552,0.56452,0.62289,0.67333,0.74806,0.78551,0.83519,0.8714,0.92391
0.1382,-0.0020273,0.00815,-0.0042447,0.014178,0.028052,0.04037,0.096176,0.24389,0.38073,0.46398,0.57226,0.62134,0.68261,0.75425,0.77777,0.82591,0.88069,0.92391
0.1383,-0.0066702,0.0096977,-0.0011494,0.020368,0.018766,0.034179,0.089985,0.23925,0.38538,0.46707,0.55833,0.62134,0.67642,0.75425,0.78396,0.83674,0.86367,0.92701
0.1384,-0.0066702,-0.0011358,0.0034935,0.015725,0.018766,0.029536,0.097723,0.24234,0.39157,0.45933,0.56916,0.6167,0.68881,0.76354,0.79479,0.83984,0.86521,0.91617
0.1385,-0.0020273,0.0035071,-0.0011494,0.0079871,0.020314,0.032632,0.097723,0.2346,0.39157,0.46862,0.56142,0.60741,0.68726,0.76199,0.79789,0.83984,0.86212,0.90689
0.1386,-0.003575,0.00815,-0.0042447,0.01263,0.023409,0.04037,0.10082,0.24079,0.38538,0.47171,0.55214,0.61206,0.67797,0.75889,0.79479,0.84138,0.85438,0.92391
0.1387,-0.0051226,0.0004118,-0.0042447,0.020368,0.018766,0.034179,0.096176,0.24079,0.39311,0.46862,0.56452,0.60432,0.67488,0.74651,0.78705,0.84448,0.85593,0.92082
0.1388,-0.012861,-0.0026835,0.0019459,0.01263,0.021862,0.037275,0.09308,0.24544,0.39621,0.46707,0.55833,0.61206,0.67488,0.73877,0.78705,0.84293,0.84355,0.92701
0.1389,-0.0082179,-0.0011358,-0.0011494,0.01263,0.021862,0.032632,0.10082,0.23615,0.39311,0.47171,0.54904,0.6167,0.67023,0.75115,0.79943,0.84757,0.85748,0.93165
0.139,-0.0066702,0.0004118,0.0034935,0.015725,0.015671,0.031084,0.09308,0.24079,0.39621,0.46243,0.55368,0.6167,0.6625,0.76354,0.79479,0.83365,0.84974,0.93165
0.1391,-0.0082179,-0.0073264,0.00039822,0.014178,0.017219,0.032632,0.097723,0.24234,0.39621,0.46707,0.55988,0.6136,0.67023,0.76973,0.79943,0.83829,0.84974,0.92082
0.1392,-0.0097655,0.0035071,-0.0011494,0.01263,0.020314,0.035727,0.10082,0.24234,0.39776,0.46552,0.55988,0.62134,0.67488,0.76508,0.79634,0.85531,0.84664,0.90689
0.1393,-0.00047968,-0.0026835,-0.0026971,0.011082,0.026505,0.031084,0.097723,0.24544,0.38847,0.46862,0.55678,0.63372,0.68107,0.76508,0.7886,0.85067,0.85593,0.91772
0.1394,-0.011313,-0.0057788,0.0019459,0.025011,0.021862,0.029536,0.10391,0.25008,0.39776,0.46243,0.55523,0.62753,0.67023,0.76199,0.78551,0.85376,0.86057,0.91308
0.1395,-0.0051226,-0.0026835,0.0050412,0.021916,0.018766,0.029536,0.096176,0.25008,0.39776,0.46398,0.55368,0.63372,0.67333,0.74961,0.77622,0.84757,0.85593,0.91617
0.1396,-0.012861,-0.0042311,0.0019459,0.014178,0.0094804,0.029536,0.09308,0.25318,0.38847,0.46707,0.55833,0.62134,0.67333,0.74651,0.79015,0.83984,0.86057,0.90998
0.1397,-0.0066702,0.0019594,0.0019459,0.01263,0.011028,0.035727,0.097723,0.24079,0.38847,0.45933,0.55214,0.62753,0.67333,0.74342,0.78705,0.83519,0.84819,0.90534
0.1398,0.0041632,0.0050547,-0.0011494,0.014178,0.024957,0.037275,0.094628,0.24853,0.38383,0.46862,0.55059,0.63527,0.67488,0.7527,0.79015,0.83984,0.84355,0.91617
0.1399,-0.00047968,-0.0011358,-0.0042447,0.01263,0.017219,0.032632,0.099271,0.24853,0.38073,0.45933,0.54749,0.62289,0.67333,0.74032,0.79789,0.83519,0.84819,0.92082
0.14,-0.003575,-0.0026835,0.0050412,0.014178,0.015671,0.031084,0.09308,0.24853,0.38847,0.46552,0.5413,0.63372,0.6625,0.74342,0.79015,0.84293,0.842,0.92236
0.1401,-0.00047968,-0.0042311,0.00039822,0.011082,0.020314,0.043465,0.094628,0.24698,0.38847,0.47171,0.54595,0.62753,0.66404,0.74651,0.79015,0.82745,0.86057,0.90534
0.1402,-0.0066702,0.0035071,-0.0057923,0.01263,0.015671,0.034179,0.094628,0.24853,0.39002,0.46398,0.55214,0.63063,0.67178,0.74651,0.79943,0.82126,0.85128,0.91772
0.1403,0.0026156,0.0035071,-0.0026971,0.021916,0.023409,0.032632,0.089985,0.24698,0.39311,0.47171,0.56142,0.63372,0.66869,0.74651,0.80098,0.83365,0.83581,0.91153
0.1404,-0.0097655,0.0019594,0.0019459,0.014178,0.018766,0.031084,0.10237,0.24544,0.39776,0.47017,0.56142,0.62599,0.6625,0.75889,0.80098,0.82745,0.83271,0.90379
0.1405,-0.003575,0.0004118,0.00039822,0.01263,0.011028,0.035727,0.10391,0.23925,0.39466,0.46707,0.55678,0.61825,0.66559,0.76199,0.79634,0.83365,0.8389,0.91308
0.1406,-0.003575,-0.0026835,0.0019459,0.0079871,0.018766,0.037275,0.10546,0.23925,0.39157,0.46862,0.55678,0.62599,0.66404,0.76354,0.80253,0.82745,0.8389,0.91153
0.1407,-0.0097655,-0.0011358,0.015875,0.0095347,0.018766,0.035727,0.10391,0.24079,0.39621,0.47481,0.56297,0.62908,0.66404,0.76663,0.79943,0.83519,0.84355,0.91463
0.1408,-0.0066702,0.00815,0.00039822,0.0064395,0.024957,0.032632,0.094628,0.24234,0.39776,0.45933,0.56142,0.62134,0.6594,0.76508,0.79634,0.83674,0.84819,0.92701
0.1409,-0.003575,0.0019594,-0.0026971,0.021916,0.028052,0.038822,0.091533,0.23306,0.39311,0.46243,0.55833,0.6136,0.66095,0.74961,0.79634,0.83519,0.85283,0.92082
0.141,-0.0097655,0.0004118,0.0050412,0.015725,0.026505,0.041918,0.099271,0.24698,0.39157,0.45933,0.55059,0.62753,0.6625,0.76044,0.79634,0.83829,0.84664,0.91153
0.1411,-0.019051,0.0004118,0.0019459,0.018821,0.015671,0.038822,0.097723,0.25008,0.37609,0.45779,0.54285,0.62444,0.65785,0.7527,0.78396,0.84448,0.83271,0.90379
0.1412,-0.0097655,0.0004118,0.00039822,0.018821,0.021862,0.04037,0.10546,0.25937,0.37919,0.46707,0.54904,0.6167,0.65476,0.76044,0.79015,0.84293,0.84355,0.91153
0.1413,-0.015956,-0.0011358,0.0034935,0.020368,0.0296,0.037275,0.09308,0.24698,0.38383,0.47171,0.54595,0.62134,0.66869,0.76663,0.79943,0.84448,0.85283,0.92236
0.1414,-0.012861,-0.0042311,0.0034935,0.020368,0.021862,0.04037,0.09308,0.24389,0.36835,0.47017,0.54595,0.6167,0.6625,0.74961,0.79943,0.83984,0.86521,0.92391
0.1415,-0.012861,-0.0026835,-0.0011494,0.023464,0.0094804,0.031084,0.10082,0.24698,0.37764,0.46552,0.55214,0.6167,0.66714,0.74961,0.80253,0.84138,0.85593,0.89451
0.1416,-0.011313,-0.0057788,-0.0011494,0.011082,0.021862,0.026441,0.096176,0.24389,0.373,0.45779,0.55678,0.62289,0.66714,0.75115,0.80562,0.85222,0.85593,0.89296
0.1417,-0.014408,-0.0011358,0.0019459,0.0064395,0.018766,0.032632,0.099271,0.24544,0.37609,0.47017,0.56142,0.62444,0.66869,0.7527,0.79634,0.85686,0.85283,0.89605
0.1418,-0.014408,0.0050547,0.0081364,0.014178,0.015671,0.035727,0.10237,0.24853,0.38538,0.46552,0.55833,0.62444,0.67333,0.74651,0.79479,0.84293,0.84355,0.90689
0.1419,-0.0066702,-0.0011358,0.011232,0.021916,0.021862,0.031084,0.10701,0.25318,0.38073,0.45779,0.54904,0.62444,0.6625,0.76044,0.79634,0.84757,0.84045,0.90224
0.142,-0.00047968,-0.0011358,0.014327,0.0079871,0.014123,0.031084,0.097723,0.25008,0.38228,0.46243,0.54904,0.62753,0.65476,0.76199,0.80253,0.84603,0.8389,0.90534
0.1421,-0.0066702,-0.0026835,0.0050412,0.01263,0.0048375,0.031084,0.089985,0.23306,0.38538,0.45779,0.55059,0.62134,0.65785,0.7527,0.81182,0.83674,0.84974,0.90534
0.1422,-0.0082179,0.0050547,0.0050412,0.015725,0.014123,0.035727,0.10237,0.2346,0.38538,0.4485,0.55833,0.61979,0.66095,0.76044,0.81027,0.829,0.85128,0.89915
0.1423,-0.0051226,0.0004118,0.00039822,0.014178,0.018766,0.037275,0.10546,0.25008,0.38228,0.45933,0.55368,0.62289,0.66869,0.75889,0.80253,0.83365,0.84509,0.9007
0.1424,-0.0082179,-0.0073264,0.0065888,0.0079871,0.020314,0.035727,0.10391,0.25008,0.38847,0.47017,0.55678,0.61825,0.67023,0.74651,0.79634,0.83674,0.84974,0.91308
0.1425,-0.0082179,-0.0026835,-0.0042447,0.01263,0.020314,0.032632,0.10391,0.24698,0.38847,0.45624,0.55988,0.61206,0.66404,0.76199,0.80408,0.84138,0.84974,0.90689
0.1426,-0.0082179,-0.0011358,0.00039822,0.020368,0.020314,0.041918,0.097723,0.24698,0.38538,0.46398,0.56916,0.62134,0.66714,0.76044,0.79789,0.83365,0.85438,0.90689
0.1427,-0.0066702,-0.0042311,0.00039822,0.014178,0.015671,0.041918,0.094628,0.23925,0.38073,0.46707,0.56916,0.62444,0.66095,0.76199,0.80408,0.83519,0.86212,0.92855
0.1428,-0.0082179,-0.0042311,-0.0026971,0.021916,0.017219,0.04037,0.094628,0.25318,0.38538,0.45005,0.55059,0.62908,0.65166,0.76354,0.81182,0.83674,0.85593,0.92236
0.1429,-0.003575,0.0004118,-0.0026971,0.018821,0.020314,0.046561,0.094628,0.24698,0.37454,0.45779,0.56452,0.62134,0.6594,0.76199,0.80872,0.82281,0.84664,0.90998
0.143,-0.0066702,0.0035071,0.0019459,0.018821,0.017219,0.035727,0.097723,0.24853,0.37145,0.46243,0.5769,0.61206,0.6625,0.7527,0.79789,0.82591,0.84355,0.92391
0.1431,-0.0066702,0.0004118,0.0050412,0.023464,0.014123,0.032632,0.097723,0.24853,0.38073,0.45779,0.56452,0.61515,0.66095,0.76044,0.7886,0.83674,0.842,0.91153
0.1432,-0.0082179,0.0066024,0.0019459,0.020368,0.021862,0.035727,0.10546,0.25008,0.38228,0.46398,0.56297,0.61206,0.66714,0.76199,0.78705,0.82745,0.84509,0.92701
0.1433,-0.0051226,0.00815,0.0050412,0.021916,0.023409,0.037275,0.10082,0.25163,0.3699,0.46243,0.56452,0.61979,0.6594,0.76663,0.79015,0.82745,0.84045,0.92855
0.1434,-0.0066702,-0.0042311,0.0019459,0.01263,0.017219,0.032632,0.094628,0.23925,0.37609,0.47326,0.56297,0.63372,0.66095,0.76508,0.79943,0.83829,0.84509,0.91617
0.1435,-0.0097655,-0.0026835,-0.0026971,0.011082,0.023409,0.035727,0.10082,0.24234,0.373,0.47481,0.55988,0.63063,0.66404,0.75425,0.7917,0.84448,0.85438,0.92546
0.1436,-0.0082179,-0.0011358,0.0050412,0.014178,0.026505,0.037275,0.10701,0.24389,0.36371,0.47945,0.55988,0.62908,0.66404,0.74342,0.79015,0.83984,0.85748,0.93165
0.1437,-0.0082179,-0.0073264,0.0050412,0.0079871,0.0296,0.038822,0.10391,0.24234,0.3699,0.46862,0.56761,0.62444,0.66714,0.74651,0.78705,0.83365,0.85438,0.9301
0.1438,-0.0097655,-0.0057788,0.0034935,0.011082,0.028052,0.035727,0.096176,0.25008,0.3699,0.46552,0.55523,0.6167,0.67178,0.75734,0.7917,0.81972,0.85283,0.9332
0.1439,-0.0082179,-0.0042311,0.0034935,0.015725,0.020314,0.04037,0.08689,0.24698,0.3699,0.46707,0.53666,0.6167,0.67642,0.76044,0.80253,0.82745,0.84509,0.9332
0.144,-0.0020273,0.00815,-0.0026971,0.0095347,0.020314,0.034179,0.10701,0.24389,0.37145,0.45933,0.55059,0.6136,0.66559,0.76663,0.80408,0.8321,0.85128,0.93474
0.1441,-0.0020273,0.0050547,0.0019459,0.014178,0.024957,0.034179,0.10391,0.23306,0.37764,0.46552,0.55988,0.62599,0.66869,0.7527,0.80253,0.8321,0.85902,0.94403
0.1442,-0.003575,0.0004118,0.0019459,0.025011,0.028052,0.029536,0.10082,0.24234,0.37609,0.46398,0.56297,0.62444,0.67952,0.7527,0.79943,0.82591,0.85128,0.9332
0.1443,-0.0082179,-0.0026835,0.0050412,0.025011,0.015671,0.035727,0.10546,0.24853,0.37919,0.46552,0.55678,0.61979,0.67023,0.74961,0.79943,0.82281,0.84819,0.93165
0.1444,-0.0082179,0.0004118,0.0081364,0.020368,0.023409,0.037275,0.10391,0.24389,0.38073,0.46398,0.56607,0.62908,0.66404,0.74806,0.78705,0.82126,0.84819,0.92701
0.1445,-0.003575,0.0019594,-0.0011494,0.014178,0.020314,0.032632,0.10082,0.24698,0.38073,0.45624,0.56297,0.6136,0.66095,0.76199,0.79634,0.82281,0.85748,0.92701
0.1446,-0.0066702,-0.0011358,0.00039822,0.0095347,0.020314,0.038822,0.10391,0.25163,0.38538,0.45779,0.55678,0.61515,0.66095,0.74651,0.79479,0.83519,0.84974,0.92701
0.1447,-0.011313,0.0035071,0.0019459,0.0048918,0.026505,0.037275,0.097723,0.24698,0.38847,0.45933,0.55833,0.61979,0.65011,0.75889,0.78241,0.829,0.84355,0.92391
0.1448,-0.017504,-0.0011358,0.0081364,0.0095347,0.020314,0.032632,0.10391,0.25163,0.39157,0.46707,0.56761,0.61515,0.66095,0.74806,0.79479,0.8321,0.85128,0.92391
0.1449,-0.012861,0.0050547,0.0019459,0.021916,0.018766,0.035727,0.11165,0.24698,0.39002,0.46398,0.56761,0.60896,0.67178,0.74187,0.79479,0.81817,0.85748,0.92082
0.145,-0.0082179,-0.0042311,0.0034935,0.023464,0.020314,0.035727,0.10856,0.24234,0.38383,0.45779,0.55059,0.60587,0.67333,0.74961,0.80253,0.81972,0.86367,0.92546
0.1451,-0.0051226,-0.010422,0.0019459,0.014178,0.021862,0.04037,0.096176,0.23615,0.38228,0.45624,0.55059,0.6136,0.66404,0.74342,0.79479,0.82745,0.85902,0.92546
0.1452,-0.0051226,-0.0011358,-0.0042447,0.0079871,0.020314,0.041918,0.094628,0.2346,0.38228,0.45933,0.55988,0.59813,0.6594,0.74342,0.79479,0.83519,0.85438,0.92546
0.1453,-0.0066702,-0.0042311,0.0034935,0.011082,0.026505,0.032632,0.096176,0.22841,0.39002,0.47017,0.55368,0.60277,0.66095,0.74187,0.79943,0.84293,0.85748,0.92236
0.1454,-0.0020273,-0.0026835,0.0050412,0.021916,0.021862,0.041918,0.094628,0.23306,0.38847,0.45779,0.54285,0.61979,0.67178,0.7527,0.79015,0.829,0.85438,0.93474
0.1455,-0.0051226,-0.0042311,0.0034935,0.020368,0.024957,0.045013,0.10082,0.23615,0.38538,0.46398,0.54595,0.62134,0.66559,0.74961,0.78241,0.82281,0.84664,0.92391
0.1456,-0.0020273,0.0066024,0.0050412,0.01263,0.020314,0.031084,0.09308,0.24079,0.38383,0.47017,0.54595,0.61979,0.67023,0.74806,0.77312,0.81662,0.84974,0.90534
0.1457,-0.0020273,0.011245,0.0065888,0.014178,0.015671,0.04037,0.096176,0.24389,0.39776,0.47017,0.54749,0.60432,0.66869,0.73413,0.77931,0.82126,0.84509,0.92546
0.1458,-0.014408,0.0019594,0.0034935,0.018821,0.021862,0.04037,0.10082,0.24698,0.4024,0.47326,0.55368,0.59968,0.67333,0.74961,0.7917,0.82745,0.85283,0.9332
0.1459,-0.0082179,-0.0011358,0.0034935,0.0095347,0.018766,0.046561,0.09308,0.24234,0.39157,0.47481,0.56297,0.62134,0.67488,0.75115,0.7886,0.82281,0.84509,0.92701
0.146,-0.0051226,-0.0042311,-0.0026971,0.015725,0.020314,0.035727,0.09308,0.24389,0.39157,0.46707,0.56452,0.62444,0.67178,0.73877,0.78705,0.82126,0.85128,0.92391
0.1461,-0.0051226,-0.0042311,0.0019459,0.021916,0.021862,0.031084,0.10082,0.24234,0.38847,0.46243,0.55678,0.6136,0.67952,0.73877,0.78396,0.82281,0.8389,0.91772
0.1462,-0.0051226,0.0004118,0.0034935,0.011082,0.024957,0.032632,0.08689,0.23615,0.38228,0.46243,0.54595,0.6167,0.67952,0.73723,0.78086,0.83519,0.83736,0.92546
0.1463,-0.014408,-0.0042311,-0.0011494,0.0095347,0.020314,0.034179,0.089985,0.25163,0.39157,0.46707,0.55059,0.60122,0.67952,0.74187,0.78241,0.82591,0.84355,0.91153
0.1464,-0.012861,-0.0042311,0.0019459,0.015725,0.021862,0.037275,0.097723,0.25008,0.38073,0.46862,0.55678,0.60741,0.68726,0.75115,0.77312,0.82281,0.86057,0.89915
0.1465,-0.0097655,0.0004118,0.0034935,0.025011,0.024957,0.032632,0.089985,0.24544,0.37919,0.45933,0.54749,0.60277,0.67488,0.75889,0.77622,0.81817,0.85438,0.90534
0.1466,-0.0066702,0.0004118,0.0019459,0.011082,0.031147,0.037275,0.096176,0.24234,0.38073,0.45314,0.55678,0.6136,0.67952,0.76199,0.77931,0.82591,0.84045,0.90689
0.1467,-0.020599,-0.0011358,-0.0011494,0.015725,0.024957,0.029536,0.094628,0.23925,0.37919,0.45779,0.55988,0.61206,0.68107,0.7527,0.77777,0.81817,0.82962,0.90998
0.1468,-0.0066702,-0.0057788,0.0081364,0.020368,0.024957,0.031084,0.097723,0.24698,0.37609,0.46552,0.54904,0.6167,0.67333,0.74496,0.77312,0.82745,0.82962,0.91153
0.1469,-0.003575,0.0019594,0.00039822,0.021916,0.018766,0.037275,0.099271,0.25008,0.37609,0.46552,0.54749,0.61206,0.6594,0.74342,0.76384,0.84138,0.8389,0.90998
0.147,-0.0097655,0.0019594,0.00039822,0.018821,0.021862,0.034179,0.099271,0.24234,0.36835,0.46707,0.56761,0.59813,0.66714,0.73723,0.78241,0.82126,0.83736,0.91772
0.1471,-0.0066702,0.0004118,-0.0011494,0.015725,0.023409,0.04037,0.097723,0.24234,0.36216,0.46243,0.55678,0.59968,0.66869,0.74187,0.7886,0.829,0.84974,0.90689
0.1472,-0.012861,0.0004118,0.0050412,0.011082,0.024957,0.029536,0.10856,0.24853,0.36216,0.46862,0.55833,0.60587,0.66095,0.74806,0.78086,0.8321,0.84819,0.9007
0.1473,-0.0082179,-0.0011358,0.00039822,0.018821,0.023409,0.035727,0.10237,0.24698,0.373,0.46243,0.55523,0.60122,0.66559,0.75115,0.77622,0.83829,0.84664,0.90689
0.1474,-0.003575,0.0019594,0.0019459,0.011082,0.020314,0.032632,0.10082,0.24079,0.37764,0.46398,0.55678,0.60432,0.67488,0.75734,0.77931,0.82281,0.84045,0.90689
0.1475,-0.0082179,-0.0011358,0.0081364,0.01263,0.021862,0.04037,0.099271,0.24079,0.37609,0.45779,0.55678,0.60741,0.67178,0.75115,0.77931,0.81662,0.83736,0.9007
0.1476,-0.0051226,-0.0026835,0.0019459,0.021916,0.023409,0.041918,0.10082,0.24389,0.36371,0.45469,0.56297,0.60587,0.67488,0.76199,0.76848,0.82126,0.83581,0.90224
0.1477,-0.003575,-0.0026835,-0.0011494,0.015725,0.026505,0.04037,0.10391,0.24389,0.36526,0.46707,0.55988,0.60587,0.67333,0.7527,0.76539,0.82745,0.83581,0.9007
0.1478,-0.014408,0.0019594,0.00039822,0.018821,0.021862,0.046561,0.096176,0.24544,0.36371,0.47171,0.55678,0.60277,0.67023,0.76044,0.77003,0.82745,0.82497,0.89605
0.1479,-0.0051226,-0.0011358,-0.0042447,0.011082,0.023409,0.041918,0.099271,0.24389,0.36371,0.46707,0.56761,0.60741,0.67488,0.75115,0.77467,0.82436,0.82188,0.8976
0.148,-0.0066702,-0.0057788,-0.0011494,0.0079871,0.024957,0.032632,0.08689,0.24234,0.36216,0.47017,0.5769,0.59503,0.68261,0.75115,0.77312,0.829,0.82497,0.89915
0.1481,-0.0097655,-0.0026835,0.0065888,0.011082,0.028052,0.029536,0.099271,0.24234,0.3668,0.46707,0.56916,0.59348,0.67488,0.76044,0.77158,0.83365,0.83736,0.88832
0.1482,0.001068,-0.0026835,0.0096841,0.018821,0.023409,0.035727,0.10237,0.24234,0.37145,0.46243,0.57226,0.59503,0.67642,0.76044,0.77467,0.829,0.842,0.90534
0.1483,-0.003575,0.0019594,-0.0011494,0.020368,0.024957,0.035727,0.099271,0.25472,0.38073,0.45159,0.57226,0.59348,0.67023,0.76354,0.76693,0.83829,0.83581,0.90224
0.1484,-0.0097655,0.0035071,-0.0026971,0.025011,0.020314,0.032632,0.10237,0.24698,0.37764,0.45933,0.56452,0.59039,0.66714,0.74806,0.77777,0.82745,0.82188,0.90379
0.1485,-0.0082179,0.0004118,0.0081364,0.014178,0.017219,0.031084,0.10546,0.23925,0.373,0.45779,0.56607,0.59039,0.66095,0.75889,0.77931,0.81198,0.82033,0.90689
0.1486,-0.014408,-0.0011358,0.0019459,0.011082,0.021862,0.037275,0.10082,0.24234,0.3668,0.46552,0.57226,0.59813,0.66095,0.75115,0.78086,0.82745,0.83736,0.90534
0.1487,-0.0082179,0.0019594,0.0034935,0.015725,0.031147,0.04037,0.10237,0.23925,0.37454,0.46243,0.57535,0.59813,0.66095,0.75115,0.76229,0.82745,0.83736,0.90224
0.1488,-0.0097655,0.0050547,0.0019459,0.01263,0.018766,0.041918,0.10082,0.24389,0.37454,0.46243,0.57535,0.60277,0.66404,0.75425,0.77777,0.81353,0.84045,0.89451
0.1489,-0.0082179,-0.0057788,0.0065888,0.018821,0.020314,0.038822,0.099271,0.24234,0.37764,0.45624,0.56452,0.60587,0.66714,0.75425,0.77777,0.82436,0.85283,0.88986
0.149,-0.0051226,-0.0042311,0.0050412,0.018821,0.017219,0.04037,0.10701,0.2346,0.38073,0.45624,0.57226,0.59968,0.65476,0.76508,0.77467,0.81972,0.84664,0.8976
0.1491,-0.012861,-0.0026835,0.0065888,0.01263,0.024957,0.037275,0.10546,0.23615,0.37919,0.45624,0.56297,0.59194,0.6625,0.75889,0.7592,0.81507,0.842,0.89915
0.1492,-0.0020273,0.0019594,0.0065888,0.025011,0.021862,0.035727,0.10546,0.23925,0.38228,0.45779,0.56142,0.59348,0.66095,0.75889,0.76074,0.81198,0.83736,0.90689
0.1493,-0.0066702,0.0066024,0.0096841,0.014178,0.023409,0.04037,0.097723,0.23306,0.38847,0.46398,0.56297,0.60122,0.65476,0.75889,0.76693,0.81662,0.83271,0.90534
0.1494,-0.0097655,0.0004118,0.0019459,0.014178,0.023409,0.037275,0.10082,0.22687,0.38073,0.45779,0.55833,0.60741,0.65785,0.74961,0.76074,0.81817,0.83271,0.88522
0.1495,-0.0066702,-0.0026835,0.0096841,0.011082,0.024957,0.037275,0.094628,0.23306,0.38383,0.45314,0.56297,0.60277,0.65011,0.74187,0.76539,0.81198,0.8389,0.89296
0.1496,-0.0051226,-0.0026835,0.0034935,0.011082,0.0296,0.041918,0.097723,0.24544,0.373,0.45159,0.56452,0.60122,0.65166,0.74806,0.7592,0.80888,0.84509,0.9007
0.1497,-0.0066702,-0.0042311,0.0034935,0.01263,0.018766,0.038822,0.10237,0.24234,0.36835,0.44695,0.57226,0.59968,0.64083,0.74651,0.77777,0.82745,0.84974,0.90689
0.1498,0.001068,-0.0026835,0.00039822,0.0095347,0.0296,0.041918,0.10082,0.25163,0.37145,0.45469,0.55833,0.61515,0.65011,0.74961,0.77467,0.82126,0.82807,0.90534
0.1499,-0.0020273,-0.0011358,-0.0011494,0.020368,0.024957,0.052751,0.10546,0.24234,0.373,0.46243,0.54904,0.61206,0.65166,0.74342,0.78396,0.81817,0.82188,0.89296
0.15,-0.0051226,0.0004118,0.0019459,0.014178,0.024957,0.041918,0.097723,0.23925,0.37609,0.45933,0.55523,0.60122,0.6594,0.74651,0.78705,0.82436,0.82497,0.87284
0.1501,-0.0051226,-0.0057788,0.0081364,0.014178,0.021862,0.037275,0.10082,0.24079,0.37609,0.45469,0.55988,0.60122,0.6563,0.74496,0.77312,0.82126,0.82962,0.87903
0.1502,0.0057109,0.0004118,0.0034935,0.01263,0.021862,0.037275,0.10546,0.24234,0.37609,0.45314,0.56452,0.60122,0.65321,0.73723,0.77312,0.82281,0.84664,0.88677
0.1503,-0.0066702,-0.0026835,0.00039822,0.0095347,0.023409,0.043465,0.10856,0.23925,0.37145,0.44695,0.55678,0.59658,0.65321,0.73877,0.75455,0.82126,0.84355,0.89296
0.1504,-0.0020273,-0.0042311,0.0034935,0.011082,0.018766,0.034179,0.094628,0.24079,0.38228,0.44231,0.55059,0.60587,0.66714,0.74032,0.75301,0.81817,0.84509,0.8976
0.1505,-0.0066702,-0.0026835,-0.0011494,0.011082,0.0296,0.024894,0.09308,0.23151,0.38538,0.44386,0.54285,0.60896,0.6625,0.74342,0.74681,0.82281,0.84045,0.8976
0.1506,0.0026156,-0.011969,0.0096841,0.025011,0.028052,0.032632,0.10391,0.2346,0.37454,0.43767,0.54749,0.60277,0.6563,0.72949,0.75301,0.829,0.8389,0.89915
0.1507,-0.00047968,-0.011969,0.0034935,0.026559,0.028052,0.026441,0.10546,0.24079,0.37609,0.43921,0.55678,0.6136,0.65166,0.73877,0.74527,0.81817,0.82962,0.88986
0.1508,-0.011313,-0.0042311,0.0019459,0.023464,0.020314,0.037275,0.10391,0.23306,0.37609,0.43921,0.55678,0.60277,0.65476,0.7527,0.74527,0.81353,0.83271,0.88058
0.1509,-0.0051226,-0.0011358,0.0019459,0.018821,0.026505,0.032632,0.10391,0.23615,0.37609,0.4485,0.5413,0.60122,0.66404,0.74496,0.7592,0.81043,0.84355,0.88677
0.151,-0.0051226,0.0035071,0.0065888,0.015725,0.023409,0.034179,0.10391,0.23925,0.38073,0.45469,0.54595,0.60277,0.65785,0.73103,0.75301,0.81507,0.84355,0.88522
0.1511,-0.0082179,0.0004118,0.0019459,0.020368,0.0296,0.034179,0.10701,0.24079,0.37764,0.44695,0.5444,0.59813,0.66095,0.72794,0.75146,0.81353,0.83426,0.88212
0.1512,-0.012861,-0.0057788,0.00039822,0.014178,0.026505,0.032632,0.10546,0.24234,0.37919,0.4454,0.5444,0.58575,0.65166,0.73413,0.76539,0.81662,0.84045,0.87903
0.1513,-0.0051226,-0.0073264,0.0019459,0.01263,0.023409,0.034179,0.10701,0.23925,0.38847,0.45469,0.54285,0.59194,0.65476,0.73877,0.7592,0.81507,0.84355,0.87593
0.1514,-0.003575,-0.0011358,0.014327,0.018821,0.018766,0.04037,0.10546,0.2346,0.38538,0.44695,0.54749,0.59813,0.6625,0.74342,0.74836,0.82591,0.83581,0.88058
0.1515,-0.003575,0.0050547,0.0065888,0.018821,0.021862,0.034179,0.10546,0.23925,0.38383,0.4454,0.55368,0.60277,0.65785,0.74342,0.74836,0.829,0.83581,0.87284
0.1516,-0.0051226,-0.0011358,0.0050412,0.014178,0.023409,0.038822,0.1101,0.2346,0.38228,0.4485,0.55523,0.60587,0.65321,0.74032,0.76074,0.82281,0.82807,0.87439
0.1517,-0.003575,-0.0011358,0.0034935,0.023464,0.021862,0.037275,0.10237,0.23615,0.38228,0.45159,0.55678,0.6167,0.65321,0.74496,0.76229,0.83519,0.82033,0.88367
0.1518,-0.0082179,0.0050547,0.0096841,0.021916,0.017219,0.037275,0.10391,0.24234,0.37609,0.4485,0.54749,0.60741,0.66404,0.74032,0.76539,0.82745,0.82033,0.88522
0.1519,-0.0097655,0.0035071,0.0065888,0.0095347,0.021862,0.04037,0.099271,0.23925,0.37454,0.45159,0.53821,0.61206,0.65476,0.73877,0.75146,0.829,0.82807,0.88522
0.152,-0.0051226,0.0019594,0.0065888,0.020368,0.020314,0.04037,0.097723,0.24079,0.3668,0.4454,0.5413,0.60122,0.65166,0.73258,0.77003,0.82591,0.82343,0.88677
0.1521,-0.00047968,0.0050547,0.0065888,0.020368,0.023409,0.037275,0.10082,0.25163,0.37609,0.44695,0.53511,0.59658,0.64392,0.73568,0.77003,0.829,0.82033,0.87903
0.1522,-0.012861,-0.0073264,0.0019459,0.0079871,0.026505,0.04037,0.097723,0.23925,0.37919,0.4485,0.53821,0.60896,0.63928,0.73413,0.76229,0.81972,0.81259,0.87439
0.1523,-0.015956,-0.0073264,0.0065888,0.0095347,0.021862,0.043465,0.099271,0.24389,0.37764,0.44386,0.52583,0.62134,0.65011,0.71711,0.76848,0.81198,0.81414,0.86355
0.1524,-0.0097655,-0.0057788,0.0065888,0.0095347,0.018766,0.035727,0.10082,0.24389,0.3699,0.45159,0.52583,0.61206,0.65166,0.71711,0.76848,0.8321,0.82343,0.8682
0.1525,-0.0082179,-0.0057788,0.0065888,0.0064395,0.018766,0.038822,0.10546,0.24234,0.36371,0.45624,0.52273,0.60122,0.64547,0.72175,0.76384,0.81817,0.82188,0.87439
0.1526,-0.00047968,0.0004118,0.0081364,0.01263,0.020314,0.041918,0.10082,0.23615,0.373,0.45005,0.53047,0.59968,0.65321,0.72639,0.77158,0.80424,0.81569,0.87284
0.1527,-0.012861,-0.0088741,0.0081364,0.018821,0.018766,0.04037,0.10546,0.23306,0.3699,0.4485,0.52892,0.60277,0.64392,0.71556,0.7592,0.7996,0.82652,0.8651
0.1528,-0.0020273,-0.0088741,0.0065888,0.0079871,0.011028,0.041918,0.09308,0.23615,0.36835,0.44695,0.53047,0.59503,0.65011,0.7202,0.76384,0.80424,0.83271,0.87439
0.1529,-0.00047968,0.0050547,0.0034935,0.018821,0.017219,0.037275,0.099271,0.24079,0.37145,0.45005,0.53511,0.59194,0.6594,0.7233,0.77622,0.80579,0.8389,0.88058
0.153,-0.0020273,-0.0026835,0.011232,0.015725,0.021862,0.034179,0.10391,0.25008,0.36216,0.45314,0.53511,0.59658,0.64702,0.7233,0.78241,0.81198,0.84355,0.8651
0.1531,-0.0082179,0.0019594,0.0096841,0.020368,0.023409,0.037275,0.10701,0.24544,0.35442,0.45624,0.52583,0.60122,0.64238,0.72639,0.77777,0.81817,0.83736,0.86201
0.1532,-0.0051226,0.0050547,0.0065888,0.0079871,0.0296,0.035727,0.10856,0.24079,0.35442,0.4485,0.53511,0.59348,0.64547,0.72794,0.76384,0.82281,0.84355,0.8682
0.1533,-0.003575,0.0050547,0.0050412,0.0095347,0.020314,0.037275,0.10701,0.25782,0.36216,0.4485,0.53202,0.59658,0.66095,0.72639,0.77003,0.7996,0.8389,0.86201
0.1534,-0.0082179,-0.0026835,0.00039822,0.0064395,0.018766,0.026441,0.10856,0.25782,0.3699,0.44695,0.53511,0.59194,0.64547,0.72949,0.76539,0.80888,0.82343,0.8651
0.1535,-0.0066702,-0.0042311,0.0019459,0.011082,0.024957,0.034179,0.10546,0.25318,0.3668,0.4485,0.52892,0.59658,0.64392,0.73258,0.76229,0.81043,0.83581,0.8651
0.1536,-0.0082179,0.0019594,0.0096841,0.011082,0.023409,0.034179,0.10546,0.25318,0.35907,0.4485,0.52273,0.60277,0.63309,0.7233,0.76848,0.81507,0.82343,0.86046
0.1537,-0.0097655,-0.0026835,0.0019459,0.014178,0.026505,0.041918,0.10546,0.25008,0.36216,0.44695,0.52273,0.60277,0.64083,0.7233,0.77622,0.81198,0.82807,0.8651
0.1538,-0.0097655,0.0004118,0.0034935,0.01263,0.024957,0.035727,0.10082,0.25008,0.37145,0.44231,0.52118,0.59813,0.63928,0.72639,0.77158,0.81507,0.84355,0.8651
0.1539,-0.0097655,0.0004118,0.0034935,0.011082,0.023409,0.035727,0.10391,0.25627,0.36061,0.44386,0.53511,0.61206,0.64083,0.72639,0.76074,0.82745,0.842,0.86046
0.154,-0.0082179,0.0019594,0.00039822,0.014178,0.020314,0.04037,0.10856,0.25627,0.34669,0.44695,0.53511,0.60277,0.64238,0.72175,0.75146,0.82126,0.8389,0.85427
0.1541,-0.003575,-0.0026835,0.0034935,0.014178,0.023409,0.034179,0.10856,0.25163,0.35442,0.45624,0.53976,0.59658,0.65785,0.7202,0.74991,0.81043,0.82343,0.84962
0.1542,-0.0082179,-0.0026835,-0.0026971,0.018821,0.023409,0.04037,0.10546,0.25627,0.3699,0.45779,0.53666,0.60122,0.66404,0.72484,0.76229,0.80114,0.82343,0.84343
0.1543,-0.0082179,-0.0011358,-0.0011494,0.020368,0.020314,0.032632,0.10082,0.25937,0.36835,0.45005,0.51964,0.60741,0.65011,0.72639,0.77003,0.80888,0.83426,0.85272
0.1544,-0.0082179,0.0004118,0.0019459,0.023464,0.017219,0.031084,0.10391,0.26091,0.35442,0.44695,0.52892,0.60896,0.63773,0.7233,0.75455,0.80734,0.82962,0.86046
0.1545,-0.0082179,0.0035071,0.0034935,0.011082,0.0094804,0.034179,0.10701,0.24698,0.35907,0.45624,0.53666,0.61979,0.63928,0.7233,0.75146,0.80579,0.83581,0.86201
0.1546,-0.011313,-0.0011358,0.0050412,0.0095347,0.021862,0.035727,0.10391,0.24698,0.36371,0.45314,0.53666,0.60896,0.64392,0.72794,0.76693,0.80579,0.82807,0.85581
0.1547,-0.0082179,-0.0073264,0.0096841,0.01263,0.020314,0.04037,0.096176,0.25008,0.3668,0.45159,0.53511,0.60277,0.64392,0.71556,0.76539,0.80269,0.842,0.85736
0.1548,-0.0097655,-0.0026835,0.0065888,0.018821,0.018766,0.037275,0.099271,0.25472,0.35752,0.44231,0.54285,0.60122,0.65011,0.7202,0.75455,0.80888,0.85593,0.85581
0.1549,-0.0066702,-0.0026835,0.0050412,0.021916,0.028052,0.038822,0.1101,0.25472,0.3668,0.4454,0.55059,0.59658,0.64547,0.72639,0.7592,0.80114,0.86057,0.8651
0.155,-0.0082179,-0.0011358,0.0019459,0.01263,0.028052,0.035727,0.10701,0.25318,0.37454,0.44076,0.54285,0.59813,0.6594,0.72794,0.77158,0.81198,0.85438,0.86665
0.1551,-0.011313,-0.0073264,-0.0011494,0.018821,0.018766,0.032632,0.10391,0.25163,0.37145,0.45469,0.52892,0.59039,0.65476,0.71401,0.76693,0.80579,0.84509,0.86046
0.1552,-0.0051226,-0.0026835,0.0065888,0.0095347,0.014123,0.035727,0.11165,0.25318,0.37145,0.44695,0.52892,0.60587,0.64547,0.71711,0.75301,0.80734,0.85438,0.85581
0.1553,-0.0066702,0.0050547,0.00039822,0.0095347,0.020314,0.037275,0.11165,0.25472,0.3668,0.45314,0.53666,0.60277,0.64702,0.7202,0.74991,0.79495,0.84819,0.85891
0.1554,-0.0082179,0.0019594,-0.0011494,0.011082,0.015671,0.035727,0.10546,0.24544,0.36835,0.44695,0.53666,0.60277,0.67178,0.7233,0.76539,0.80579,0.85438,0.86201
0.1555,-0.0082179,-0.0042311,0.0050412,0.011082,0.017219,0.034179,0.10546,0.24079,0.35752,0.44231,0.5413,0.59968,0.67642,0.7202,0.75301,0.81817,0.84819,0.86974
0.1556,-0.0066702,0.0004118,-0.0042447,0.020368,0.021862,0.037275,0.10546,0.25008,0.36216,0.44386,0.54595,0.60277,0.67023,0.72175,0.75455,0.80888,0.842,0.86355
0.1557,-0.00047968,-0.0011358,0.0065888,0.01263,0.018766,0.04037,0.10391,0.24698,0.36835,0.4454,0.54285,0.59348,0.65476,0.71711,0.74836,0.80579,0.84819,0.8651
0.1558,-0.0066702,-0.0088741,0.0065888,0.011082,0.020314,0.043465,0.10391,0.24389,0.36835,0.43921,0.54285,0.58884,0.64392,0.7233,0.75146,0.81353,0.83581,0.86046
0.1559,-0.0066702,-0.0011358,0.0019459,0.018821,0.011028,0.035727,0.10082,0.24389,0.3668,0.4454,0.53976,0.59039,0.65011,0.72949,0.74836,0.81353,0.83271,0.84962
0.156,-0.0051226,0.0035071,-0.0026971,0.014178,0.011028,0.035727,0.10391,0.25008,0.3699,0.44231,0.5413,0.59039,0.63773,0.72794,0.74991,0.80579,0.84045,0.85117
0.1561,-0.0051226,0.0004118,0.0019459,0.014178,0.018766,0.04037,0.10391,0.24853,0.37145,0.44695,0.53976,0.59503,0.63619,0.72949,0.74681,0.80269,0.82807,0.85427
0.1562,-0.0082179,0.0019594,0.0019459,0.020368,0.017219,0.037275,0.10856,0.23615,0.37764,0.44386,0.54904,0.59503,0.64083,0.72794,0.73908,0.80579,0.82807,0.86046
0.1563,-0.015956,-0.0011358,-0.0011494,0.01263,0.015671,0.034179,0.10701,0.23615,0.37609,0.44386,0.54749,0.59039,0.63928,0.72484,0.74681,0.80424,0.83736,0.86665
0.1564,-0.0066702,0.0004118,0.0065888,0.018821,0.017219,0.032632,0.10701,0.24079,0.37454,0.4485,0.53821,0.59658,0.62999,0.72794,0.7592,0.7996,0.84819,0.85117
0.1565,-0.0051226,-0.0042311,0.00039822,0.01263,0.031147,0.043465,0.1101,0.24079,0.38847,0.4454,0.53821,0.60277,0.64083,0.73568,0.7592,0.7996,0.83271,0.84498
0.1566,-0.0051226,-0.0011358,0.0019459,0.014178,0.028052,0.035727,0.10546,0.24234,0.37919,0.43767,0.53976,0.59813,0.64392,0.73258,0.75146,0.79341,0.83271,0.84653
0.1567,-0.003575,0.0035071,0.0065888,0.026559,0.017219,0.038822,0.10546,0.24079,0.3699,0.44076,0.53202,0.59039,0.64702,0.74032,0.74991,0.7996,0.82807,0.84343
0.1568,-0.003575,-0.0026835,0.0065888,0.015725,0.023409,0.037275,0.10082,0.25472,0.37145,0.44695,0.53202,0.58884,0.64547,0.72175,0.76384,0.79031,0.83426,0.85272
0.1569,-0.003575,-0.0026835,-0.0011494,0.015725,0.018766,0.035727,0.10082,0.24698,0.37609,0.4485,0.5413,0.59968,0.64702,0.72639,0.75301,0.7965,0.83581,0.85117
0.157,-0.0051226,-0.0042311,0.00039822,0.014178,0.021862,0.037275,0.10237,0.24389,0.373,0.45624,0.53511,0.59039,0.64083,0.72484,0.76848,0.80269,0.82807,0.84498
0.1571,-0.003575,-0.0073264,0.0034935,0.020368,0.024957,0.031084,0.1101,0.24698,0.37764,0.45314,0.53666,0.59813,0.63619,0.72794,0.77312,0.80888,0.82962,0.84808
0.1572,-0.0020273,-0.0073264,0.00039822,0.014178,0.034243,0.034179,0.10546,0.24389,0.37764,0.45314,0.5444,0.59348,0.64083,0.74342,0.77622,0.79805,0.83271,0.85272
0.1573,-0.0066702,-0.011969,0.0050412,0.018821,0.024957,0.035727,0.10237,0.24389,0.37145,0.4485,0.54285,0.60122,0.64702,0.73723,0.77622,0.80269,0.83736,0.86355
0.1574,-0.0082179,-0.0026835,0.00039822,0.021916,0.018766,0.04037,0.10856,0.25008,0.3668,0.44386,0.54285,0.60277,0.65476,0.73103,0.77003,0.80114,0.84819,0.86201
0.1575,0.001068,-0.0011358,0.0019459,0.021916,0.023409,0.04037,0.10546,0.25472,0.36371,0.43767,0.5413,0.59813,0.65476,0.73258,0.77312,0.80579,0.84664,0.84498
0.1576,-0.0020273,0.0004118,-0.0026971,0.020368,0.024957,0.031084,0.10391,0.24389,0.3668,0.43302,0.53821,0.59968,0.63619,0.72175,0.77003,0.80424,0.84664,0.84498
0.1577,-0.003575,-0.0042311,0.0050412,0.025011,0.023409,0.04037,0.10391,0.24544,0.37145,0.43302,0.53047,0.5842,0.63309,0.72949,0.77467,0.80114,0.83426,0.85117
0.1578,-0.0051226,0.0004118,0.014327,0.018821,0.018766,0.037275,0.10546,0.25627,0.36526,0.43921,0.5413,0.58729,0.64702,0.73103,0.77777,0.80269,0.85128,0.85427
0.1579,-0.0066702,0.0035071,0.0019459,0.018821,0.026505,0.034179,0.10391,0.25472,0.36835,0.43921,0.54595,0.59039,0.65166,0.72639,0.76229,0.81353,0.86367,0.86201
0.158,-0.0066702,0.00815,0.0019459,0.023464,0.023409,0.038822,0.10237,0.25163,0.3668,0.42993,0.53666,0.59968,0.65785,0.72175,0.75146,0.80888,0.85902,0.86201
0.1581,-0.0066702,0.0019594,0.0081364,0.01263,0.017219,0.038822,0.099271,0.25782,0.35907,0.43302,0.53666,0.60122,0.65011,0.73723,0.75146,0.80114,0.84819,0.85581
0.1582,-0.003575,-0.0011358,0.0081364,0.01263,0.026505,0.041918,0.09308,0.25627,0.36216,0.43921,0.5444,0.59968,0.64083,0.73568,0.76384,0.7996,0.85748,0.85427
0.1583,-0.0097655,-0.0026835,0.0034935,0.014178,0.018766,0.041918,0.10082,0.25318,0.3699,0.43612,0.5444,0.60587,0.65321,0.73568,0.76539,0.80114,0.84819,0.85891
0.1584,-0.00047968,-0.0026835,0.0096841,0.020368,0.021862,0.035727,0.097723,0.25318,0.36526,0.43767,0.55368,0.60741,0.64083,0.73723,0.75301,0.80269,0.84819,0.87593
0.1585,-0.0066702,-0.0042311,0.0019459,0.01263,0.0094804,0.032632,0.10391,0.25163,0.3668,0.43457,0.55214,0.59348,0.63464,0.73103,0.75455,0.80269,0.85283,0.88058
0.1586,-0.0066702,-0.0073264,0.0050412,0.014178,0.017219,0.024894,0.10391,0.25008,0.35597,0.43767,0.53511,0.59813,0.63773,0.71711,0.76693,0.81817,0.85593,0.87748
0.1587,-0.003575,-0.0042311,0.0081364,0.018821,0.023409,0.027989,0.10391,0.24079,0.36061,0.44386,0.53666,0.59968,0.63773,0.7233,0.7592,0.82126,0.85748,0.87439
0.1588,-0.00047968,0.0035071,0.00039822,0.018821,0.020314,0.035727,0.1101,0.24234,0.35752,0.43921,0.54595,0.59503,0.63619,0.73413,0.76074,0.7996,0.84819,0.86046
0.1589,0.001068,-0.0011358,0.0050412,0.0033442,0.017219,0.04037,0.10391,0.24234,0.35907,0.43148,0.54285,0.59348,0.64702,0.72484,0.75455,0.79805,0.85283,0.8651
0.159,-0.0066702,0.0019594,0.0034935,0.011082,0.0094804,0.037275,0.10082,0.25163,0.36835,0.4454,0.54904,0.58575,0.65166,0.7233,0.7592,0.79495,0.85593,0.86046
0.1591,-0.0097655,0.0019594,0.0081364,0.018821,0.023409,0.043465,0.10082,0.25937,0.36526,0.45314,0.5444,0.58729,0.65321,0.7202,0.76074,0.77793,0.85593,0.86665
0.1592,-0.0097655,0.0066024,0.0081364,0.0095347,0.015671,0.034179,0.10856,0.25318,0.3668,0.45159,0.53821,0.58729,0.64392,0.72175,0.76074,0.79805,0.84819,0.86355
0.1593,-0.0051226,0.0019594,0.0034935,0.021916,0.017219,0.037275,0.10237,0.24853,0.37145,0.45469,0.53666,0.59039,0.64083,0.73258,0.75146,0.78412,0.842,0.8682
0.1594,-0.0020273,-0.0026835,0.0050412,0.011082,0.018766,0.043465,0.10856,0.24853,0.36061,0.44386,0.5413,0.5842,0.64547,0.73103,0.76384,0.7996,0.85128,0.87284
0.1595,-0.0097655,0.0050547,0.00039822,0.014178,0.018766,0.034179,0.10856,0.25472,0.36835,0.43767,0.53202,0.59039,0.64392,0.72949,0.77158,0.80424,0.85283,0.87903
0.1596,-0.0097655,0.0019594,0.0019459,0.018821,0.017219,0.026441,0.10546,0.25163,0.37609,0.44231,0.53666,0.59194,0.64238,0.73413,0.76229,0.7996,0.84355,0.88212
0.1597,-0.0097655,0.0004118,0.0019459,0.018821,0.017219,0.029536,0.10237,0.25318,0.37609,0.43457,0.54595,0.59813,0.65166,0.72484,0.77158,0.80114,0.85128,0.87748
0.1598,-0.0097655,0.0004118,0.0081364,0.0095347,0.021862,0.027989,0.10546,0.25163,0.36061,0.44231,0.54749,0.58884,0.64238,0.72484,0.77931,0.7965,0.84974,0.87284
0.1599,-0.0082179,-0.0042311,0.00039822,0.011082,0.024957,0.026441,0.1101,0.24234,0.36216,0.43767,0.54285,0.59039,0.62999,0.72175,0.76384,0.79341,0.84355,0.86974
0.16,-0.0097655,-0.0042311,0.0081364,0.018821,0.020314,0.024894,0.10856,0.24389,0.36835,0.43921,0.52583,0.59039,0.62535,0.7202,0.7592,0.7996,0.83426,0.88677
0.1601,-0.0097655,-0.0042311,0.0019459,0.015725,0.020314,0.031084,0.10701,0.25163,0.36526,0.44695,0.53047,0.58575,0.63773,0.72949,0.76229,0.80734,0.82343,0.88367
0.1602,-0.019051,0.0004118,0.0096841,0.0064395,0.023409,0.027989,0.10701,0.24698,0.37609,0.44386,0.53047,0.58265,0.63619,0.72175,0.76848,0.79031,0.82188,0.87593
0.1603,-0.011313,-0.0042311,0.0096841,0.015725,0.014123,0.038822,0.10856,0.25163,0.36835,0.43612,0.53511,0.57956,0.65011,0.71246,0.77312,0.78876,0.82652,0.86201
0.1604,-0.0051226,-0.0011358,0.0050412,0.020368,0.028052,0.041918,0.10391,0.25472,0.36371,0.44076,0.53511,0.59039,0.65011,0.73568,0.76693,0.7965,0.83271,0.86665
0.1605,-0.0066702,0.0004118,0.0034935,0.014178,0.031147,0.041918,0.10391,0.24853,0.36526,0.43612,0.53821,0.58729,0.6563,0.73877,0.77003,0.79495,0.83271,0.87284
0.1606,-0.019051,0.0019594,-0.0057923,0.015725,0.023409,0.034179,0.097723,0.25163,0.3668,0.43612,0.5444,0.58884,0.64392,0.73413,0.77003,0.79031,0.83271,0.87903
0.1607,-0.0082179,-0.0026835,0.00039822,0.020368,0.023409,0.034179,0.10546,0.24079,0.36526,0.43921,0.52738,0.58265,0.63619,0.72175,0.77158,0.78722,0.82962,0.87748
0.1608,-0.0051226,0.0004118,0.0050412,0.018821,0.023409,0.034179,0.11165,0.25318,0.36526,0.42993,0.53202,0.5842,0.6269,0.71401,0.7592,0.7996,0.83581,0.87748
0.1609,-0.0051226,-0.0026835,-0.0011494,0.0095347,0.024957,0.035727,0.10701,0.25008,0.37145,0.42064,0.53821,0.58575,0.63464,0.71556,0.77158,0.79805,0.81878,0.86974
0.161,-0.0082179,-0.0011358,-0.0011494,0.011082,0.028052,0.035727,0.11165,0.25008,0.37145,0.43148,0.53047,0.58884,0.63619,0.72175,0.76848,0.79031,0.81724,0.8682
0.1611,-0.0082179,0.0004118,0.00039822,0.018821,0.023409,0.034179,0.11475,0.24234,0.36526,0.43767,0.52738,0.59813,0.63154,0.72484,0.75455,0.78876,0.82343,0.86201
0.1612,-0.0051226,0.0004118,0.0065888,0.021916,0.024957,0.037275,0.1132,0.24698,0.3699,0.43457,0.52428,0.58884,0.64547,0.7233,0.76384,0.78567,0.82033,0.87439
0.1613,-0.0066702,0.0035071,0.0081364,0.021916,0.018766,0.041918,0.10701,0.23925,0.36061,0.43302,0.52428,0.5842,0.63773,0.72949,0.76539,0.77638,0.8095,0.86201
0.1614,-0.0097655,0.0096977,0.0065888,0.01263,0.014123,0.043465,0.10391,0.25163,0.36216,0.43921,0.53047,0.58265,0.63309,0.72794,0.76384,0.78103,0.82962,0.84962
0.1615,-0.003575,-0.0026835,0.0034935,0.018821,0.020314,0.04037,0.10237,0.25008,0.36835,0.4454,0.52583,0.58729,0.64238,0.71092,0.76539,0.7965,0.82807,0.85581
0.1616,-0.012861,-0.0011358,0.0019459,0.018821,0.026505,0.038822,0.096176,0.25163,0.3699,0.4485,0.53976,0.59348,0.63464,0.7202,0.76074,0.79495,0.82343,0.85581
0.1617,-0.020599,-0.0042311,0.0019459,0.014178,0.021862,0.038822,0.10391,0.24389,0.36835,0.4485,0.53976,0.59194,0.6269,0.71246,0.74836,0.77793,0.82033,0.86201
0.1618,-0.012861,-0.0042311,-0.0026971,0.01263,0.024957,0.035727,0.10391,0.24234,0.36371,0.44386,0.53511,0.59039,0.63309,0.71711,0.74681,0.77174,0.81105,0.86974
0.1619,-0.0082179,-0.0026835,-0.0011494,0.01263,0.017219,0.031084,0.097723,0.25163,0.36835,0.44231,0.52428,0.60122,0.63464,0.7233,0.74991,0.77793,0.81105,0.87903
0.162,0.001068,-0.0073264,0.0034935,0.018821,0.017219,0.034179,0.096176,0.24389,0.36371,0.44386,0.53666,0.59658,0.62845,0.7233,0.74681,0.764,0.81569,0.87748
0.1621,-0.003575,-0.0026835,0.0081364,0.014178,0.018766,0.037275,0.10082,0.24079,0.36526,0.44076,0.53821,0.58884,0.63464,0.72794,0.73908,0.77019,0.80486,0.87284
0.1622,-0.011313,-0.010422,0.011232,0.011082,0.014123,0.035727,0.096176,0.25318,0.3668,0.43767,0.53511,0.5842,0.64392,0.72639,0.74372,0.77638,0.82033,0.86974
0.1623,-0.0097655,-0.0011358,0.0081364,0.01263,0.015671,0.027989,0.089985,0.24853,0.35907,0.43767,0.53666,0.57646,0.65011,0.71246,0.74681,0.78103,0.82033,0.87439
0.1624,-0.0066702,0.0035071,0.0065888,0.018821,0.0296,0.04037,0.099271,0.23306,0.35752,0.44231,0.53666,0.58729,0.66095,0.70937,0.74836,0.77638,0.81414,0.87439
0.1625,-0.014408,-0.0042311,-0.0011494,0.0064395,0.018766,0.041918,0.10237,0.24698,0.36061,0.44076,0.53511,0.58729,0.65166,0.72175,0.75146,0.77329,0.82652,0.87439
0.1626,-0.0082179,-0.0026835,0.0019459,0.011082,0.014123,0.04037,0.099271,0.23615,0.35597,0.44076,0.53821,0.5842,0.64547,0.72639,0.7592,0.77174,0.83426,0.87439
0.1627,-0.0097655,-0.0011358,0.0096841,0.0095347,0.0094804,0.029536,0.10082,0.23925,0.35442,0.43148,0.53666,0.5842,0.64702,0.7202,0.77158,0.77793,0.82033,0.88058
0.1628,-0.00047968,0.0019594,0.011232,0.01263,0.017219,0.037275,0.10237,0.24079,0.36216,0.44231,0.53202,0.5842,0.63928,0.7202,0.76693,0.7671,0.82807,0.88832
0.1629,-0.0051226,-0.0026835,0.0019459,0.018821,0.018766,0.038822,0.10237,0.24234,0.36061,0.44076,0.52583,0.59039,0.63619,0.72949,0.77312,0.7671,0.82807,0.8976
0.163,-0.003575,0.0019594,0.0050412,0.011082,0.018766,0.04037,0.10237,0.24389,0.36526,0.43921,0.52273,0.58884,0.64547,0.72484,0.76848,0.77793,0.82652,0.8976
0.1631,-0.0051226,-0.0026835,0.0065888,0.018821,0.018766,0.037275,0.10082,0.23615,0.36835,0.42064,0.53202,0.5842,0.64083,0.72639,0.76074,0.77948,0.82807,0.90224
0.1632,-0.003575,0.0035071,0.0081364,0.021916,0.023409,0.027989,0.099271,0.25008,0.36061,0.43457,0.53511,0.58265,0.64238,0.7202,0.76229,0.78103,0.82652,0.89915
0.1633,-0.0051226,-0.0011358,0.014327,0.018821,0.021862,0.037275,0.096176,0.24698,0.36371,0.44231,0.53821,0.58575,0.64238,0.71711,0.76539,0.77793,0.82652,0.89296
0.1634,-0.0097655,-0.0011358,0.0081364,0.021916,0.017219,0.037275,0.096176,0.24234,0.36371,0.4454,0.5413,0.59039,0.63928,0.7202,0.76384,0.77329,0.82962,0.89605
0.1635,-0.0051226,0.0035071,0.0081364,0.021916,0.023409,0.041918,0.089985,0.24698,0.35133,0.44231,0.53976,0.59194,0.63928,0.71401,0.7592,0.77329,0.81878,0.88832
0.1636,-0.0097655,-0.0026835,0.0050412,0.021916,0.024957,0.04037,0.10237,0.24389,0.34669,0.43302,0.52428,0.58729,0.6563,0.71246,0.74527,0.77483,0.82807,0.88677
0.1637,-0.0097655,0.0019594,0.0050412,0.0095347,0.020314,0.038822,0.10237,0.2346,0.35442,0.43767,0.53666,0.59194,0.64547,0.70937,0.75301,0.78103,0.82343,0.87903
0.1638,-0.0020273,0.0004118,0.0019459,0.0095347,0.026505,0.034179,0.096176,0.24234,0.35133,0.44386,0.5444,0.59503,0.65166,0.71556,0.7592,0.77793,0.80331,0.87748
0.1639,-0.0082179,-0.0057788,0.0019459,0.018821,0.031147,0.037275,0.10082,0.24234,0.35752,0.43148,0.54904,0.59039,0.65166,0.71556,0.74681,0.76864,0.81878,0.88522
0.164,-0.0082179,0.0004118,0.0050412,0.011082,0.026505,0.038822,0.10391,0.24234,0.35907,0.43921,0.54749,0.58575,0.64238,0.71711,0.75301,0.77483,0.82962,0.88367
0.1641,-0.003575,-0.0042311,0.0096841,0.0095347,0.020314,0.034179,0.10237,0.24698,0.35288,0.43921,0.53976,0.5842,0.64392,0.70937,0.74681,0.78876,0.82343,0.88677
0.1642,-0.0051226,-0.0026835,0.0065888,0.01263,0.026505,0.04037,0.10701,0.24234,0.35752,0.43457,0.52892,0.57801,0.6563,0.70163,0.73908,0.7965,0.83426,0.88212
0.1643,-0.0066702,-0.0011358,0.0065888,0.018821,0.020314,0.038822,0.097723,0.2346,0.35752,0.43921,0.53047,0.57491,0.6594,0.71556,0.74836,0.77793,0.82188,0.88212
0.1644,-0.0097655,0.0004118,-0.0011494,0.014178,0.028052,0.029536,0.097723,0.24234,0.36371,0.43612,0.53976,0.58265,0.6594,0.7202,0.74836,0.76555,0.81878,0.86974
0.1645,-0.0051226,-0.0057788,0.0096841,0.018821,0.018766,0.034179,0.097723,0.23615,0.35907,0.44231,0.52583,0.58575,0.65476,0.71711,0.74372,0.77329,0.81569,0.87593
0.1646,-0.0082179,-0.0057788,-0.0011494,0.011082,0.0094804,0.041918,0.10546,0.24234,0.35288,0.43767,0.53511,0.58729,0.65166,0.71246,0.74217,0.78412,0.81878,0.87903
0.1647,-0.003575,-0.0042311,0.00039822,0.01263,0.023409,0.034179,0.10391,0.24234,0.35288,0.44231,0.53821,0.58575,0.65785,0.71711,0.75301,0.76864,0.82188,0.86665
0.1648,-0.0097655,-0.0011358,0.00039822,0.015725,0.028052,0.026441,0.099271,0.24389,0.35907,0.44076,0.5444,0.58575,0.64702,0.71711,0.76074,0.76555,0.82497,0.86665
0.1649,-0.0097655,0.0004118,0.0081364,0.01263,0.024957,0.031084,0.10237,0.25163,0.36216,0.4454,0.53666,0.57646,0.65476,0.72175,0.7592,0.77174,0.82188,0.87593
0.165,-0.0066702,0.0004118,0.0050412,0.011082,0.020314,0.029536,0.10546,0.25008,0.36216,0.43921,0.53047,0.57646,0.65166,0.7202,0.7592,0.78412,0.81414,0.86355
0.1651,-0.0066702,-0.0011358,0.0050412,0.0079871,0.021862,0.035727,0.10546,0.24234,0.36526,0.43612,0.52583,0.57027,0.64083,0.7202,0.75301,0.79341,0.82652,0.86355
0.1652,-0.014408,0.0050547,0.0050412,0.01263,0.018766,0.038822,0.097723,0.24698,0.35752,0.44231,0.52738,0.58265,0.63619,0.73413,0.76229,0.78103,0.82497,0.87593
0.1653,-0.0097655,0.0019594,-0.0011494,0.011082,0.020314,0.038822,0.10391,0.25008,0.35442,0.43612,0.53047,0.57801,0.65166,0.73723,0.76848,0.78567,0.81259,0.86201
0.1654,-0.019051,-0.0011358,-0.0026971,0.014178,0.015671,0.041918,0.10237,0.25008,0.36216,0.43612,0.52892,0.58729,0.65321,0.71711,0.75301,0.77638,0.80795,0.85117
0.1655,-0.015956,-0.0026835,0.0034935,0.014178,0.014123,0.037275,0.10391,0.24853,0.35133,0.44386,0.52892,0.59039,0.65011,0.70782,0.76074,0.77483,0.80331,0.85117
0.1656,-0.017504,0.0019594,0.0019459,0.011082,0.020314,0.037275,0.10856,0.24234,0.35907,0.44231,0.52428,0.58575,0.64083,0.7233,0.74372,0.78567,0.81414,0.86046
0.1657,-0.012861,-0.0026835,0.0065888,0.01263,0.023409,0.031084,0.10546,0.24234,0.36526,0.43767,0.51654,0.58729,0.63464,0.72484,0.74836,0.7965,0.82497,0.86355
0.1658,-0.0051226,0.0050547,0.0050412,0.0095347,0.024957,0.037275,0.10237,0.24698,0.36061,0.4485,0.51499,0.59658,0.62071,0.70937,0.76074,0.78103,0.82807,0.86201
0.1659,-0.014408,0.0035071,0.0050412,0.018821,0.024957,0.027989,0.10856,0.25163,0.37145,0.4485,0.51654,0.59039,0.63464,0.7233,0.77158,0.77948,0.82962,0.8651
0.166,-0.015956,0.0050547,0.0034935,0.01263,0.020314,0.032632,0.10856,0.24544,0.37919,0.43302,0.52273,0.59194,0.64238,0.71556,0.76693,0.77793,0.83271,0.87439
0.1661,-0.0066702,-0.0026835,-0.0026971,0.011082,0.018766,0.037275,0.1101,0.24389,0.36835,0.43148,0.53047,0.57801,0.63773,0.70937,0.76384,0.77483,0.83736,0.8682
0.1662,-0.0066702,0.0050547,-0.00734,0.011082,0.028052,0.032632,0.11475,0.24853,0.3668,0.43457,0.51964,0.58884,0.64083,0.70627,0.75146,0.77483,0.83581,0.87748
0.1663,-0.0051226,0.0096977,-0.0042447,0.01263,0.028052,0.031084,0.10546,0.24389,0.35907,0.42219,0.53202,0.58265,0.64392,0.70782,0.76074,0.77483,0.82807,0.86974
0.1664,-0.0066702,-0.0011358,0.0034935,0.015725,0.011028,0.029536,0.10391,0.24698,0.35752,0.41755,0.52892,0.56872,0.64238,0.70163,0.76384,0.77948,0.83426,0.86201
0.1665,-0.011313,0.0019594,0.0019459,0.026559,0.024957,0.032632,0.10237,0.25008,0.35597,0.43148,0.52583,0.57027,0.63928,0.71401,0.76384,0.77948,0.83736,0.86974
0.1666,-0.003575,0.0035071,0.0050412,0.018821,0.026505,0.037275,0.10237,0.24698,0.35752,0.43921,0.52118,0.57646,0.63773,0.71246,0.75301,0.78567,0.84045,0.87593
0.1667,-0.0066702,0.0019594,0.0065888,0.025011,0.023409,0.04037,0.10391,0.24544,0.36526,0.43921,0.52892,0.57027,0.63464,0.70627,0.75455,0.78103,0.84355,0.88212
0.1668,-0.0082179,0.0004118,0.0019459,0.01263,0.028052,0.035727,0.096176,0.25782,0.37145,0.43612,0.52428,0.5842,0.64702,0.71246,0.75301,0.77019,0.84509,0.8651
0.1669,-0.0082179,0.0019594,-0.0026971,0.020368,0.024957,0.032632,0.096176,0.25318,0.36216,0.43302,0.52892,0.5842,0.63619,0.70937,0.7592,0.77329,0.83426,0.86201
0.167,-0.0066702,0.0004118,0.00039822,0.0095347,0.028052,0.037275,0.10546,0.25318,0.35288,0.43457,0.53202,0.5842,0.63619,0.7202,0.76074,0.77638,0.83581,0.87284
0.1671,-0.0066702,0.0035071,-0.0011494,0.011082,0.026505,0.041918,0.10856,0.24389,0.35907,0.43302,0.5413,0.57027,0.64238,0.71092,0.76229,0.77948,0.82497,0.86201
0.1672,-0.0097655,-0.0011358,0.0034935,0.011082,0.024957,0.038822,0.10237,0.24698,0.36061,0.43612,0.52738,0.56563,0.63309,0.71711,0.7592,0.77329,0.81414,0.86201
0.1673,-0.0066702,-0.0011358,0.0050412,0.014178,0.0296,0.038822,0.10546,0.25008,0.36216,0.43148,0.52428,0.57491,0.62999,0.71401,0.75146,0.77019,0.81569,0.85581
0.1674,-0.0097655,-0.0011358,0.0019459,0.01263,0.026505,0.04037,0.10546,0.25008,0.35442,0.43767,0.53202,0.57801,0.63928,0.70472,0.75146,0.77174,0.82497,0.84653
0.1675,-0.017504,-0.0057788,0.0050412,0.01263,0.023409,0.035727,0.10082,0.25163,0.36061,0.44231,0.52892,0.58265,0.64547,0.70627,0.75455,0.76091,0.82652,0.84343
0.1676,-0.0082179,-0.0042311,0.011232,0.0079871,0.011028,0.032632,0.10391,0.25472,0.36061,0.43921,0.52428,0.5842,0.64238,0.70472,0.76074,0.76245,0.82343,0.85581
0.1677,-0.0051226,-0.0011358,0.0050412,0.01263,0.023409,0.034179,0.099271,0.24234,0.35442,0.43148,0.52583,0.58729,0.63773,0.70318,0.75455,0.77329,0.83426,0.85427
0.1678,-0.012861,-0.0042311,0.0019459,0.015725,0.026505,0.031084,0.099271,0.2346,0.3668,0.43612,0.51499,0.58575,0.63928,0.70937,0.76074,0.78412,0.82497,0.85117
0.1679,-0.012861,0.0019594,-0.0026971,0.0095347,0.021862,0.041918,0.10701,0.24234,0.36835,0.44695,0.51809,0.58575,0.64083,0.70937,0.76229,0.77174,0.83271,0.84962
0.168,-0.014408,-0.0011358,0.00039822,0.011082,0.021862,0.046561,0.10082,0.24389,0.3699,0.43612,0.51809,0.5842,0.64083,0.70163,0.77158,0.76864,0.82497,0.84498
0.1681,-0.012861,-0.0011358,0.0019459,0.014178,0.020314,0.04037,0.10391,0.22996,0.35442,0.43767,0.51964,0.57491,0.63619,0.70627,0.76539,0.75626,0.81878,0.85581
0.1682,-0.003575,-0.0057788,0.0050412,0.014178,0.023409,0.041918,0.096176,0.23925,0.35133,0.45159,0.51809,0.57646,0.63773,0.70318,0.75455,0.74853,0.81259,0.85736
0.1683,-0.0051226,-0.0026835,0.0081364,0.01263,0.014123,0.043465,0.10237,0.23925,0.35597,0.4485,0.51499,0.56563,0.64547,0.70008,0.77003,0.75781,0.81724,0.85272
0.1684,-0.0097655,-0.0026835,0.0065888,0.0095347,0.014123,0.035727,0.10082,0.22996,0.35288,0.44386,0.52118,0.5842,0.64547,0.6877,0.77003,0.7671,0.81878,0.85427
0.1685,-0.0066702,-0.0011358,0.0019459,0.011082,0.017219,0.032632,0.10856,0.23925,0.34359,0.44386,0.52118,0.56717,0.63928,0.69234,0.75301,0.77174,0.81569,0.85736
0.1686,-0.015956,-0.0011358,0.0019459,0.011082,0.014123,0.037275,0.10391,0.23151,0.35133,0.43612,0.51964,0.57182,0.63773,0.69544,0.76539,0.77948,0.82652,0.85736
0.1687,-0.025242,-0.0026835,0.0065888,0.01263,0.021862,0.04037,0.11165,0.24234,0.35442,0.42993,0.51654,0.56408,0.63928,0.6908,0.75765,0.764,0.82343,0.86046
0.1688,-0.014408,-0.0026835,0.0034935,0.0048918,0.021862,0.031084,0.10546,0.24698,0.35133,0.42993,0.51654,0.57027,0.65166,0.69544,0.74681,0.75781,0.82033,0.85891
0.1689,-0.0097655,-0.0026835,0.00039822,0.0095347,0.014123,0.023346,0.10082,0.24079,0.34669,0.42219,0.52738,0.58265,0.64547,0.69234,0.74991,0.76091,0.81878,0.86046
0.169,-0.015956,0.0004118,-0.0026971,0.014178,0.018766,0.027989,0.1101,0.23925,0.34514,0.42838,0.52583,0.57801,0.63928,0.69389,0.75455,0.75936,0.82343,0.8682
0.1691,-0.0051226,0.00815,0.00039822,0.01263,0.021862,0.031084,0.10856,0.24234,0.35442,0.42993,0.53047,0.5842,0.65321,0.69699,0.76074,0.76245,0.8389,0.8651
0.1692,-0.00047968,0.0035071,0.0081364,0.018821,0.015671,0.032632,0.10856,0.24389,0.35288,0.42838,0.53821,0.5811,0.65321,0.69544,0.7592,0.75781,0.82188,0.86201
0.1693,-0.0082179,-0.0042311,0.00039822,0.018821,0.026505,0.038822,0.10391,0.24079,0.35907,0.42838,0.53047,0.56872,0.65476,0.69853,0.74836,0.75626,0.82188,0.86355
0.1694,-0.0082179,-0.0011358,0.00039822,0.01263,0.024957,0.029536,0.10546,0.25163,0.35442,0.43148,0.52738,0.57027,0.65166,0.70008,0.76848,0.764,0.82343,0.87284
0.1695,-0.0082179,-0.0026835,0.00039822,0.01263,0.026505,0.031084,0.099271,0.24853,0.35133,0.42683,0.53511,0.57801,0.65011,0.69234,0.76384,0.7671,0.82497,0.88058
0.1696,-0.0097655,-0.0026835,0.0034935,0.0095347,0.026505,0.04037,0.10082,0.25163,0.34514,0.42683,0.53976,0.55944,0.64702,0.70008,0.75301,0.764,0.82343,0.87748
0.1697,-0.003575,0.0019594,0.0019459,0.0079871,0.0296,0.029536,0.11165,0.25627,0.35597,0.41909,0.53666,0.55325,0.64392,0.70318,0.76074,0.77019,0.82033,0.86665
0.1698,-0.0097655,0.0004118,0.0019459,0.018821,0.020314,0.032632,0.10391,0.25008,0.34514,0.42683,0.52583,0.56872,0.63619,0.70472,0.75146,0.76091,0.81878,0.85427
0.1699,-0.012861,0.0019594,0.0050412,0.0079871,0.018766,0.038822,0.097723,0.24698,0.35288,0.42219,0.51654,0.56717,0.64083,0.70163,0.75301,0.75317,0.82962,0.86355
0.17,-0.0097655,0.0035071,0.0050412,0.01263,0.021862,0.034179,0.10546,0.24853,0.34514,0.42064,0.51345,0.57956,0.64702,0.69389,0.74991,0.75781,0.83426,0.86355
0.1701,-0.00047968,-0.0042311,0.0050412,0.015725,0.026505,0.034179,0.10237,0.25318,0.35288,0.42838,0.51654,0.58265,0.64392,0.70318,0.75146,0.76091,0.82962,0.86974
0.1702,-0.0097655,0.00815,0.0065888,0.018821,0.023409,0.037275,0.10082,0.24698,0.35442,0.42683,0.52118,0.5811,0.64547,0.70472,0.74527,0.75317,0.83426,0.88058
0.1703,-0.0066702,0.0035071,0.015875,0.025011,0.020314,0.035727,0.10856,0.24698,0.35907,0.42993,0.52892,0.57182,0.63773,0.69699,0.74681,0.75936,0.82962,0.88677
0.1704,0.0026156,-0.0088741,0.0096841,0.021916,0.021862,0.032632,0.1132,0.23925,0.36835,0.42219,0.52583,0.56563,0.64238,0.69234,0.73908,0.75317,0.82652,0.87284
0.1705,-0.0066702,-0.0011358,0.0034935,0.0095347,0.026505,0.035727,0.10546,0.25163,0.36835,0.43457,0.52118,0.56408,0.63154,0.69234,0.74062,0.74698,0.83426,0.86355
0.1706,-0.003575,-0.0011358,0.0034935,0.011082,0.026505,0.035727,0.10082,0.25318,0.36835,0.43921,0.51964,0.57491,0.65166,0.67842,0.75455,0.74543,0.83736,0.86046
0.1707,-0.0051226,0.0035071,-0.0026971,0.0095347,0.023409,0.04037,0.10082,0.25627,0.35907,0.43148,0.52118,0.57491,0.6594,0.68615,0.75455,0.75626,0.82497,0.85427
0.1708,-0.0082179,0.0019594,0.0019459,0.018821,0.024957,0.035727,0.10701,0.24698,0.36061,0.42528,0.52118,0.57027,0.6625,0.6877,0.74217,0.75781,0.82652,0.86201
0.1709,-0.025242,0.0050547,0.0081364,0.01263,0.023409,0.032632,0.10546,0.23925,0.36061,0.42528,0.51809,0.57182,0.65321,0.68615,0.74681,0.76864,0.82652,0.86355
0.171,-0.019051,0.0004118,0.014327,0.01263,0.011028,0.04037,0.11165,0.2346,0.36216,0.43612,0.5119,0.57646,0.65476,0.68615,0.73753,0.75162,0.81724,0.8682
0.1711,-0.0082179,0.0004118,0.0081364,0.0095347,0.018766,0.034179,0.11939,0.2346,0.3699,0.42838,0.5119,0.57027,0.64238,0.68925,0.73443,0.75936,0.82033,0.86974
0.1712,-0.00047968,0.014341,0.014327,0.018821,0.026505,0.037275,0.10701,0.24079,0.35752,0.43148,0.52118,0.56717,0.63464,0.69389,0.73753,0.77174,0.82497,0.85581
0.1713,-0.0051226,0.0004118,0.0050412,0.014178,0.028052,0.04037,0.10546,0.25163,0.35907,0.43612,0.51345,0.55944,0.63773,0.6877,0.74527,0.75781,0.82033,0.84962
0.1714,-0.003575,-0.0026835,-0.0011494,0.0079871,0.023409,0.035727,0.10237,0.23925,0.36216,0.43767,0.51654,0.56098,0.63928,0.68925,0.73753,0.76555,0.81724,0.86046
0.1715,0.001068,-0.0042311,0.0034935,0.018821,0.018766,0.04037,0.10391,0.24079,0.36371,0.43767,0.50726,0.56563,0.64392,0.68925,0.73908,0.764,0.81878,0.86201
0.1716,-0.014408,0.0004118,0.0065888,0.014178,0.023409,0.032632,0.10237,0.24079,0.35752,0.43767,0.50571,0.57646,0.62999,0.69853,0.73134,0.76245,0.81878,0.84034
0.1717,-0.0082179,-0.0057788,0.014327,0.018821,0.034243,0.034179,0.10082,0.24853,0.36216,0.4454,0.51654,0.57491,0.63309,0.69699,0.7267,0.77329,0.81724,0.84034
0.1718,-0.0097655,-0.0011358,0.0065888,0.0095347,0.031147,0.034179,0.10082,0.25318,0.35907,0.43457,0.51499,0.58265,0.63619,0.69234,0.7267,0.78257,0.81724,0.83879
0.1719,-0.0082179,-0.0011358,0.0019459,0.014178,0.021862,0.034179,0.10856,0.25008,0.36216,0.43457,0.50571,0.5811,0.64083,0.69234,0.74062,0.76555,0.81724,0.84498
0.172,-0.0051226,-0.0057788,0.00039822,0.01263,0.020314,0.032632,0.10391,0.24698,0.35752,0.43612,0.51654,0.57491,0.62999,0.70008,0.73443,0.77793,0.81259,0.8326
0.1721,-0.012861,-0.0057788,0.0050412,0.011082,0.018766,0.032632,0.096176,0.25472,0.36216,0.43457,0.52118,0.57027,0.63928,0.69699,0.73443,0.77793,0.80795,0.84343
0.1722,-0.0051226,-0.0088741,0.0081364,0.018821,0.015671,0.029536,0.099271,0.24544,0.35907,0.42838,0.51809,0.57027,0.63928,0.69853,0.73289,0.77174,0.81878,0.85117
0.1723,-0.003575,-0.0042311,0.0065888,0.01263,0.018766,0.024894,0.096176,0.25318,0.36371,0.42993,0.52118,0.57491,0.63928,0.69234,0.72824,0.78722,0.82652,0.85117
0.1724,-0.0097655,0.0019594,-0.0011494,0.015725,0.024957,0.027989,0.10237,0.25472,0.35907,0.43148,0.5119,0.57182,0.63773,0.69234,0.72515,0.78567,0.84045,0.84808
0.1725,-0.014408,-0.010422,-0.0026971,0.01263,0.021862,0.04037,0.10391,0.25008,0.35907,0.43302,0.5088,0.57027,0.63464,0.70008,0.73908,0.77483,0.82343,0.84653
0.1726,-0.0066702,-0.0088741,0.00039822,0.01263,0.017219,0.04037,0.10856,0.25163,0.35597,0.43612,0.5119,0.56098,0.64392,0.70937,0.74836,0.764,0.81724,0.8326
0.1727,-0.0051226,-0.0026835,0.0050412,0.0095347,0.015671,0.035727,0.10701,0.23306,0.35752,0.43148,0.50571,0.55789,0.63773,0.70318,0.74372,0.7671,0.81105,0.8295
0.1728,-0.0082179,-0.0057788,0.0065888,0.0095347,0.020314,0.045013,0.10082,0.23925,0.36371,0.44076,0.50571,0.56563,0.64083,0.69544,0.73289,0.76555,0.80331,0.84189
0.1729,-0.00047968,-0.0011358,0.0034935,0.0079871,0.018766,0.035727,0.10701,0.24234,0.36835,0.4454,0.50571,0.56253,0.63464,0.70008,0.7267,0.77793,0.81105,0.85272
0.173,-0.003575,-0.0011358,0.0065888,0.011082,0.020314,0.038822,0.099271,0.24853,0.35907,0.43921,0.51035,0.56098,0.63309,0.70627,0.72979,0.78567,0.81105,0.85272
0.1731,-0.0082179,-0.0026835,0.0019459,0.011082,0.026505,0.037275,0.10237,0.24698,0.36216,0.42683,0.50261,0.56408,0.63928,0.69389,0.72515,0.78103,0.81569,0.86046
0.1732,-0.012861,-0.0011358,0.0065888,0.014178,0.021862,0.041918,0.10391,0.24698,0.37609,0.43302,0.50416,0.56098,0.63773,0.69389,0.71741,0.77329,0.81724,0.85272
0.1733,-0.015956,0.00815,0.0081364,0.018821,0.026505,0.032632,0.10856,0.25318,0.37145,0.43612,0.51964,0.56408,0.64083,0.70472,0.7236,0.76864,0.81724,0.85272
0.1734,-0.0082179,0.0035071,0.011232,0.020368,0.026505,0.032632,0.10391,0.24853,0.35752,0.42683,0.50726,0.55634,0.64083,0.71246,0.7236,0.764,0.81569,0.85736
0.1735,-0.003575,-0.0073264,0.015875,0.011082,0.020314,0.04037,0.097723,0.24853,0.35907,0.42838,0.49487,0.55325,0.63928,0.71092,0.71586,0.76555,0.82033,0.86665
0.1736,-0.0051226,-0.0088741,0.011232,0.0079871,0.026505,0.034179,0.10082,0.23615,0.36216,0.43457,0.50261,0.55479,0.62845,0.70163,0.72515,0.77019,0.80331,0.85891
0.1737,0.001068,-0.0011358,0.015875,0.011082,0.023409,0.031084,0.10391,0.24389,0.36835,0.42838,0.50726,0.55015,0.62845,0.68615,0.72824,0.77329,0.81259,0.85117
0.1738,-0.0066702,-0.0057788,0.014327,0.014178,0.0296,0.035727,0.09308,0.24544,0.36061,0.43612,0.5088,0.56098,0.6238,0.69389,0.7205,0.77019,0.80795,0.85272
0.1739,-0.003575,-0.0057788,0.0034935,0.021916,0.026505,0.034179,0.099271,0.24544,0.35752,0.43302,0.50726,0.55789,0.6269,0.69389,0.72979,0.764,0.81259,0.86665
0.174,-0.0066702,0.0019594,0.0065888,0.01263,0.026505,0.032632,0.10856,0.23925,0.34514,0.42683,0.5088,0.55634,0.63619,0.70627,0.73598,0.76245,0.8064,0.85581
0.1741,-0.0066702,0.0035071,0.0081364,0.014178,0.021862,0.031084,0.1101,0.24544,0.35597,0.42838,0.50416,0.55479,0.63773,0.70318,0.7236,0.76091,0.8095,0.85427
0.1742,-0.003575,-0.0011358,-0.0011494,0.020368,0.020314,0.034179,0.097723,0.24853,0.35752,0.416,0.51345,0.54706,0.63619,0.69853,0.72515,0.75007,0.81259,0.86046
0.1743,-0.0051226,-0.0011358,-0.0011494,0.014178,0.023409,0.038822,0.10237,0.24544,0.35752,0.41755,0.51654,0.54706,0.63928,0.70008,0.72824,0.76555,0.8064,0.85891
0.1744,-0.0051226,-0.0042311,-0.0026971,0.014178,0.014123,0.035727,0.094628,0.24544,0.34669,0.41909,0.51499,0.55634,0.63928,0.69853,0.74217,0.77793,0.80486,0.84498
0.1745,-0.003575,-0.0011358,0.0034935,0.020368,0.028052,0.037275,0.10237,0.25627,0.34359,0.41909,0.51654,0.55015,0.63309,0.70782,0.73598,0.76245,0.81414,0.86355
0.1746,-0.014408,0.0004118,-0.0026971,0.020368,0.018766,0.037275,0.1132,0.25937,0.35752,0.42528,0.52118,0.55479,0.63619,0.72175,0.73598,0.76245,0.81878,0.86974
0.1747,-0.0051226,-0.0073264,-0.0026971,0.014178,0.018766,0.031084,0.10237,0.25318,0.36061,0.42683,0.51345,0.56253,0.63928,0.70008,0.73908,0.76245,0.81259,0.86201
0.1748,-0.014408,-0.0042311,0.015875,0.01263,0.021862,0.035727,0.10082,0.24853,0.35597,0.42683,0.51035,0.55789,0.64083,0.69234,0.73289,0.75007,0.81105,0.84808
0.1749,-0.0097655,-0.0042311,0.0065888,0.01263,0.020314,0.041918,0.10546,0.24234,0.35133,0.42838,0.5088,0.5486,0.63309,0.69853,0.73908,0.764,0.82033,0.84653
0.175,-0.0097655,-0.0042311,0.00039822,0.018821,0.014123,0.035727,0.10856,0.25008,0.35288,0.43148,0.5088,0.55015,0.62845,0.70472,0.72515,0.76091,0.82807,0.84962
0.1751,-0.0066702,0.00815,0.00039822,0.0095347,0.026505,0.04037,0.10701,0.24853,0.35907,0.43302,0.51035,0.55015,0.6238,0.70163,0.72205,0.76555,0.81259,0.84498
0.1752,-0.0082179,0.00815,0.0096841,0.01263,0.020314,0.031084,0.10391,0.24853,0.36216,0.43148,0.51654,0.55944,0.62071,0.69699,0.72824,0.76091,0.82033,0.84808
0.1753,-0.0051226,-0.0026835,0.014327,0.020368,0.014123,0.034179,0.10391,0.24698,0.35752,0.42683,0.51654,0.56563,0.61297,0.69699,0.73443,0.76864,0.82807,0.86201
0.1754,-0.0097655,-0.0026835,0.0050412,0.011082,0.026505,0.034179,0.10237,0.24389,0.35133,0.41755,0.50726,0.55634,0.62845,0.69234,0.71277,0.77174,0.81878,0.8651
0.1755,-0.0082179,-0.0042311,-0.0042447,0.0079871,0.026505,0.035727,0.099271,0.25627,0.34669,0.42064,0.51035,0.55015,0.63619,0.69699,0.71431,0.77483,0.80795,0.85581
0.1756,-0.0020273,0.0019594,-0.0011494,0.01263,0.018766,0.035727,0.10391,0.25937,0.35752,0.42528,0.50416,0.54706,0.63619,0.69234,0.7205,0.77793,0.80795,0.86201
0.1757,-0.012861,0.0019594,0.0019459,0.0095347,0.018766,0.032632,0.10856,0.24698,0.35133,0.41909,0.50261,0.5486,0.64392,0.69853,0.70967,0.7671,0.81105,0.8651
0.1758,-0.014408,-0.0042311,0.0065888,0.014178,0.026505,0.032632,0.10546,0.24853,0.34049,0.42528,0.5119,0.55325,0.63773,0.70163,0.7205,0.75626,0.8095,0.85891
0.1759,-0.014408,0.0004118,0.017422,0.014178,0.017219,0.037275,0.10082,0.24544,0.35133,0.42683,0.51654,0.56098,0.64547,0.69544,0.72824,0.75936,0.81259,0.85272
0.176,-0.0097655,0.0004118,0.0050412,0.0095347,0.020314,0.038822,0.10082,0.24698,0.34514,0.42528,0.51654,0.55944,0.64547,0.69544,0.72205,0.76245,0.81724,0.85117
0.1761,-0.0082179,-0.0026835,0.0019459,0.021916,0.021862,0.04037,0.10082,0.2346,0.35288,0.43302,0.5088,0.5486,0.64238,0.69699,0.70658,0.7671,0.81259,0.84808
0.1762,-0.0097655,0.0004118,0.0034935,0.01263,0.015671,0.035727,0.10082,0.24234,0.34669,0.42219,0.51035,0.55325,0.64238,0.69234,0.70967,0.76245,0.8064,0.84498
0.1763,-0.0097655,-0.0026835,0.0081364,0.01263,0.015671,0.035727,0.099271,0.24698,0.35288,0.42064,0.51654,0.54551,0.63619,0.69699,0.71431,0.764,0.81105,0.84962
0.1764,-0.003575,0.0004118,0.0065888,0.021916,0.023409,0.034179,0.09308,0.23615,0.36526,0.42683,0.5119,0.54551,0.62999,0.70318,0.7267,0.76091,0.81259,0.8357
0.1765,-0.0097655,-0.0042311,0.0065888,0.021916,0.026505,0.038822,0.10082,0.23925,0.35907,0.42993,0.51345,0.55789,0.6238,0.70627,0.7236,0.76245,0.81878,0.84653
0.1766,-0.003575,-0.0011358,0.0034935,0.025011,0.020314,0.04037,0.10546,0.24853,0.35442,0.42064,0.51499,0.56253,0.63464,0.6908,0.7236,0.77019,0.81414,0.85427
0.1767,-0.012861,0.0004118,0.0081364,0.0095347,0.018766,0.035727,0.10082,0.24389,0.35133,0.41445,0.5119,0.55325,0.63619,0.6908,0.72205,0.77638,0.81259,0.85581
0.1768,-0.0082179,-0.010422,0.0050412,0.01263,0.017219,0.04037,0.099271,0.24544,0.35597,0.41909,0.5088,0.55325,0.62999,0.69699,0.71431,0.77948,0.81105,0.84498
0.1769,-0.00047968,0.0066024,0.011232,0.014178,0.021862,0.04037,0.10237,0.24698,0.35442,0.42064,0.49952,0.55789,0.62535,0.70008,0.7205,0.79031,0.82652,0.84653
0.177,-0.014408,0.0035071,0.0081364,0.0064395,0.026505,0.043465,0.10391,0.23925,0.34669,0.42838,0.5088,0.55789,0.63619,0.69699,0.70658,0.78567,0.81569,0.84189
0.1771,-0.0097655,-0.0026835,0.0050412,0.0095347,0.020314,0.034179,0.10701,0.23615,0.35288,0.43612,0.51345,0.56098,0.63773,0.70163,0.70967,0.78722,0.80486,0.84962
0.1772,-0.003575,0.0050547,0.0081364,0.0095347,0.017219,0.037275,0.10391,0.24544,0.35133,0.41755,0.5088,0.5486,0.63928,0.70008,0.7205,0.78257,0.81569,0.8295
0.1773,-0.0082179,0.0019594,0.014327,0.0079871,0.021862,0.04037,0.10391,0.24389,0.35442,0.41909,0.5088,0.53467,0.64083,0.69389,0.72205,0.78876,0.81259,0.82796
0.1774,-0.012861,-0.0011358,0.011232,0.0064395,0.023409,0.037275,0.10082,0.24853,0.3668,0.42064,0.50726,0.54551,0.63464,0.70937,0.72979,0.77019,0.82033,0.8357
0.1775,-0.0097655,-0.0057788,0.0050412,0.0079871,0.017219,0.04037,0.099271,0.25008,0.36835,0.41136,0.51345,0.54241,0.63154,0.71401,0.73134,0.77793,0.82497,0.84498
0.1776,-0.003575,0.0004118,0.0050412,0.015725,0.015671,0.04037,0.10391,0.24234,0.373,0.42219,0.50571,0.54086,0.63309,0.69853,0.73289,0.78567,0.80176,0.83879
0.1777,-0.0082179,-0.0026835,0.0050412,0.011082,0.017219,0.031084,0.10856,0.23925,0.36526,0.41755,0.50261,0.55015,0.62999,0.69699,0.72824,0.78257,0.80486,0.84034
0.1778,-0.0066702,-0.0073264,0.0081364,0.0079871,0.018766,0.032632,0.10391,0.24544,0.36216,0.416,0.50107,0.54706,0.63309,0.69544,0.71277,0.77638,0.81569,0.84343
0.1779,-0.0097655,0.0035071,0.0034935,0.00024889,0.021862,0.034179,0.10391,0.24079,0.36835,0.42064,0.50261,0.53467,0.62535,0.69853,0.73443,0.78257,0.81724,0.84653
0.178,-0.0097655,-0.0011358,0.0034935,0.01263,0.021862,0.034179,0.10082,0.2346,0.36061,0.41909,0.50261,0.54551,0.62535,0.70782,0.73134,0.78257,0.81414,0.85427
0.1781,-0.0097655,-0.0026835,0.0050412,0.018821,0.011028,0.037275,0.10856,0.24698,0.35907,0.41909,0.49952,0.53777,0.6269,0.70782,0.73443,0.77483,0.81105,0.85117
0.1782,-0.0082179,-0.0042311,0.0034935,0.0064395,0.015671,0.046561,0.10856,0.24544,0.35752,0.41755,0.5088,0.52229,0.62535,0.6908,0.72824,0.77483,0.80331,0.85272
0.1783,-0.003575,-0.0042311,0.0050412,0.01263,0.017219,0.046561,0.10701,0.25472,0.35907,0.42219,0.50416,0.53313,0.62999,0.69699,0.7267,0.77948,0.80486,0.84189
0.1784,-0.0051226,-0.0057788,0.0050412,0.018821,0.018766,0.04037,0.10391,0.25008,0.36216,0.42993,0.50261,0.53467,0.62845,0.69853,0.7205,0.77638,0.80021,0.84653
0.1785,-0.0097655,0.0004118,0.017422,0.01263,0.028052,0.037275,0.10082,0.24544,0.37145,0.43302,0.5088,0.53932,0.62535,0.69544,0.7267,0.77793,0.80021,0.85117
0.1786,-0.012861,0.0035071,0.0065888,0.01263,0.020314,0.034179,0.097723,0.24853,0.3668,0.43457,0.5119,0.54241,0.62845,0.70163,0.72824,0.78412,0.80021,0.84808
0.1787,-0.0051226,0.0019594,0.0096841,0.01263,0.018766,0.041918,0.10546,0.23925,0.35288,0.43148,0.51035,0.53932,0.62999,0.70318,0.72515,0.78876,0.80176,0.84034
0.1788,-0.003575,-0.0011358,0.0096841,0.0095347,0.020314,0.035727,0.10546,0.24698,0.34204,0.43148,0.51499,0.53467,0.63154,0.69853,0.71431,0.78876,0.81259,0.84343
0.1789,-0.0097655,-0.0073264,0.0034935,0.0095347,0.021862,0.035727,0.10391,0.24698,0.34514,0.41755,0.51035,0.53313,0.62535,0.69544,0.71586,0.78257,0.80486,0.83879
0.179,-0.014408,-0.0042311,0.0050412,0.014178,0.023409,0.034179,0.10082,0.24698,0.35752,0.42993,0.51345,0.54396,0.61452,0.69853,0.7267,0.77483,0.8095,0.82641
0.1791,-0.0082179,0.0004118,0.00039822,0.014178,0.018766,0.034179,0.1101,0.24389,0.36061,0.43767,0.51809,0.54551,0.62226,0.70782,0.71431,0.77638,0.81105,0.8357
0.1792,-0.0051226,0.0050547,0.0034935,0.018821,0.026505,0.041918,0.10701,0.24853,0.36371,0.42528,0.51035,0.53467,0.62999,0.70318,0.71277,0.78567,0.80176,0.84498
0.1793,-0.0097655,0.0004118,0.0050412,0.020368,0.023409,0.045013,0.10082,0.24698,0.35752,0.43457,0.5088,0.53467,0.63154,0.69853,0.69884,0.77329,0.79867,0.84498
0.1794,-0.0097655,0.0035071,0.0034935,0.011082,0.020314,0.037275,0.10701,0.24234,0.35133,0.43767,0.51964,0.53777,0.63928,0.70627,0.71122,0.77638,0.80176,0.84343
0.1795,-0.0097655,0.0004118,0.0065888,0.0064395,0.020314,0.032632,0.10546,0.24544,0.35597,0.4454,0.51499,0.54086,0.62845,0.71092,0.71122,0.77793,0.80176,0.84653
0.1796,-0.0066702,-0.0073264,0.0081364,0.0064395,0.024957,0.034179,0.10237,0.25008,0.34669,0.42993,0.51345,0.54086,0.62845,0.70782,0.70658,0.78257,0.80176,0.84498
0.1797,-0.0082179,-0.0042311,0.0081364,0.011082,0.018766,0.034179,0.10701,0.24544,0.34359,0.43921,0.50571,0.5486,0.63464,0.70008,0.71122,0.77329,0.80331,0.85272
0.1798,-0.012861,-0.0042311,0.0019459,0.0079871,0.020314,0.027989,0.097723,0.2346,0.34359,0.43612,0.51345,0.54086,0.62071,0.68615,0.71741,0.77329,0.79867,0.85427
0.1799,-0.014408,-0.0042311,0.0065888,0.01263,0.023409,0.04037,0.097723,0.24544,0.35597,0.43148,0.51499,0.54551,0.61297,0.68306,0.70503,0.77638,0.80486,0.84343
0.18,-0.003575,-0.0057788,0.0096841,0.0064395,0.020314,0.038822,0.097723,0.25008,0.35288,0.43148,0.52428,0.54551,0.61916,0.68461,0.7236,0.76864,0.81414,0.85117
0.1801,-0.0082179,-0.0026835,0.0096841,0.0095347,0.018766,0.037275,0.10237,0.24544,0.35907,0.43612,0.51964,0.5486,0.6269,0.6877,0.7267,0.77174,0.80021,0.84808
0.1802,-0.0082179,-0.0011358,0.0065888,0.014178,0.018766,0.043465,0.1101,0.25163,0.35752,0.42219,0.51654,0.5486,0.61607,0.68306,0.72515,0.78567,0.80021,0.84808
0.1803,-0.0082179,-0.0011358,0.0050412,0.011082,0.020314,0.045013,0.10082,0.24544,0.35133,0.42683,0.52118,0.54551,0.62226,0.6908,0.71741,0.78412,0.80176,0.84498
0.1804,-0.0051226,0.0066024,0.0081364,0.0095347,0.020314,0.048108,0.10391,0.24853,0.35288,0.43612,0.51499,0.54551,0.62999,0.69544,0.71122,0.78103,0.79712,0.85581
0.1805,-0.0020273,-0.0026835,0.015875,0.0079871,0.021862,0.041918,0.10546,0.23925,0.34359,0.43148,0.51345,0.54551,0.63464,0.69853,0.7205,0.78257,0.79557,0.85117
0.1806,-0.0020273,-0.0057788,0.011232,0.0095347,0.0296,0.04037,0.10237,0.24389,0.34669,0.42993,0.51035,0.5486,0.62535,0.69389,0.71431,0.77329,0.80331,0.84034
0.1807,-0.0066702,0.0035071,0.0050412,0.0095347,0.020314,0.04037,0.10391,0.25008,0.34359,0.43302,0.50416,0.54551,0.62535,0.68925,0.71277,0.77638,0.78628,0.84034
0.1808,-0.0097655,0.014341,0.0065888,0.015725,0.015671,0.04037,0.10856,0.24544,0.35442,0.42993,0.49797,0.54706,0.63309,0.6877,0.7236,0.7671,0.79557,0.84343
0.1809,-0.0082179,0.0004118,0.0034935,0.011082,0.023409,0.04037,0.10546,0.24389,0.35133,0.43302,0.5088,0.54706,0.63309,0.69234,0.72515,0.77019,0.79867,0.84808
0.181,-0.014408,-0.0042311,0.0096841,0.018821,0.018766,0.035727,0.10856,0.24544,0.35288,0.42838,0.49952,0.54551,0.63464,0.67377,0.71277,0.77174,0.81724,0.84808
0.1811,-0.014408,0.0004118,0.0019459,0.021916,0.021862,0.029536,0.10856,0.23615,0.35442,0.42683,0.49333,0.54241,0.6269,0.67377,0.69884,0.77174,0.82033,0.84498
0.1812,-0.0082179,0.0019594,0.0050412,0.014178,0.024957,0.04037,0.10701,0.24544,0.35133,0.43148,0.50416,0.54086,0.61607,0.69389,0.70193,0.78567,0.81878,0.84808
0.1813,-0.0097655,-0.0042311,0.0065888,0.0033442,0.018766,0.043465,0.10856,0.24853,0.35597,0.42838,0.50571,0.54241,0.62226,0.68615,0.70812,0.78103,0.80795,0.85117
0.1814,-0.0082179,-0.0011358,0.0050412,0.018821,0.018766,0.035727,0.1101,0.24389,0.35442,0.42993,0.50571,0.54551,0.6269,0.68615,0.71277,0.77329,0.81569,0.84808
0.1815,-0.012861,-0.0042311,-0.0042447,0.018821,0.018766,0.038822,0.10546,0.24853,0.34823,0.43148,0.5088,0.55325,0.62535,0.69234,0.72979,0.76091,0.82188,0.84498
0.1816,-0.0082179,0.0019594,0.011232,0.014178,0.023409,0.041918,0.1132,0.24544,0.36061,0.43767,0.50107,0.55015,0.62535,0.68461,0.72979,0.76555,0.82343,0.81712
0.1817,-0.0051226,0.0066024,0.0050412,0.0095347,0.026505,0.037275,0.10701,0.24698,0.35752,0.42838,0.50416,0.5517,0.6238,0.6877,0.72824,0.77638,0.82033,0.82796
0.1818,-0.0066702,0.0050547,0.0019459,0.018821,0.020314,0.034179,0.1101,0.24853,0.36061,0.42993,0.5088,0.55789,0.62226,0.68615,0.72824,0.77019,0.82188,0.8295
0.1819,-0.012861,0.0050547,-0.0011494,0.0064395,0.023409,0.035727,0.11784,0.23615,0.36061,0.41755,0.51035,0.55325,0.60678,0.68615,0.72824,0.76555,0.81878,0.84189
0.182,-0.0097655,0.0019594,0.0034935,0.0079871,0.011028,0.035727,0.11475,0.25008,0.35288,0.416,0.50416,0.5486,0.61142,0.68615,0.7236,0.76864,0.8095,0.8357
0.1821,-0.0020273,0.0004118,0.014327,0.011082,0.024957,0.045013,0.1132,0.24698,0.35597,0.42064,0.50726,0.53932,0.60523,0.68615,0.7236,0.76864,0.8095,0.8295
0.1822,-0.0097655,0.0004118,0.0096841,0.014178,0.028052,0.04037,0.11475,0.24853,0.35133,0.42993,0.50416,0.53932,0.60214,0.6908,0.72205,0.78257,0.81878,0.83879
0.1823,-0.0082179,-0.0026835,0.0034935,0.014178,0.028052,0.035727,0.1101,0.24853,0.34514,0.40826,0.50261,0.54396,0.59904,0.68615,0.71741,0.77174,0.80795,0.84962
0.1824,-0.0020273,0.0004118,0.0050412,0.011082,0.017219,0.031084,0.11939,0.24698,0.34204,0.40981,0.49952,0.54086,0.60214,0.68615,0.71431,0.77174,0.80176,0.83105
0.1825,-0.0082179,0.0035071,0.014327,0.020368,0.026505,0.032632,0.1132,0.25782,0.3668,0.41445,0.49952,0.53932,0.60214,0.6877,0.70967,0.77483,0.81105,0.8357
0.1826,-0.015956,0.0004118,0.0081364,0.026559,0.028052,0.032632,0.10856,0.25163,0.3668,0.41909,0.5119,0.54241,0.59749,0.68615,0.71122,0.77329,0.79712,0.8357
0.1827,-0.011313,-0.0011358,0.0050412,0.021916,0.028052,0.031084,0.10856,0.24853,0.35442,0.40981,0.49333,0.55015,0.60678,0.68461,0.71277,0.76091,0.8064,0.8295
0.1828,-0.014408,-0.0026835,0.0050412,0.015725,0.023409,0.035727,0.10701,0.24544,0.34669,0.416,0.49178,0.56872,0.61297,0.69234,0.71431,0.77638,0.79093,0.84498
0.1829,-0.0097655,-0.0011358,0.00039822,0.011082,0.023409,0.04037,0.1101,0.24698,0.34204,0.416,0.49952,0.56563,0.61297,0.67377,0.7205,0.77019,0.8095,0.84962
0.183,-0.0020273,0.0004118,0.0019459,0.015725,0.026505,0.046561,0.11475,0.24234,0.34514,0.416,0.49797,0.54706,0.60833,0.68615,0.70967,0.74853,0.79867,0.83724
0.1831,-0.0066702,-0.0026835,0.0050412,0.014178,0.023409,0.041918,0.10856,0.24853,0.35133,0.40517,0.50107,0.55634,0.60368,0.6908,0.70967,0.75936,0.80486,0.83879
0.1832,-0.0051226,-0.0011358,0.0065888,0.011082,0.023409,0.041918,0.10082,0.24389,0.35442,0.40826,0.49952,0.55015,0.60214,0.67068,0.72979,0.77329,0.80021,0.82796
0.1833,-0.0020273,0.0050547,0.0065888,0.020368,0.021862,0.041918,0.10546,0.24853,0.35752,0.42528,0.49952,0.55789,0.60368,0.6877,0.73908,0.78257,0.79557,0.84034
0.1834,-0.0020273,-0.0011358,0.00039822,0.020368,0.0296,0.035727,0.10391,0.26091,0.35442,0.42683,0.50261,0.55479,0.61916,0.70008,0.73289,0.77793,0.78938,0.84189
0.1835,-0.0082179,-0.0011358,-0.0011494,0.018821,0.024957,0.043465,0.1132,0.25008,0.35133,0.42993,0.49952,0.54706,0.61916,0.70163,0.72824,0.77793,0.78628,0.84962
0.1836,-0.0082179,-0.0073264,0.0019459,0.020368,0.020314,0.041918,0.10237,0.25163,0.34669,0.42219,0.49023,0.54241,0.61761,0.70782,0.73908,0.77638,0.78319,0.85272
0.1837,0.0041632,-0.0011358,-0.0042447,0.014178,0.023409,0.035727,0.1132,0.25782,0.35133,0.42528,0.49487,0.55634,0.61142,0.70782,0.74372,0.77019,0.78938,0.84343
0.1838,-0.00047968,-0.0057788,0.0050412,0.0095347,0.023409,0.037275,0.10701,0.25627,0.34049,0.42683,0.49178,0.5486,0.61297,0.69699,0.73753,0.77483,0.78319,0.8326
0.1839,-0.0097655,0.0004118,0.0081364,0.011082,0.0296,0.034179,0.1132,0.25163,0.34204,0.42064,0.48868,0.54086,0.60833,0.69544,0.72824,0.75162,0.79402,0.83724
0.184,-0.003575,-0.0057788,0.0081364,0.01263,0.028052,0.043465,0.1101,0.25782,0.34669,0.4129,0.49178,0.54241,0.61142,0.70163,0.7267,0.74853,0.80021,0.83105
0.1841,-0.0082179,0.0019594,0.0050412,0.01263,0.017219,0.043465,0.10391,0.25008,0.36216,0.41909,0.48868,0.5486,0.60523,0.69544,0.72824,0.74853,0.79867,0.82486
0.1842,-0.012861,0.0035071,0.011232,0.014178,0.023409,0.04037,0.10391,0.24389,0.35597,0.41136,0.48559,0.54551,0.59904,0.69389,0.72824,0.764,0.79712,0.84034
0.1843,-0.011313,-0.0057788,0.0034935,0.01263,0.026505,0.032632,0.10856,0.24698,0.35442,0.416,0.49023,0.54086,0.61297,0.68925,0.73443,0.764,0.79557,0.83879
0.1844,-0.014408,-0.0042311,0.00039822,0.011082,0.024957,0.035727,0.11475,0.25163,0.35133,0.42683,0.48559,0.54241,0.61297,0.68461,0.72824,0.764,0.79402,0.84343
0.1845,-0.0097655,-0.0042311,0.0034935,0.01263,0.017219,0.034179,0.10701,0.24853,0.36216,0.4129,0.48868,0.53777,0.61142,0.69699,0.7205,0.75626,0.80021,0.85272
0.1846,-0.0097655,-0.0073264,-0.0011494,0.011082,0.015671,0.031084,0.10701,0.23615,0.35442,0.41445,0.49487,0.53003,0.61297,0.69699,0.71586,0.76091,0.78938,0.86201
0.1847,-0.0066702,-0.0026835,0.0034935,0.018821,0.017219,0.038822,0.10082,0.24698,0.34359,0.41909,0.50416,0.54086,0.60523,0.68615,0.72515,0.77174,0.77855,0.86201
0.1848,-0.003575,0.0019594,0.0096841,0.015725,0.015671,0.041918,0.097723,0.25008,0.34359,0.41909,0.49797,0.54706,0.60368,0.68615,0.72979,0.77174,0.78628,0.86201
0.1849,0.001068,0.0004118,-0.0042447,0.021916,0.015671,0.035727,0.10237,0.25163,0.35133,0.42683,0.49487,0.54551,0.61142,0.67532,0.7267,0.76864,0.79093,0.84808
0.185,-0.0051226,0.0019594,-0.0042447,0.015725,0.023409,0.045013,0.10391,0.25008,0.35597,0.42838,0.49797,0.54241,0.60368,0.67377,0.72515,0.764,0.78783,0.85736
0.1851,-0.0082179,0.0066024,0.0050412,0.01263,0.024957,0.038822,0.10701,0.25627,0.35442,0.41909,0.49333,0.54551,0.60833,0.6877,0.73289,0.77638,0.78628,0.86355
0.1852,-0.0097655,0.0019594,0.0081364,0.018821,0.021862,0.04037,0.10391,0.25472,0.36371,0.42683,0.48868,0.53932,0.60833,0.69389,0.73598,0.77483,0.77545,0.86355
0.1853,-0.0066702,-0.0011358,0.0050412,0.0095347,0.024957,0.034179,0.10082,0.25318,0.36216,0.41909,0.48559,0.53467,0.60368,0.6908,0.73598,0.77019,0.79093,0.86355
0.1854,-0.003575,-0.0057788,0.0050412,0.018821,0.020314,0.034179,0.10082,0.25008,0.35288,0.42219,0.48249,0.53313,0.61607,0.69389,0.73443,0.764,0.78009,0.86355
0.1855,-0.0097655,-0.015065,0.0019459,0.018821,0.020314,0.032632,0.1101,0.24079,0.35907,0.41909,0.49333,0.53313,0.61452,0.6908,0.7267,0.764,0.76616,0.85736
0.1856,-0.0051226,-0.0011358,0.0019459,0.014178,0.023409,0.032632,0.10546,0.23615,0.35597,0.416,0.48559,0.52539,0.60833,0.69234,0.72205,0.76091,0.777,0.86201
0.1857,-0.0082179,-0.0011358,0.0019459,0.014178,0.026505,0.035727,0.11165,0.23925,0.36061,0.42064,0.49178,0.52539,0.61916,0.69389,0.72979,0.74853,0.7739,0.85272
0.1858,-0.019051,-0.0011358,0.0019459,0.0064395,0.028052,0.037275,0.10856,0.24389,0.36526,0.42683,0.48404,0.53932,0.61142,0.6877,0.72515,0.75781,0.77855,0.86046
0.1859,-0.012861,0.0019594,0.00039822,0.018821,0.026505,0.043465,0.1132,0.24698,0.35442,0.4129,0.48714,0.5486,0.60214,0.70318,0.71586,0.76555,0.777,0.86201
0.186,-0.0066702,-0.0026835,0.0050412,0.018821,0.023409,0.038822,0.10701,0.24698,0.35907,0.41909,0.49797,0.54086,0.60368,0.70318,0.7236,0.75936,0.77545,0.85427
0.1861,-0.0082179,-0.0011358,0.0065888,0.018821,0.023409,0.037275,0.1101,0.24853,0.35752,0.41755,0.48868,0.54241,0.60368,0.70472,0.73289,0.76245,0.78319,0.84653
0.1862,-0.003575,-0.0011358,0.017422,0.028106,0.020314,0.037275,0.10856,0.24853,0.34514,0.42838,0.49487,0.53932,0.59285,0.70937,0.72979,0.7671,0.77855,0.84034
0.1863,0.0072585,0.0019594,0.0081364,0.021916,0.017219,0.043465,0.10856,0.24544,0.35597,0.42064,0.50261,0.53158,0.61142,0.70782,0.71741,0.76091,0.78319,0.84034
0.1864,-0.003575,0.0050547,0.0034935,0.011082,0.015671,0.04037,0.10701,0.24234,0.34669,0.42064,0.50726,0.53467,0.60678,0.70627,0.71277,0.764,0.7739,0.85427
0.1865,-0.0082179,0.0050547,0.0096841,0.018821,0.015671,0.035727,0.10856,0.24234,0.35442,0.42219,0.50571,0.54086,0.60059,0.69699,0.72205,0.75936,0.777,0.85117
0.1866,-0.0097655,-0.0011358,0.00039822,0.014178,0.018766,0.034179,0.10856,0.24079,0.35288,0.42528,0.49952,0.54241,0.61607,0.6908,0.71431,0.75626,0.78319,0.84808
0.1867,-0.0082179,-0.0026835,0.0065888,0.0079871,0.020314,0.037275,0.11165,0.24853,0.35288,0.42219,0.49023,0.53932,0.60678,0.69234,0.71122,0.75317,0.75843,0.85891
0.1868,-0.011313,0.0019594,0.011232,0.0048918,0.026505,0.045013,0.1101,0.25318,0.35288,0.42219,0.48714,0.54706,0.60678,0.69544,0.71277,0.74698,0.76771,0.85427
0.1869,-0.012861,0.0050547,0.0034935,0.01263,0.020314,0.041918,0.10856,0.26091,0.35133,0.41909,0.49023,0.54551,0.60059,0.70008,0.71741,0.75317,0.78474,0.84808
0.187,-0.0082179,0.0004118,-0.0026971,0.0079871,0.018766,0.037275,0.10391,0.25472,0.34359,0.42993,0.49487,0.54706,0.61452,0.69699,0.7205,0.74388,0.78009,0.85117
0.1871,-0.0082179,-0.0011358,-0.0011494,0.011082,0.011028,0.041918,0.099271,0.24234,0.34823,0.42838,0.50416,0.54241,0.60678,0.70937,0.71122,0.74233,0.7739,0.85581
0.1872,-0.0020273,0.0019594,0.0050412,0.015725,0.014123,0.052751,0.10082,0.24698,0.34359,0.42838,0.50416,0.54396,0.60523,0.70782,0.72515,0.75162,0.78164,0.84962
0.1873,-0.003575,0.0066024,-0.0011494,0.0095347,0.020314,0.038822,0.10237,0.24698,0.35288,0.42683,0.49487,0.54706,0.59904,0.70163,0.72515,0.75626,0.78319,0.85117
0.1874,-0.003575,-0.0011358,0.0034935,0.0095347,0.021862,0.035727,0.10701,0.25318,0.35907,0.43302,0.49952,0.54551,0.60368,0.69853,0.72515,0.76091,0.78783,0.85427
0.1875,-0.0066702,0.0004118,0.0050412,0.020368,0.028052,0.035727,0.10701,0.25163,0.35907,0.43148,0.49952,0.55015,0.61142,0.7202,0.72515,0.75936,0.78319,0.85427
0.1876,-0.0066702,-0.0011358,0.0019459,0.0095347,0.0296,0.037275,0.10701,0.24698,0.36061,0.43767,0.49797,0.55325,0.60059,0.69853,0.72824,0.73924,0.7739,0.85117
0.1877,-0.0097655,-0.0057788,0.0050412,0.011082,0.023409,0.035727,0.10082,0.25318,0.35907,0.43302,0.49797,0.55479,0.61916,0.69389,0.7205,0.74388,0.78783,0.84808
0.1878,-0.0066702,-0.0026835,0.0050412,0.020368,0.015671,0.037275,0.10082,0.24698,0.35288,0.42064,0.49487,0.55015,0.61297,0.69699,0.72205,0.75626,0.77855,0.84962
0.1879,-0.00047968,0.0019594,0.0081364,0.015725,0.020314,0.037275,0.10546,0.24389,0.35133,0.42064,0.49952,0.54551,0.60833,0.69544,0.7236,0.75781,0.79712,0.83879
0.188,-0.003575,-0.0057788,0.0096841,0.01263,0.021862,0.037275,0.10237,0.24853,0.34669,0.42219,0.50416,0.5517,0.61142,0.6877,0.71431,0.764,0.80021,0.84034
0.1881,-0.011313,-0.0026835,0.017422,0.020368,0.023409,0.038822,0.10701,0.25163,0.35597,0.41136,0.50571,0.55015,0.61297,0.67532,0.72515,0.75936,0.80021,0.85581
0.1882,-0.0051226,0.0004118,0.0065888,0.023464,0.021862,0.035727,0.11629,0.24544,0.34359,0.41755,0.50107,0.54086,0.62226,0.67687,0.72205,0.75936,0.81105,0.84962
0.1883,-0.0097655,0.0035071,0.011232,0.021916,0.017219,0.034179,0.11475,0.2346,0.34204,0.41755,0.49952,0.53777,0.61607,0.6908,0.71431,0.75781,0.80176,0.83105
0.1884,-0.0020273,0.014341,0.0034935,0.011082,0.018766,0.034179,0.1132,0.2346,0.34359,0.41909,0.50107,0.52539,0.60833,0.69389,0.71277,0.75317,0.79557,0.83879
0.1885,-0.003575,0.014341,0.0096841,0.014178,0.021862,0.027989,0.10391,0.24698,0.34514,0.42683,0.50571,0.53932,0.60214,0.69389,0.7236,0.74853,0.79712,0.84189
0.1886,-0.003575,0.0004118,0.014327,0.011082,0.018766,0.035727,0.10856,0.24698,0.34514,0.42219,0.49178,0.53467,0.62535,0.69234,0.71431,0.76091,0.78783,0.83105
0.1887,-0.0097655,-0.0042311,0.014327,0.0095347,0.014123,0.038822,0.10856,0.24698,0.34204,0.416,0.50416,0.54241,0.6238,0.69234,0.70967,0.76864,0.78474,0.83724
0.1888,-0.0082179,-0.0042311,0.0096841,0.018821,0.0094804,0.032632,0.10856,0.24698,0.33121,0.42064,0.50416,0.5517,0.60523,0.69853,0.70967,0.76555,0.78938,0.83724
0.1889,-0.0066702,-0.0026835,0.0034935,0.021916,0.020314,0.034179,0.099271,0.25163,0.32811,0.41909,0.51035,0.55015,0.61142,0.69234,0.70658,0.75007,0.78628,0.82641
0.189,-0.0051226,-0.0042311,0.0081364,0.014178,0.024957,0.04037,0.10701,0.25163,0.3343,0.41909,0.50726,0.55479,0.63309,0.6908,0.70039,0.75317,0.78783,0.83879
0.1891,-0.0097655,-0.0011358,-0.0011494,0.01263,0.015671,0.035727,0.10701,0.25627,0.3343,0.41755,0.50726,0.53932,0.62071,0.6908,0.69265,0.75162,0.78628,0.83105
0.1892,-0.0066702,0.0004118,0.0034935,0.026559,0.015671,0.035727,0.10701,0.25627,0.32966,0.42064,0.50261,0.54086,0.62071,0.69389,0.68955,0.74698,0.78783,0.83879
0.1893,-0.0097655,-0.0026835,0.0065888,0.021916,0.023409,0.043465,0.1101,0.23925,0.33276,0.4129,0.49952,0.54241,0.62535,0.6908,0.70812,0.74233,0.78938,0.8295
0.1894,-0.015956,-0.0042311,0.00039822,0.018821,0.024957,0.041918,0.11165,0.25318,0.34204,0.41909,0.50726,0.53777,0.6238,0.70472,0.70967,0.75007,0.79402,0.83105
0.1895,-0.0066702,-0.0026835,0.014327,0.020368,0.017219,0.037275,0.11165,0.24853,0.34204,0.42219,0.5088,0.52848,0.62071,0.69699,0.70967,0.764,0.76926,0.83879
0.1896,-0.0082179,-0.0042311,0.0065888,0.018821,0.023409,0.037275,0.1101,0.24853,0.34204,0.42064,0.5119,0.53003,0.62226,0.70008,0.70658,0.75162,0.76616,0.8357
0.1897,-0.0066702,-0.0042311,0.0081364,0.014178,0.0296,0.04037,0.11165,0.24698,0.33895,0.40981,0.5119,0.52384,0.61916,0.6908,0.69729,0.75936,0.77236,0.84343
0.1898,-0.0020273,-0.0011358,0.014327,0.011082,0.023409,0.031084,0.10701,0.25008,0.34514,0.40826,0.49797,0.52075,0.62071,0.6877,0.70967,0.75936,0.78474,0.83105
0.1899,-0.003575,0.0004118,0.00039822,0.014178,0.015671,0.031084,0.1101,0.25937,0.34359,0.40052,0.50261,0.53158,0.62845,0.70627,0.70348,0.75162,0.78009,0.83105
0.19,-0.0082179,-0.0011358,0.0050412,0.011082,0.017219,0.031084,0.1132,0.25008,0.33895,0.39898,0.50571,0.53158,0.62535,0.70937,0.70967,0.75936,0.77855,0.83105
0.1901,-0.0082179,0.0004118,0.0096841,0.021916,0.017219,0.029536,0.10856,0.24234,0.34204,0.40362,0.5119,0.53158,0.60833,0.69544,0.71741,0.75936,0.7739,0.84034
0.1902,-0.0051226,-0.0057788,0.011232,0.018821,0.028052,0.031084,0.10701,0.24853,0.3374,0.40517,0.49952,0.53932,0.60833,0.69699,0.71741,0.76245,0.77081,0.8326
0.1903,-0.0066702,0.0004118,0.0050412,0.018821,0.028052,0.035727,0.11165,0.25163,0.3343,0.41909,0.49487,0.54706,0.60059,0.70163,0.70658,0.764,0.777,0.8326
0.1904,-0.0051226,0.0035071,0.0034935,0.025011,0.026505,0.032632,0.10391,0.24853,0.34359,0.4129,0.48559,0.53467,0.60523,0.70163,0.70967,0.76091,0.78164,0.8326
0.1905,-0.012861,0.0050547,0.0050412,0.0064395,0.018766,0.037275,0.1101,0.25318,0.35442,0.41445,0.49023,0.53313,0.62071,0.69544,0.70967,0.75007,0.77855,0.84343
0.1906,-0.003575,0.0035071,0.0034935,0.0079871,0.020314,0.04037,0.11165,0.25472,0.35133,0.40671,0.48714,0.53777,0.62071,0.69853,0.70967,0.73769,0.77855,0.85427
0.1907,0.001068,0.0050547,0.0050412,0.01263,0.018766,0.04037,0.10237,0.25627,0.35597,0.40981,0.48714,0.53158,0.61761,0.69544,0.70967,0.74543,0.78628,0.84808
0.1908,-0.012861,-0.0011358,0.0019459,0.020368,0.026505,0.027989,0.10237,0.26091,0.35442,0.41755,0.49952,0.52539,0.61452,0.69853,0.70348,0.75007,0.76616,0.84653
0.1909,-0.0066702,0.00815,-0.0011494,0.011082,0.021862,0.035727,0.10701,0.25472,0.35597,0.416,0.5088,0.53932,0.61297,0.70008,0.71122,0.75626,0.77545,0.84808
0.191,-0.0020273,0.0004118,0.0019459,0.018821,0.0094804,0.034179,0.10856,0.25008,0.34669,0.42683,0.49487,0.53313,0.60214,0.69234,0.71122,0.75936,0.777,0.8326
0.1911,-0.0051226,-0.0088741,0.0019459,0.014178,0.0063852,0.032632,0.10701,0.25472,0.36061,0.42064,0.49952,0.52384,0.60368,0.69389,0.69884,0.74388,0.777,0.8295
0.1912,-0.0082179,-0.0026835,0.0065888,0.018821,0.014123,0.041918,0.10546,0.25318,0.35907,0.41445,0.50726,0.52229,0.60059,0.69853,0.70193,0.74233,0.78474,0.84034
0.1913,-0.015956,-0.0011358,0.0065888,0.020368,0.018766,0.04037,0.11165,0.25163,0.34669,0.41755,0.49952,0.52539,0.60833,0.69389,0.70967,0.75162,0.78009,0.82022
0.1914,-0.020599,0.0035071,0.0050412,0.021916,0.018766,0.038822,0.1132,0.25627,0.34514,0.42219,0.48714,0.52539,0.61142,0.69699,0.70658,0.74853,0.77236,0.82022
0.1915,-0.017504,0.00815,0.0065888,0.018821,0.023409,0.037275,0.10856,0.25318,0.34669,0.42993,0.49797,0.51765,0.60678,0.69699,0.69265,0.75162,0.77855,0.82486
0.1916,-0.015956,0.0019594,0.0050412,0.0079871,0.021862,0.034179,0.10701,0.24853,0.34049,0.42064,0.50571,0.52384,0.60678,0.70472,0.70348,0.74543,0.79557,0.82331
0.1917,-0.014408,-0.015065,0.00039822,0.015725,0.017219,0.037275,0.10856,0.24389,0.35442,0.41445,0.50261,0.53158,0.60833,0.70937,0.69884,0.74079,0.79712,0.82022
0.1918,-0.00047968,-0.0073264,0.00039822,0.015725,0.020314,0.034179,0.10701,0.24234,0.35133,0.41445,0.50261,0.53932,0.59904,0.70627,0.69574,0.74853,0.79402,0.8326
0.1919,-0.003575,-0.0026835,-0.0011494,0.018821,0.0094804,0.037275,0.11165,0.24698,0.34049,0.41136,0.50726,0.53467,0.60678,0.70163,0.70193,0.73769,0.79402,0.83879
0.192,-0.015956,0.0019594,0.00039822,0.015725,0.020314,0.04037,0.1101,0.23925,0.33895,0.4129,0.50107,0.54551,0.60833,0.68925,0.70193,0.73305,0.78938,0.8326
0.1921,-0.019051,0.0004118,0.0081364,0.01263,0.023409,0.041918,0.10082,0.25008,0.35133,0.42219,0.50726,0.5486,0.61142,0.68925,0.69729,0.73924,0.79557,0.82796
0.1922,-0.029885,-0.0011358,0.0081364,0.014178,0.020314,0.035727,0.10856,0.25472,0.35442,0.41755,0.50571,0.54086,0.60368,0.70008,0.69884,0.74388,0.80486,0.82022
0.1923,-0.02679,-0.0026835,0.0065888,0.011082,0.017219,0.027989,0.10391,0.24853,0.35907,0.41755,0.50416,0.54551,0.61142,0.70318,0.69729,0.73769,0.79402,0.82022
0.1924,-0.015956,0.0004118,0.014327,0.0095347,0.014123,0.04037,0.10546,0.25163,0.35597,0.416,0.51499,0.54086,0.61607,0.70318,0.70658,0.73769,0.80176,0.8326
0.1925,-0.023694,0.0050547,0.014327,0.01263,0.015671,0.043465,0.10856,0.25318,0.35133,0.41445,0.51035,0.54396,0.60059,0.70008,0.69729,0.73924,0.8095,0.82796
0.1926,-0.017504,0.0019594,0.011232,0.0095347,0.015671,0.035727,0.11165,0.24853,0.35752,0.416,0.50571,0.54086,0.59904,0.69544,0.70039,0.72531,0.80176,0.83105
0.1927,-0.015956,-0.0011358,0.011232,0.0017965,0.024957,0.035727,0.1101,0.24698,0.35288,0.416,0.50107,0.53932,0.60214,0.70627,0.70967,0.72841,0.79867,0.84343
0.1928,-0.012861,0.0035071,0.0065888,0.011082,0.021862,0.037275,0.10237,0.25008,0.36526,0.41445,0.50416,0.53158,0.5913,0.69544,0.71122,0.7315,0.80176,0.84962
0.1929,-0.014408,0.0035071,0.0065888,0.014178,0.021862,0.041918,0.10391,0.24698,0.36216,0.40981,0.50261,0.5486,0.59595,0.69853,0.71586,0.72531,0.80331,0.8357
0.193,-0.012861,0.0035071,0.0081364,0.014178,0.021862,0.037275,0.10701,0.25008,0.35752,0.40207,0.49178,0.5517,0.59904,0.70937,0.70812,0.71912,0.8064,0.84034
0.1931,-0.014408,-0.0011358,0.0096841,0.01263,0.023409,0.038822,0.10082,0.24853,0.35442,0.40517,0.50571,0.54241,0.59904,0.69853,0.71277,0.72841,0.80021,0.82177
0.1932,-0.0082179,0.0004118,0.011232,0.01263,0.023409,0.045013,0.11165,0.24079,0.36216,0.41445,0.49952,0.54706,0.60059,0.70318,0.70348,0.73924,0.80021,0.82177
0.1933,-0.0051226,0.00815,0.0034935,0.0095347,0.018766,0.038822,0.10856,0.25163,0.35597,0.40981,0.49797,0.54241,0.60833,0.69699,0.69884,0.73924,0.80021,0.82331
0.1934,-0.0066702,0.0004118,0.0019459,0.018821,0.024957,0.046561,0.1101,0.25163,0.34514,0.40517,0.50416,0.54086,0.60678,0.69699,0.70193,0.74233,0.78783,0.83879
0.1935,-0.0082179,-0.0042311,0.0096841,0.020368,0.024957,0.04037,0.10701,0.24853,0.35133,0.41909,0.49952,0.54551,0.59904,0.69853,0.69265,0.74079,0.78938,0.8357
0.1936,-0.0097655,-0.0073264,0.0065888,0.018821,0.023409,0.04037,0.10391,0.24234,0.36061,0.42064,0.51345,0.54706,0.59749,0.6908,0.70658,0.74233,0.78628,0.83879
0.1937,-0.0051226,-0.0057788,0.0050412,0.0095347,0.021862,0.035727,0.10391,0.23925,0.35597,0.41445,0.51499,0.53467,0.60214,0.68306,0.70967,0.72686,0.78938,0.82641
0.1938,-0.0051226,0.0050547,0.0096841,0.01263,0.018766,0.034179,0.10856,0.2346,0.35907,0.416,0.51035,0.54241,0.61761,0.68615,0.71586,0.72531,0.78474,0.82177
0.1939,-0.0097655,0.0004118,0.015875,0.018821,0.020314,0.037275,0.11165,0.24234,0.3699,0.4129,0.50726,0.53003,0.60214,0.67377,0.70503,0.72531,0.78938,0.8295
0.194,-0.014408,-0.0011358,0.011232,0.014178,0.0296,0.037275,0.11939,0.25008,0.36835,0.416,0.51035,0.52229,0.60059,0.67377,0.70503,0.72531,0.79712,0.8326
0.1941,-0.0051226,0.0035071,0.0096841,0.0064395,0.03579,0.031084,0.1101,0.24079,0.35907,0.42064,0.5088,0.52694,0.60523,0.68615,0.71277,0.7346,0.79557,0.83105
0.1942,-0.0051226,0.0035071,0.0096841,0.014178,0.028052,0.034179,0.1132,0.24079,0.36061,0.41909,0.50416,0.53003,0.60214,0.69853,0.69729,0.7315,0.79402,0.83879
0.1943,-0.014408,0.0004118,0.0065888,0.014178,0.024957,0.027989,0.11939,0.2346,0.35907,0.416,0.50726,0.53932,0.60368,0.6908,0.69265,0.7315,0.79093,0.84962
0.1944,-0.0097655,-0.0057788,0.0050412,0.020368,0.018766,0.031084,0.11939,0.24853,0.35907,0.416,0.51499,0.53467,0.60214,0.68306,0.70039,0.73614,0.77855,0.84343
0.1945,-0.0097655,-0.0042311,0.0050412,0.015725,0.015671,0.034179,0.1132,0.25318,0.37145,0.41755,0.50571,0.53158,0.59749,0.66913,0.70967,0.73305,0.78628,0.84498
0.1946,-0.0051226,0.0035071,0.0081364,0.015725,0.020314,0.032632,0.10701,0.23925,0.36216,0.41136,0.5119,0.52694,0.59595,0.68306,0.69419,0.72531,0.80021,0.84653
0.1947,-0.0097655,-0.0011358,0.0034935,0.015725,0.021862,0.037275,0.1101,0.24389,0.35597,0.40981,0.5088,0.52075,0.58511,0.67532,0.69574,0.72841,0.78628,0.83879
0.1948,-0.012861,-0.0026835,0.011232,0.011082,0.020314,0.04037,0.1101,0.24698,0.36526,0.41755,0.51809,0.53313,0.5944,0.67532,0.69419,0.72841,0.79557,0.8295
0.1949,-0.0066702,0.0004118,0.0065888,0.0095347,0.018766,0.037275,0.10391,0.24698,0.36835,0.42528,0.52428,0.52848,0.58976,0.67377,0.69265,0.73614,0.80021,0.8326
0.195,-0.0051226,-0.0011358,0.0065888,0.0095347,0.014123,0.037275,0.1101,0.24853,0.3699,0.41755,0.52118,0.52848,0.59595,0.67532,0.68955,0.7315,0.79867,0.82022
0.1951,-0.0066702,0.0035071,0.0081364,0.018821,0.020314,0.035727,0.10701,0.24079,0.36371,0.41445,0.51654,0.53003,0.60059,0.67996,0.6911,0.7315,0.79712,0.82177
0.1952,-0.0097655,0.014341,0.0034935,0.018821,0.028052,0.035727,0.10546,0.24698,0.37145,0.41909,0.51499,0.52539,0.59749,0.67377,0.69419,0.71448,0.79557,0.82641
0.1953,-0.012861,0.0050547,0.014327,0.0095347,0.023409,0.031084,0.10701,0.24234,0.3668,0.4129,0.5088,0.52384,0.60214,0.68461,0.69729,0.72686,0.80176,0.82486
0.1954,-0.014408,0.0019594,0.011232,0.01263,0.017219,0.032632,0.10856,0.24389,0.36216,0.41755,0.51345,0.52384,0.59749,0.67996,0.70193,0.73614,0.79093,0.81558
0.1955,-0.015956,0.00815,0.0096841,0.021916,0.015671,0.032632,0.11939,0.24853,0.35442,0.42064,0.51654,0.5161,0.60833,0.67377,0.70039,0.7346,0.78474,0.82641
0.1956,-0.012861,0.0066024,0.014327,0.015725,0.020314,0.031084,0.1132,0.24389,0.36061,0.41445,0.51499,0.51301,0.60214,0.66913,0.70039,0.72531,0.80021,0.8357
0.1957,0.0026156,-0.0011358,0.0065888,0.021916,0.020314,0.04037,0.10237,0.24079,0.36526,0.40981,0.51499,0.5192,0.60523,0.68615,0.70039,0.72222,0.79093,0.84343
0.1958,-0.00047968,0.00815,0.00039822,0.014178,0.026505,0.04037,0.10546,0.24234,0.35907,0.41445,0.51035,0.52075,0.60214,0.67532,0.70039,0.73305,0.79402,0.84034
0.1959,-0.0082179,0.0066024,0.0050412,0.018821,0.018766,0.045013,0.11475,0.24698,0.36216,0.42219,0.50726,0.51765,0.59285,0.67687,0.70193,0.7346,0.78474,0.83879
0.196,-0.012861,-0.0026835,-0.0011494,0.018821,0.023409,0.04037,0.1132,0.24079,0.3668,0.42219,0.52118,0.5161,0.60059,0.68615,0.70193,0.74388,0.78783,0.84343
0.1961,-0.0082179,-0.0026835,0.0065888,0.018821,0.023409,0.035727,0.11629,0.24234,0.35907,0.41136,0.5088,0.5161,0.59904,0.67996,0.69574,0.74543,0.78164,0.84343
0.1962,-0.0082179,0.0019594,0.0034935,0.0048918,0.023409,0.045013,0.1101,0.23925,0.35907,0.40981,0.51499,0.52229,0.58976,0.67377,0.68646,0.74388,0.78474,0.8357
0.1963,-0.003575,-0.0042311,-0.0011494,0.020368,0.021862,0.048108,0.11784,0.24853,0.36061,0.41136,0.51345,0.5192,0.60214,0.67068,0.68646,0.74079,0.78319,0.82331
0.1964,-0.0051226,0.0004118,0.0081364,0.021916,0.018766,0.037275,0.11475,0.25008,0.35907,0.40826,0.51654,0.5192,0.60368,0.68615,0.69884,0.7346,0.78319,0.81248
0.1965,-0.003575,0.0066024,0.0096841,0.023464,0.017219,0.037275,0.11475,0.23925,0.3699,0.4129,0.5088,0.5192,0.61452,0.6877,0.69884,0.73614,0.777,0.8295
0.1966,-0.012861,-0.0011358,-0.0011494,0.014178,0.018766,0.035727,0.1101,0.24853,0.3699,0.41445,0.49487,0.51765,0.61297,0.68925,0.69884,0.7346,0.78164,0.8326
0.1967,0.001068,0.0066024,0.00039822,0.01263,0.024957,0.038822,0.11165,0.25008,0.36371,0.42683,0.49487,0.5192,0.60678,0.6908,0.69574,0.72376,0.78783,0.8326
0.1968,-0.0066702,0.014341,-0.0011494,0.011082,0.023409,0.045013,0.1132,0.24698,0.36216,0.42528,0.50571,0.51301,0.60059,0.6877,0.69574,0.7346,0.79712,0.83105
0.1969,-0.0082179,0.0035071,0.0065888,0.018821,0.018766,0.04037,0.1101,0.25163,0.35907,0.416,0.51499,0.5161,0.59904,0.67687,0.68955,0.73614,0.79093,0.82486
0.197,-0.0097655,-0.0011358,0.0065888,0.01263,0.015671,0.034179,0.11165,0.25008,0.36061,0.4129,0.51654,0.51301,0.59904,0.68615,0.6911,0.72686,0.78628,0.82486
0.1971,-0.0051226,-0.0026835,0.0050412,0.025011,0.026505,0.031084,0.10701,0.24853,0.35907,0.41755,0.51345,0.5161,0.60059,0.68461,0.69729,0.71602,0.77855,0.82641
0.1972,-0.0082179,-0.0073264,0.0034935,0.015725,0.021862,0.038822,0.10391,0.24544,0.3668,0.4129,0.5119,0.51765,0.61607,0.68461,0.69265,0.7346,0.78474,0.8357
0.1973,-0.012861,0.0004118,0.00039822,0.0095347,0.028052,0.041918,0.1101,0.25163,0.35907,0.41445,0.49333,0.52229,0.61607,0.68925,0.688,0.7315,0.79712,0.84034
0.1974,-0.0066702,-0.0011358,-0.0011494,0.020368,0.0296,0.04037,0.11165,0.24234,0.36835,0.41909,0.50571,0.52075,0.61607,0.69544,0.688,0.72376,0.80486,0.84034
0.1975,-0.012861,-0.0042311,0.0019459,0.014178,0.021862,0.037275,0.12094,0.2346,0.36061,0.41445,0.51035,0.52075,0.61916,0.68461,0.69884,0.71602,0.79557,0.8295
0.1976,-0.015956,-0.0042311,0.0034935,0.018821,0.014123,0.037275,0.11165,0.24698,0.35597,0.41909,0.5088,0.5192,0.61761,0.67996,0.70658,0.72995,0.78628,0.83879
0.1977,-0.0082179,-0.0026835,-0.0026971,0.014178,0.024957,0.04037,0.1101,0.24079,0.35133,0.43457,0.50261,0.51455,0.60833,0.69699,0.69419,0.72841,0.78628,0.8295
0.1978,-0.014408,-0.0026835,0.0050412,0.015725,0.0296,0.041918,0.11475,0.23615,0.36061,0.42219,0.50261,0.51455,0.60833,0.68925,0.68955,0.72531,0.78319,0.82641
0.1979,-0.0097655,-0.0057788,0.00039822,0.01263,0.018766,0.034179,0.11939,0.24853,0.3668,0.42064,0.49333,0.52075,0.61607,0.69234,0.70348,0.72376,0.78628,0.80939
0.198,-0.003575,-0.0026835,-0.0011494,0.0064395,0.024957,0.031084,0.10856,0.24698,0.35597,0.42528,0.49952,0.52694,0.60678,0.67842,0.70967,0.72841,0.77855,0.80629
0.1981,-0.0082179,0.0096977,0.00039822,0.0064395,0.020314,0.037275,0.1101,0.24389,0.36216,0.41445,0.49023,0.52539,0.60059,0.67068,0.69419,0.73769,0.77855,0.82486
0.1982,-0.0066702,0.00815,0.0019459,0.014178,0.0296,0.048108,0.1132,0.24389,0.36216,0.41755,0.48249,0.52384,0.60214,0.6877,0.68955,0.73769,0.78009,0.84808
0.1983,-0.0097655,0.0019594,0.0034935,0.01263,0.028052,0.043465,0.10701,0.23925,0.36061,0.40981,0.49952,0.53003,0.60368,0.67222,0.69265,0.73924,0.78164,0.8326
0.1984,-0.003575,0.0004118,0.00039822,0.014178,0.020314,0.04037,0.10856,0.2346,0.35597,0.4129,0.50726,0.54241,0.5944,0.67222,0.69729,0.73924,0.77855,0.82177
0.1985,-0.0082179,0.00815,0.0065888,0.020368,0.024957,0.038822,0.11475,0.24698,0.35442,0.41909,0.49797,0.54706,0.59285,0.68306,0.68646,0.72531,0.78009,0.82641
0.1986,-0.011313,-0.0042311,-0.0011494,0.020368,0.018766,0.038822,0.11784,0.24853,0.35907,0.416,0.50107,0.53467,0.59904,0.6877,0.68955,0.72531,0.79402,0.82486
0.1987,-0.0020273,-0.0026835,0.00039822,0.01263,0.021862,0.041918,0.11475,0.24234,0.36216,0.41909,0.49797,0.53003,0.59904,0.6908,0.6911,0.74233,0.78628,0.83879
0.1988,-0.0051226,-0.0011358,0.0019459,0.020368,0.017219,0.038822,0.11165,0.24544,0.36216,0.40671,0.50261,0.52539,0.60368,0.68925,0.688,0.7346,0.79712,0.83879
0.1989,-0.0082179,0.0004118,0.0065888,0.018821,0.020314,0.034179,0.10856,0.24079,0.36526,0.40826,0.49333,0.53777,0.60833,0.6908,0.69265,0.74233,0.78783,0.82641
0.199,-0.017504,0.0004118,0.0034935,0.01263,0.020314,0.034179,0.10546,0.24544,0.36526,0.41445,0.50107,0.53777,0.61761,0.68461,0.6911,0.73614,0.78474,0.83879
0.1991,-0.0066702,0.0096977,0.00039822,0.0095347,0.018766,0.032632,0.1101,0.23306,0.35752,0.4129,0.49178,0.53313,0.61607,0.68461,0.69729,0.73924,0.79867,0.8326
0.1992,-0.0082179,0.00815,0.0050412,0.0095347,0.023409,0.034179,0.10856,0.23925,0.35597,0.41445,0.49952,0.52539,0.61142,0.69234,0.69265,0.74543,0.79557,0.82177
0.1993,-0.0097655,0.0019594,0.0081364,0.011082,0.020314,0.037275,0.10391,0.23151,0.36216,0.41136,0.50261,0.52075,0.60678,0.68461,0.68491,0.75781,0.79867,0.83105
0.1994,-0.0051226,0.0004118,0.015875,0.014178,0.020314,0.054299,0.1101,0.24389,0.36216,0.40517,0.49797,0.52694,0.60678,0.67996,0.688,0.75007,0.79402,0.8326
0.1995,-0.00047968,-0.0026835,0.014327,0.01263,0.021862,0.037275,0.12094,0.23925,0.36216,0.40981,0.50107,0.53003,0.60368,0.67377,0.68955,0.74388,0.78009,0.8326
0.1996,0.001068,-0.0057788,0.0081364,0.011082,0.023409,0.04037,0.11165,0.24389,0.3668,0.40207,0.50571,0.5192,0.60678,0.68925,0.69265,0.74079,0.79557,0.84653
0.1997,-0.003575,-0.0042311,0.014327,0.021916,0.023409,0.035727,0.10701,0.24698,0.35597,0.40981,0.49178,0.5192,0.60833,0.6877,0.6911,0.73305,0.79557,0.83879
0.1998,-0.0082179,0.00815,0.00039822,0.020368,0.021862,0.032632,0.10237,0.24698,0.36216,0.416,0.48559,0.53158,0.60523,0.68461,0.68336,0.74233,0.79712,0.84808
0.1999,-0.014408,0.0050547,0.0081364,0.020368,0.018766,0.04037,0.10856,0.25163,0.36526,0.40517,0.49023,0.52075,0.60214,0.67532,0.68336,0.75007,0.78783,0.83105
0.2,-0.003575,0.0050547,0.0019459,0.014178,0.018766,0.035727,0.1132,0.25163,0.35597,0.40207,0.49178,0.52384,0.60678,0.67996,0.688,0.74079,0.79402,0.82641
0.2001,-0.0097655,0.0050547,0.0081364,0.018821,0.021862,0.034179,0.10856,0.25163,0.36216,0.39743,0.49333,0.52539,0.61916,0.67687,0.6911,0.73769,0.78783,0.83105
0.2002,-0.0097655,0.0096977,0.00039822,0.014178,0.023409,0.043465,0.1101,0.25937,0.36835,0.40052,0.49023,0.52384,0.61142,0.67377,0.67562,0.73924,0.79093,0.83879
0.2003,-0.0020273,-0.0011358,0.0065888,0.020368,0.015671,0.031084,0.11165,0.25472,0.36835,0.40362,0.49487,0.52539,0.60678,0.67687,0.68491,0.73924,0.78628,0.82486
0.2004,-0.0051226,0.0019594,0.00039822,0.025011,0.021862,0.04037,0.11165,0.24698,0.36526,0.39433,0.49178,0.52694,0.61452,0.67377,0.68491,0.74388,0.79402,0.82641
0.2005,-0.0082179,0.0035071,-0.0011494,0.021916,0.017219,0.045013,0.10856,0.23615,0.36061,0.40052,0.48559,0.52694,0.60214,0.67532,0.67717,0.73614,0.79093,0.8326
0.2006,-0.015956,-0.0026835,0.0019459,0.018821,0.014123,0.04037,0.10701,0.24544,0.35597,0.40981,0.48714,0.53003,0.60059,0.66913,0.68027,0.73305,0.78474,0.84034
0.2007,-0.0082179,-0.0042311,0.0081364,0.015725,0.017219,0.046561,0.1132,0.24853,0.35288,0.40671,0.50726,0.52384,0.60523,0.67222,0.67872,0.74233,0.77855,0.82641
0.2008,-0.003575,-0.0011358,0.00039822,0.018821,0.015671,0.041918,0.12249,0.25008,0.35288,0.41755,0.50261,0.5192,0.61142,0.68306,0.69419,0.74233,0.77855,0.82022
0.2009,-0.0082179,-0.0026835,0.00039822,0.015725,0.017219,0.034179,0.10546,0.24234,0.35597,0.42683,0.50416,0.5192,0.61297,0.69389,0.69419,0.7315,0.777,0.83105
0.201,-0.0051226,-0.0042311,-0.0011494,0.0095347,0.021862,0.034179,0.1101,0.24698,0.35597,0.41755,0.5088,0.52075,0.60678,0.68615,0.69884,0.72222,0.76771,0.83724
0.2011,-0.011313,-0.0026835,0.00039822,0.014178,0.020314,0.043465,0.11475,0.24079,0.3668,0.416,0.51345,0.51765,0.60059,0.68461,0.69265,0.72841,0.77545,0.83724
0.2012,-0.014408,0.0050547,0.0065888,0.015725,0.018766,0.038822,0.1132,0.22996,0.37145,0.41755,0.5088,0.52229,0.60678,0.68615,0.688,0.7315,0.78474,0.82641
0.2013,-0.015956,0.0050547,0.0019459,0.014178,0.018766,0.037275,0.11475,0.23306,0.36835,0.41136,0.5088,0.52229,0.60368,0.68306,0.68646,0.72222,0.78319,0.8295
0.2014,-0.0066702,0.0019594,0.00039822,0.014178,0.021862,0.041918,0.12094,0.24079,0.36835,0.4129,0.50261,0.53158,0.59749,0.68925,0.6911,0.7346,0.77855,0.83879
0.2015,-0.0097655,0.0019594,0.0050412,0.014178,0.0094804,0.041918,0.11629,0.23615,0.35907,0.41909,0.49797,0.52539,0.60059,0.69234,0.69419,0.73924,0.78938,0.8295
0.2016,-0.0066702,0.0050547,0.0065888,0.0079871,0.020314,0.038822,0.11629,0.23925,0.36835,0.40826,0.50726,0.52229,0.60678,0.68925,0.6911,0.74233,0.79712,0.83105
0.2017,-0.012861,-0.0011358,-0.0011494,0.018821,0.028052,0.037275,0.1101,0.23306,0.36371,0.40517,0.51035,0.52384,0.60368,0.66913,0.688,0.73924,0.79093,0.82486
0.2018,-0.0066702,-0.0011358,0.0065888,0.020368,0.024957,0.032632,0.10856,0.22841,0.36526,0.40826,0.5119,0.53003,0.59595,0.67377,0.6911,0.73305,0.78164,0.81403
0.2019,-0.0051226,0.0019594,0.0034935,0.023464,0.021862,0.037275,0.11939,0.24079,0.35907,0.41445,0.50416,0.52229,0.59285,0.68925,0.70039,0.73769,0.77855,0.81558
0.202,-0.00047968,0.0035071,0.0034935,0.014178,0.020314,0.04037,0.1132,0.25008,0.35752,0.41136,0.5088,0.52384,0.58666,0.68461,0.69574,0.74698,0.78319,0.81712
0.2021,-0.0051226,-0.0026835,0.0096841,0.0095347,0.021862,0.037275,0.11165,0.24698,0.36061,0.41909,0.51035,0.52384,0.59285,0.67996,0.688,0.75007,0.777,0.82486
0.2022,-0.0051226,0.0035071,0.0034935,0.018821,0.023409,0.038822,0.1132,0.24698,0.36216,0.42219,0.50261,0.5161,0.59595,0.68461,0.69265,0.75317,0.77545,0.82177
0.2023,-0.012861,0.0019594,0.0034935,0.014178,0.021862,0.041918,0.1132,0.24079,0.35752,0.41136,0.50261,0.51765,0.60678,0.68925,0.70193,0.73769,0.78319,0.80784
0.2024,-0.0051226,-0.0042311,0.0019459,0.014178,0.023409,0.038822,0.1132,0.2346,0.3668,0.41136,0.50726,0.51765,0.60833,0.69699,0.70503,0.7315,0.79093,0.80319
0.2025,-0.003575,0.0004118,-0.0026971,0.018821,0.015671,0.038822,0.1132,0.24234,0.36371,0.41445,0.5119,0.52384,0.60214,0.6877,0.70658,0.73614,0.78938,0.80939
0.2026,-0.0066702,0.0004118,-0.0026971,0.0095347,0.028052,0.037275,0.11939,0.24544,0.35752,0.416,0.51345,0.53003,0.59285,0.6908,0.69729,0.7346,0.78783,0.81403
0.2027,-0.00047968,-0.0011358,-0.0026971,0.01263,0.026505,0.04037,0.10701,0.24544,0.35597,0.41136,0.50571,0.53313,0.59285,0.68306,0.68955,0.73769,0.79402,0.81712
0.2028,-0.0082179,-0.0011358,-0.0026971,0.01263,0.026505,0.04037,0.11784,0.24853,0.35907,0.40981,0.49797,0.53313,0.59904,0.6877,0.68491,0.72995,0.79557,0.82022
0.2029,-0.0082179,0.0004118,0.015875,0.020368,0.026505,0.04037,0.10546,0.25008,0.36371,0.41136,0.50107,0.53003,0.60214,0.69234,0.688,0.71912,0.79402,0.82796
0.203,-0.0051226,-0.0042311,0.0081364,0.0079871,0.023409,0.048108,0.1132,0.23925,0.35752,0.40207,0.49797,0.52848,0.58976,0.67222,0.69884,0.72222,0.78319,0.82796
0.2031,-0.0051226,-0.0042311,0.0065888,0.021916,0.021862,0.038822,0.11939,0.23615,0.35288,0.41136,0.49487,0.53158,0.58202,0.67377,0.69729,0.7346,0.78474,0.81558
0.2032,-0.0097655,0.0004118,0.0096841,0.01263,0.018766,0.035727,0.11939,0.23151,0.35133,0.40981,0.49178,0.53158,0.58821,0.67222,0.69265,0.74079,0.80021,0.81558
0.2033,-0.0020273,-0.0011358,0.0081364,0.01263,0.023409,0.035727,0.1101,0.24234,0.34359,0.41136,0.49487,0.52384,0.59285,0.67996,0.68491,0.73924,0.78009,0.82022
0.2034,-0.0051226,-0.0057788,0.0019459,0.0095347,0.021862,0.043465,0.1132,0.25008,0.35133,0.40826,0.49797,0.52848,0.59285,0.6877,0.6911,0.74698,0.76616,0.81093
0.2035,-0.0051226,0.00815,0.0096841,0.018821,0.021862,0.037275,0.1101,0.23615,0.34514,0.40362,0.49797,0.52229,0.60059,0.67996,0.68646,0.74233,0.76771,0.797
0.2036,-0.0051226,0.015888,0.0065888,0.0095347,0.020314,0.035727,0.11629,0.24234,0.34514,0.40517,0.49797,0.52229,0.60678,0.67222,0.68646,0.74388,0.77545,0.8001
0.2037,-0.00047968,0.0050547,0.0065888,0.020368,0.026505,0.034179,0.1101,0.24234,0.34359,0.40826,0.5119,0.53003,0.60059,0.68461,0.68336,0.74698,0.78938,0.797
0.2038,-0.0082179,0.0004118,0.014327,0.018821,0.020314,0.035727,0.1132,0.24234,0.34359,0.40052,0.5088,0.52384,0.60523,0.67377,0.67408,0.74853,0.78474,0.8001
0.2039,-0.003575,0.0004118,0.0096841,0.0079871,0.018766,0.038822,0.11475,0.23615,0.35133,0.40207,0.49797,0.52539,0.60214,0.66913,0.68027,0.73924,0.77855,0.80629
0.204,-0.0082179,0.0004118,0.0081364,0.01263,0.026505,0.04037,0.10856,0.22687,0.34204,0.41136,0.49952,0.52539,0.59904,0.67068,0.67717,0.74233,0.7739,0.80629
0.2041,-0.0082179,0.0004118,0.017422,0.01263,0.023409,0.038822,0.10856,0.23615,0.34514,0.41909,0.5119,0.52229,0.5913,0.66913,0.66943,0.76091,0.76926,0.80629
0.2042,-0.003575,0.0035071,0.0065888,0.011082,0.020314,0.037275,0.10856,0.23306,0.34823,0.41755,0.50726,0.53003,0.59285,0.67532,0.66943,0.75936,0.77236,0.80629
0.2043,-0.0082179,0.0035071,0.00039822,0.01263,0.023409,0.031084,0.10701,0.2346,0.35133,0.40671,0.51035,0.54086,0.59595,0.67996,0.68027,0.74543,0.78319,0.80474
0.2044,-0.0082179,0.0019594,-0.00734,0.01263,0.020314,0.037275,0.10701,0.23151,0.35597,0.40981,0.5088,0.53313,0.5913,0.67842,0.67717,0.73924,0.79093,0.80784
0.2045,-0.0020273,0.0035071,-0.0011494,0.011082,0.023409,0.038822,0.10546,0.22996,0.35907,0.40826,0.50571,0.53158,0.59595,0.6583,0.69265,0.74233,0.78009,0.79236
0.2046,-0.0097655,0.0050547,0.0019459,0.0048918,0.023409,0.029536,0.10391,0.23925,0.35133,0.41136,0.49487,0.53158,0.5944,0.68461,0.688,0.73614,0.77236,0.79081
0.2047,-0.0082179,-0.0011358,0.00039822,0.01263,0.021862,0.043465,0.1132,0.24698,0.34823,0.41909,0.49333,0.53003,0.59749,0.67842,0.66788,0.75007,0.77081,0.80784
0.2048,-0.0051226,-0.0011358,-0.0011494,0.01263,0.020314,0.04037,0.1101,0.24079,0.34204,0.41755,0.49487,0.53158,0.59749,0.67377,0.67253,0.75007,0.77081,0.8001
0.2049,-0.0051226,0.0035071,-0.0011494,0.021916,0.023409,0.038822,0.11165,0.25008,0.34049,0.41445,0.49487,0.52539,0.58511,0.66913,0.688,0.73924,0.77236,0.8001
0.205,-0.0051226,0.0019594,0.0065888,0.023464,0.020314,0.04037,0.1101,0.24698,0.35133,0.42219,0.49797,0.52229,0.58666,0.67222,0.68955,0.73614,0.7739,0.81558
0.2051,-0.0097655,0.0019594,0.00039822,0.015725,0.017219,0.037275,0.10856,0.24389,0.34204,0.41445,0.49487,0.52539,0.58511,0.66603,0.68955,0.72376,0.77855,0.81093
0.2052,-0.0097655,0.0035071,0.0019459,0.020368,0.017219,0.043465,0.10701,0.24853,0.33895,0.41136,0.49023,0.53313,0.58202,0.66913,0.68491,0.71912,0.77081,0.81248
0.2053,-0.0097655,0.0019594,0.0034935,0.01263,0.015671,0.037275,0.10856,0.23615,0.34204,0.40981,0.48559,0.53313,0.57737,0.66603,0.68646,0.72686,0.75997,0.79391
0.2054,-0.015956,0.0050547,0.0050412,0.0095347,0.020314,0.031084,0.10701,0.24698,0.35442,0.41445,0.49178,0.53467,0.58357,0.66758,0.68491,0.74853,0.75997,0.80165
0.2055,-0.015956,0.0004118,0.0050412,0.021916,0.021862,0.032632,0.10237,0.23925,0.34823,0.416,0.48868,0.52848,0.57892,0.66758,0.67408,0.74388,0.75224,0.80629
0.2056,-0.0097655,-0.0026835,0.0081364,0.011082,0.026505,0.031084,0.1101,0.24079,0.34669,0.40981,0.49333,0.5192,0.57737,0.67532,0.67098,0.73614,0.76307,0.80474
0.2057,-0.0066702,-0.0042311,0.0034935,0.0064395,0.024957,0.037275,0.10856,0.24079,0.34514,0.40826,0.48559,0.51765,0.57428,0.65984,0.67872,0.72222,0.76152,0.80319
0.2058,-0.0051226,0.0019594,0.0050412,0.0095347,0.020314,0.048108,0.11475,0.23925,0.35597,0.40981,0.49487,0.5161,0.57428,0.65675,0.68955,0.73614,0.76616,0.81558
0.2059,-0.003575,0.0035071,0.0034935,0.011082,0.026505,0.038822,0.10546,0.23306,0.35442,0.40671,0.48868,0.5192,0.57428,0.6552,0.68955,0.72376,0.77236,0.81558
0.206,-0.003575,0.014341,0.0019459,0.023464,0.014123,0.037275,0.10082,0.22222,0.34049,0.40671,0.49487,0.51301,0.57737,0.6583,0.68491,0.7346,0.7739,0.80629
0.2061,-0.0097655,0.0019594,-0.0026971,0.015725,0.014123,0.035727,0.10391,0.22996,0.35288,0.40671,0.50261,0.51146,0.58047,0.64901,0.69419,0.7315,0.76926,0.80319
0.2062,-0.0097655,0.0019594,0.0081364,0.021916,0.026505,0.04037,0.10391,0.22222,0.35752,0.39898,0.50107,0.51301,0.57892,0.66139,0.68646,0.72995,0.7739,0.80474
0.2063,-0.014408,0.0019594,0.0019459,0.014178,0.018766,0.041918,0.10856,0.22841,0.35442,0.40052,0.49023,0.5192,0.58511,0.67068,0.67253,0.73305,0.75378,0.80629
0.2064,-0.0051226,-0.0057788,0.0019459,0.01263,0.024957,0.037275,0.10856,0.22841,0.34669,0.40362,0.49178,0.51301,0.58511,0.67687,0.67253,0.73305,0.75378,0.81558
0.2065,-0.011313,0.0050547,0.0034935,0.018821,0.015671,0.04037,0.10237,0.2346,0.34359,0.41136,0.49023,0.53003,0.58357,0.67377,0.67408,0.7315,0.76152,0.81558
0.2066,-0.012861,0.0035071,0.0065888,0.020368,0.018766,0.037275,0.096176,0.24389,0.34359,0.40207,0.49952,0.5161,0.58821,0.67068,0.68027,0.7346,0.75224,0.80939
0.2067,-0.0082179,0.0004118,0.0034935,0.020368,0.018766,0.032632,0.10701,0.23306,0.33276,0.40517,0.48714,0.5161,0.57892,0.67222,0.67717,0.7346,0.75843,0.81867
0.2068,-0.003575,0.0019594,-0.0011494,0.021916,0.014123,0.035727,0.10546,0.22687,0.3343,0.40362,0.48249,0.51301,0.58976,0.66294,0.688,0.73769,0.77081,0.80939
0.2069,-0.0051226,0.0019594,0.0034935,0.025011,0.014123,0.04037,0.10237,0.22996,0.3374,0.40826,0.49023,0.50527,0.58821,0.66758,0.67408,0.74388,0.77081,0.81867
0.207,-0.0097655,0.0050547,0.0096841,0.021916,0.021862,0.038822,0.11165,0.2346,0.3374,0.40052,0.49333,0.51765,0.58666,0.66449,0.66634,0.75007,0.77855,0.81248
0.2071,-0.0066702,0.0004118,0.0034935,0.014178,0.018766,0.04037,0.11165,0.23151,0.3374,0.40207,0.49797,0.5192,0.58202,0.66603,0.66634,0.73924,0.77236,0.80165
0.2072,-0.0051226,0.0035071,0.0050412,0.020368,0.014123,0.041918,0.10546,0.24079,0.3343,0.40517,0.49333,0.5161,0.5944,0.65675,0.67717,0.73924,0.77081,0.81403
0.2073,-0.0097655,0.0035071,0.015875,0.01263,0.026505,0.032632,0.10856,0.24544,0.34049,0.40671,0.49797,0.52229,0.59749,0.6552,0.66634,0.73769,0.76926,0.81403
0.2074,-0.0066702,0.0019594,0.0019459,0.028106,0.026505,0.034179,0.1132,0.24544,0.34049,0.41136,0.5088,0.5192,0.5944,0.67222,0.66634,0.74233,0.76926,0.81558
0.2075,-0.0020273,0.0050547,0.0065888,0.015725,0.028052,0.045013,0.1132,0.23925,0.3374,0.416,0.50571,0.52075,0.58821,0.66449,0.67098,0.73769,0.7739,0.81712
0.2076,-0.0097655,0.0035071,0.0081364,0.0064395,0.020314,0.035727,0.10701,0.2346,0.34359,0.41136,0.51345,0.52075,0.56809,0.66139,0.68027,0.73305,0.78009,0.81093
0.2077,-0.023694,0.0035071,0.0065888,0.018821,0.021862,0.038822,0.10701,0.23306,0.3374,0.416,0.50107,0.52075,0.56654,0.65984,0.67408,0.73769,0.77855,0.80939
0.2078,-0.0097655,0.00815,0.0065888,0.0095347,0.017219,0.034179,0.10082,0.22841,0.33121,0.41136,0.49178,0.53158,0.57892,0.66294,0.66479,0.72841,0.7739,0.80939
0.2079,-0.012861,0.0035071,0.0050412,0.014178,0.023409,0.032632,0.10391,0.23615,0.3343,0.416,0.49487,0.52848,0.58666,0.66139,0.67408,0.72841,0.777,0.80165
0.208,-0.0066702,0.0004118,0.0081364,0.01263,0.026505,0.032632,0.1101,0.23306,0.3343,0.4129,0.48714,0.53932,0.58047,0.65211,0.66634,0.71602,0.78009,0.8001
0.2081,-0.0097655,-0.0011358,0.015875,0.015725,0.020314,0.035727,0.10701,0.23151,0.3374,0.39743,0.49797,0.52848,0.57583,0.65056,0.67562,0.72531,0.76152,0.8001
0.2082,-0.012861,-0.0011358,0.0081364,0.0079871,0.020314,0.038822,0.1101,0.2346,0.35133,0.40052,0.49952,0.52075,0.57583,0.65211,0.67562,0.73305,0.75843,0.80165
0.2083,-0.0082179,-0.0026835,0.0050412,0.018821,0.028052,0.035727,0.1101,0.22996,0.34823,0.40671,0.48868,0.51301,0.58821,0.65365,0.66634,0.74079,0.75378,0.80165
0.2084,-0.012861,0.0066024,0.0081364,0.014178,0.020314,0.038822,0.1101,0.24079,0.35133,0.41136,0.49952,0.51146,0.58666,0.66294,0.66943,0.74079,0.75997,0.80474
0.2085,-0.0097655,0.0096977,0.014327,0.0033442,0.024957,0.037275,0.11165,0.22996,0.34359,0.40826,0.5088,0.50836,0.59749,0.67687,0.67408,0.74233,0.76771,0.80319
0.2086,-0.0097655,0.0096977,0.014327,0.014178,0.024957,0.04037,0.11784,0.22841,0.34204,0.41445,0.50416,0.52229,0.5913,0.66139,0.67253,0.74698,0.77545,0.80474
0.2087,-0.015956,-0.0026835,0.0096841,0.01263,0.020314,0.029536,0.11475,0.24079,0.33585,0.41445,0.49178,0.51765,0.57737,0.65675,0.67872,0.74543,0.76771,0.81867
0.2088,-0.014408,-0.0026835,0.0034935,0.0095347,0.014123,0.038822,0.11165,0.23306,0.33585,0.4129,0.49178,0.5161,0.58357,0.65984,0.68491,0.74698,0.77855,0.82486
0.2089,-0.012861,0.00815,0.0081364,0.025011,0.015671,0.038822,0.11165,0.23151,0.34204,0.41136,0.49333,0.51301,0.59595,0.66913,0.67562,0.73924,0.77545,0.81558
0.209,-0.0082179,0.0050547,0.011232,0.01263,0.017219,0.034179,0.11475,0.22841,0.3374,0.4129,0.48868,0.50836,0.59595,0.66603,0.68027,0.73614,0.76771,0.82022
0.2091,-0.0097655,0.0035071,0.0050412,0.018821,0.023409,0.035727,0.10082,0.23151,0.3374,0.40826,0.48404,0.51455,0.58357,0.66294,0.66943,0.73305,0.77545,0.80939
0.2092,-0.0051226,-0.0042311,0.0019459,0.018821,0.018766,0.04037,0.10701,0.24079,0.33895,0.42064,0.49178,0.51146,0.5913,0.66294,0.66788,0.73769,0.76462,0.80165
0.2093,-0.014408,0.0019594,0.0019459,0.0064395,0.021862,0.037275,0.1132,0.24698,0.33585,0.42064,0.48714,0.52694,0.5944,0.65675,0.6586,0.7346,0.76307,0.80319
0.2094,-0.0097655,-0.0011358,0.0050412,0.011082,0.018766,0.034179,0.10546,0.24698,0.33895,0.42064,0.4794,0.5192,0.59595,0.65056,0.66015,0.7346,0.76152,0.80319
0.2095,-0.0066702,-0.0026835,0.0081364,0.014178,0.020314,0.038822,0.10546,0.24389,0.34359,0.41909,0.4794,0.5161,0.58976,0.6552,0.66943,0.74233,0.76152,0.81248
0.2096,-0.0066702,-0.0026835,0.0081364,0.020368,0.021862,0.038822,0.10391,0.24698,0.34049,0.42219,0.4794,0.51765,0.58666,0.65984,0.67253,0.74079,0.76462,0.80474
0.2097,-0.003575,0.0035071,0.0096841,0.014178,0.026505,0.043465,0.10701,0.24698,0.34359,0.41136,0.49178,0.51765,0.5944,0.65675,0.66943,0.74233,0.75997,0.80474
0.2098,-0.0051226,0.0096977,0.0081364,0.01263,0.0296,0.04037,0.10701,0.24698,0.35133,0.40671,0.49023,0.51765,0.58976,0.64746,0.67562,0.75007,0.76616,0.797
0.2099,-0.011313,0.00815,0.0050412,0.0095347,0.028052,0.035727,0.10856,0.24698,0.34359,0.40362,0.48404,0.52694,0.58666,0.6552,0.67253,0.75007,0.75997,0.80319
0.21,-0.00047968,0.0019594,0.0081364,0.01263,0.026505,0.035727,0.10856,0.24853,0.34204,0.40517,0.49023,0.53313,0.58511,0.6583,0.67408,0.74543,0.76771,0.80474
0.2101,-0.0097655,0.0066024,0.00039822,0.011082,0.023409,0.04037,0.1132,0.23925,0.33585,0.40362,0.49023,0.53003,0.5913,0.64901,0.67562,0.73769,0.76462,0.79391
0.2102,-0.0066702,0.0050547,0.0019459,0.021916,0.023409,0.04037,0.10701,0.24234,0.34049,0.40052,0.49333,0.52229,0.58357,0.6583,0.67098,0.73614,0.77236,0.8001
0.2103,-0.0082179,0.00815,-0.0011494,0.0095347,0.017219,0.04037,0.10701,0.23925,0.3374,0.40517,0.49333,0.5192,0.58202,0.64127,0.66788,0.74543,0.78009,0.80629
0.2104,-0.012861,0.0050547,0.00039822,0.0048918,0.024957,0.041918,0.10546,0.24389,0.33121,0.41136,0.48559,0.50991,0.5944,0.66294,0.66634,0.76091,0.77855,0.80319
0.2105,-0.0082179,0.0066024,0.0081364,0.014178,0.014123,0.034179,0.10546,0.23615,0.33895,0.4129,0.47785,0.52539,0.59904,0.65984,0.66324,0.75936,0.7739,0.79081
0.2106,-0.0082179,0.0035071,0.0019459,0.026559,0.015671,0.037275,0.10701,0.24698,0.33895,0.4129,0.48095,0.5192,0.59749,0.65675,0.66634,0.76245,0.78009,0.79855
0.2107,-0.015956,0.0004118,0.0065888,0.021916,0.017219,0.041918,0.10546,0.23925,0.33585,0.41136,0.4763,0.51455,0.59749,0.6552,0.68491,0.75936,0.77545,0.79081
0.2108,-0.003575,0.0066024,0.0034935,0.0095347,0.015671,0.04037,0.10237,0.23151,0.33895,0.40362,0.47785,0.50991,0.60833,0.66449,0.68336,0.75781,0.77236,0.78772
0.2109,-0.017504,0.00815,0.00039822,0.0064395,0.023409,0.037275,0.10237,0.24389,0.34514,0.40517,0.47476,0.52229,0.61297,0.65675,0.67562,0.74853,0.76616,0.80474
0.211,-0.019051,-0.0011358,0.0065888,0.015725,0.028052,0.035727,0.10082,0.22996,0.35597,0.40981,0.47321,0.52229,0.60678,0.66758,0.68027,0.74233,0.777,0.80165
0.2111,-0.0082179,0.0004118,0.0034935,0.018821,0.023409,0.037275,0.1101,0.23925,0.35133,0.40671,0.47785,0.51765,0.60678,0.66139,0.66788,0.74388,0.77081,0.80165
0.2112,-0.012861,-0.0011358,0.0019459,0.021916,0.018766,0.048108,0.10546,0.2346,0.35133,0.40671,0.48868,0.52384,0.59749,0.64127,0.67562,0.75007,0.76771,0.79081
0.2113,-0.014408,0.0004118,0.0050412,0.021916,0.020314,0.049656,0.10082,0.22377,0.34669,0.40362,0.49333,0.51455,0.60214,0.64901,0.67717,0.75162,0.77545,0.79391
0.2114,-0.0051226,0.0004118,0.0081364,0.018821,0.015671,0.041918,0.10546,0.23925,0.34359,0.40052,0.48249,0.51146,0.60678,0.65056,0.67253,0.75936,0.77545,0.8001
0.2115,-0.0082179,0.0019594,0.0034935,0.014178,0.021862,0.038822,0.10391,0.23925,0.35133,0.40362,0.48714,0.51455,0.60678,0.64746,0.67098,0.75626,0.76462,0.8001
0.2116,-0.014408,-0.0042311,0.0065888,0.018821,0.021862,0.037275,0.10546,0.23925,0.35597,0.40826,0.50416,0.51301,0.59749,0.6552,0.68646,0.74388,0.76616,0.79855
0.2117,-0.0097655,0.0050547,0.011232,0.01263,0.021862,0.041918,0.10546,0.23151,0.34514,0.40517,0.48868,0.50682,0.60678,0.66449,0.68491,0.74079,0.77236,0.79391
0.2118,-0.0082179,0.0019594,0.0034935,0.023464,0.023409,0.037275,0.10546,0.22996,0.3343,0.4129,0.48559,0.51455,0.60059,0.66449,0.67098,0.7346,0.76771,0.80319
0.2119,-0.0097655,-0.0042311,-0.0026971,0.023464,0.021862,0.035727,0.10701,0.22377,0.34049,0.40671,0.49023,0.52848,0.60059,0.65675,0.66943,0.72995,0.76152,0.8001
0.212,-0.0051226,-0.0011358,-0.0057923,0.014178,0.023409,0.04037,0.1101,0.22841,0.34359,0.40671,0.4763,0.52075,0.60214,0.6583,0.67098,0.73769,0.77236,0.81093
0.2121,-0.0051226,0.0035071,0.0050412,0.018821,0.015671,0.041918,0.10391,0.22222,0.35133,0.40826,0.46702,0.52229,0.59749,0.6583,0.67717,0.74233,0.77545,0.80165
0.2122,-0.003575,-0.0026835,0.0034935,0.01263,0.018766,0.041918,0.10391,0.22841,0.34359,0.40517,0.46702,0.52229,0.58976,0.64901,0.68336,0.74079,0.75843,0.79081
0.2123,-0.0082179,-0.0088741,0.0050412,0.01263,0.011028,0.031084,0.10701,0.22841,0.33895,0.40826,0.4794,0.5192,0.59285,0.65365,0.67408,0.73614,0.76152,0.79391
0.2124,-0.0020273,0.0004118,0.0065888,0.01263,0.020314,0.04037,0.10701,0.22996,0.33585,0.40517,0.48249,0.50682,0.59749,0.65675,0.66943,0.7315,0.76926,0.8001
0.2125,-0.0051226,0.0035071,0.00039822,0.014178,0.024957,0.041918,0.10391,0.22996,0.33585,0.40207,0.48559,0.50682,0.58821,0.65675,0.67253,0.7315,0.77236,0.81403
0.2126,-0.0066702,-0.0011358,0.00039822,0.0048918,0.020314,0.041918,0.10856,0.22687,0.34359,0.40517,0.48095,0.51455,0.60523,0.66758,0.66943,0.7346,0.75843,0.8001
0.2127,-0.0051226,0.0019594,0.0034935,0.01263,0.017219,0.04037,0.10391,0.2346,0.35288,0.40362,0.47476,0.50527,0.59904,0.67222,0.66479,0.7346,0.75997,0.78927
0.2128,-0.012861,0.0035071,0.00039822,0.01263,0.020314,0.034179,0.11165,0.24079,0.34359,0.41909,0.47785,0.51765,0.59904,0.67068,0.66943,0.72995,0.76771,0.79081
0.2129,-0.003575,0.0004118,0.0034935,0.0048918,0.023409,0.037275,0.10701,0.23306,0.33585,0.40981,0.48404,0.51455,0.58976,0.66449,0.67717,0.7315,0.76462,0.78927
0.213,-0.0051226,-0.0057788,0.0065888,0.018821,0.020314,0.035727,0.10391,0.22996,0.34049,0.40826,0.48559,0.51146,0.59904,0.6583,0.67562,0.7346,0.75997,0.79391
0.2131,-0.0051226,-0.0011358,0.0034935,0.020368,0.018766,0.04037,0.10237,0.2346,0.35442,0.40052,0.48559,0.51301,0.58821,0.6552,0.67408,0.74079,0.75224,0.797
0.2132,-0.0051226,-0.0026835,0.0019459,0.020368,0.014123,0.04037,0.11165,0.23151,0.34669,0.40362,0.48559,0.51455,0.57892,0.66449,0.66788,0.73614,0.76771,0.79391
0.2133,-0.0097655,-0.0026835,0.0019459,0.021916,0.018766,0.043465,0.11475,0.22687,0.33895,0.40671,0.48249,0.51765,0.58511,0.66758,0.66943,0.73305,0.77081,0.80165
0.2134,-0.00047968,-0.0088741,0.0034935,0.018821,0.018766,0.029536,0.1101,0.22841,0.35133,0.40207,0.4763,0.50217,0.59749,0.65211,0.66788,0.73305,0.777,0.79081
0.2135,-0.0020273,-0.011969,0.0065888,0.0095347,0.018766,0.029536,0.10391,0.22222,0.35133,0.39588,0.48095,0.50063,0.5913,0.65365,0.66788,0.72841,0.76771,0.797
0.2136,-0.0066702,-0.0026835,0.0081364,0.01263,0.015671,0.041918,0.10546,0.22377,0.34204,0.39743,0.47785,0.50527,0.58511,0.66139,0.66943,0.72531,0.75997,0.81403
0.2137,-0.00047968,-0.0073264,0.0081364,0.020368,0.026505,0.04037,0.10546,0.22222,0.34359,0.40207,0.47321,0.51765,0.59285,0.66603,0.66479,0.72995,0.76462,0.80939
0.2138,-0.003575,-0.0042311,0.0081364,0.021916,0.020314,0.037275,0.11475,0.22532,0.33585,0.40671,0.47011,0.51765,0.60214,0.66603,0.67098,0.72376,0.76152,0.80165
0.2139,0.001068,0.00815,0.0050412,0.021916,0.018766,0.031084,0.10856,0.22532,0.35442,0.40207,0.48559,0.5161,0.59749,0.66139,0.66943,0.72686,0.75069,0.79236
0.214,-0.0082179,0.0019594,-0.0042447,0.015725,0.021862,0.034179,0.097723,0.23151,0.35752,0.40671,0.48095,0.50836,0.60059,0.66913,0.66788,0.72222,0.74605,0.79391
0.2141,-0.012861,0.0004118,0.0081364,0.0079871,0.026505,0.04037,0.10546,0.2346,0.34514,0.40981,0.48095,0.50836,0.5913,0.67532,0.66634,0.71912,0.76152,0.79855
0.2142,-0.0082179,0.0096977,0.0065888,0.0095347,0.021862,0.038822,0.097723,0.2346,0.35752,0.41755,0.48559,0.5192,0.58976,0.66603,0.64622,0.71448,0.77081,0.80629
0.2143,-0.003575,0.0066024,0.0050412,0.0017965,0.031147,0.038822,0.099271,0.23151,0.35907,0.4129,0.48714,0.52229,0.60059,0.6583,0.64931,0.71448,0.7739,0.80784
0.2144,-0.0082179,0.0004118,0.0065888,0.011082,0.026505,0.04037,0.10856,0.22996,0.36061,0.40981,0.48714,0.51301,0.59749,0.65365,0.67562,0.72067,0.7739,0.80165
0.2145,-0.0051226,0.0019594,0.0050412,0.014178,0.018766,0.04037,0.10546,0.22687,0.34669,0.40517,0.48714,0.51301,0.59904,0.6583,0.67253,0.72067,0.75069,0.78927
0.2146,-0.0097655,0.0019594,0.0081364,0.025011,0.020314,0.04037,0.10856,0.23615,0.35133,0.40362,0.49023,0.50836,0.59595,0.66449,0.66943,0.73769,0.75224,0.79855
0.2147,-0.0066702,-0.0042311,0.0050412,0.014178,0.017219,0.037275,0.1101,0.23615,0.3668,0.40826,0.49023,0.50527,0.58357,0.65675,0.67253,0.73614,0.74914,0.79236
0.2148,-0.0097655,0.0035071,0.0034935,0.0079871,0.014123,0.034179,0.11475,0.23306,0.35133,0.40671,0.48868,0.50527,0.5913,0.65984,0.67098,0.73924,0.74605,0.78772
0.2149,-0.0066702,0.0004118,0.0096841,0.020368,0.021862,0.035727,0.11165,0.23306,0.35442,0.40207,0.49797,0.50527,0.58976,0.64591,0.66479,0.73614,0.74914,0.78927
0.215,-0.0082179,0.0035071,0.0065888,0.014178,0.024957,0.031084,0.11165,0.24234,0.34049,0.40671,0.49952,0.52075,0.58976,0.63663,0.66015,0.73614,0.75843,0.79391
0.2151,-0.0097655,-0.0011358,0.0050412,0.021916,0.018766,0.041918,0.1101,0.24079,0.3374,0.40207,0.49333,0.52229,0.57892,0.64127,0.6555,0.73769,0.74605,0.797
0.2152,-0.0066702,0.0004118,0.0065888,0.023464,0.018766,0.037275,0.10701,0.23151,0.34359,0.41445,0.49487,0.50372,0.5913,0.6227,0.65086,0.74698,0.73212,0.79236
0.2153,-0.012861,0.0004118,0.0034935,0.018821,0.026505,0.04037,0.1101,0.23306,0.34514,0.40981,0.49797,0.50991,0.58511,0.63818,0.6555,0.75162,0.7445,0.77998
0.2154,-0.0082179,-0.0026835,0.0050412,0.020368,0.023409,0.037275,0.10856,0.23306,0.3374,0.40362,0.49023,0.51146,0.58511,0.64746,0.66015,0.74543,0.7445,0.77843
0.2155,-0.0051226,0.0004118,0.0096841,0.020368,0.018766,0.037275,0.10856,0.23306,0.34204,0.4129,0.48559,0.50991,0.5944,0.66139,0.65705,0.72686,0.73057,0.78617
0.2156,-0.00047968,-0.0026835,0.0065888,0.018821,0.017219,0.032632,0.11629,0.22996,0.35133,0.40671,0.49023,0.50836,0.60523,0.64901,0.66324,0.72841,0.7445,0.79391
0.2157,0.001068,-0.0026835,0.0065888,0.011082,0.021862,0.04037,0.1101,0.24079,0.34514,0.40517,0.48868,0.50063,0.5944,0.6583,0.66479,0.7315,0.7414,0.78308
0.2158,-0.0020273,-0.0042311,0.0065888,0.0079871,0.020314,0.035727,0.10856,0.22996,0.34669,0.40826,0.49023,0.49753,0.59595,0.6583,0.65086,0.72686,0.74605,0.79081
0.2159,-0.003575,0.0019594,0.0081364,0.011082,0.021862,0.038822,0.11165,0.22532,0.33276,0.41909,0.49797,0.49753,0.60368,0.65211,0.67098,0.73769,0.75378,0.79391
0.216,-0.003575,0.0050547,0.0065888,0.0095347,0.011028,0.041918,0.1132,0.22377,0.34204,0.40981,0.48868,0.49289,0.5944,0.66294,0.67253,0.72376,0.76926,0.8001
0.2161,-0.0051226,0.0066024,0.0065888,0.014178,0.017219,0.04037,0.10701,0.23925,0.34204,0.40981,0.48868,0.50527,0.5913,0.66758,0.66788,0.71912,0.75224,0.79236
0.2162,-0.0051226,0.014341,0.0034935,0.018821,0.018766,0.035727,0.10701,0.23306,0.34359,0.41755,0.49023,0.50682,0.5944,0.65984,0.66634,0.71293,0.75378,0.79236
0.2163,-0.00047968,0.0035071,0.0081364,0.01263,0.021862,0.04037,0.11629,0.22996,0.3374,0.41445,0.48404,0.51146,0.60059,0.64591,0.67562,0.71293,0.75997,0.79081
0.2164,0.001068,0.014341,0.0065888,0.011082,0.026505,0.041918,0.1101,0.22687,0.33585,0.40671,0.4794,0.50063,0.59285,0.6552,0.67253,0.71293,0.75997,0.78927
0.2165,-0.003575,0.0019594,0.0019459,0.0064395,0.015671,0.045013,0.10237,0.22996,0.34514,0.40052,0.48404,0.50836,0.59904,0.65984,0.66479,0.70829,0.75378,0.79236
0.2166,-0.0097655,0.0035071,0.0034935,0.01263,0.018766,0.045013,0.10856,0.22841,0.34823,0.40826,0.49178,0.51301,0.58976,0.65675,0.66634,0.72222,0.75997,0.78927
0.2167,-0.015956,0.0050547,0.0096841,0.014178,0.020314,0.046561,0.10856,0.23306,0.34514,0.40362,0.49178,0.5161,0.59285,0.64901,0.67408,0.73305,0.77081,0.79855
0.2168,-0.00047968,0.0019594,0.017422,0.014178,0.021862,0.04037,0.10856,0.23925,0.3374,0.40826,0.48404,0.51765,0.59749,0.65056,0.67253,0.73924,0.74914,0.79236
0.2169,-0.0051226,0.0035071,0.0065888,0.021916,0.020314,0.046561,0.099271,0.23615,0.3374,0.40517,0.48404,0.5161,0.60368,0.6583,0.67562,0.75781,0.74759,0.78153
0.217,-0.0082179,0.0050547,0.0019459,0.023464,0.018766,0.038822,0.10391,0.23151,0.32966,0.40671,0.48249,0.50836,0.5944,0.65675,0.68027,0.74079,0.7445,0.78462
0.2171,-0.003575,0.014341,0.0034935,0.018821,0.015671,0.037275,0.1101,0.2346,0.34049,0.40207,0.48404,0.5161,0.58666,0.65056,0.68027,0.72841,0.75069,0.78153
0.2172,-0.0066702,0.0050547,0.014327,0.014178,0.018766,0.037275,0.10546,0.24544,0.34049,0.40671,0.48868,0.5192,0.58976,0.64746,0.67408,0.72376,0.75224,0.79236
0.2173,-0.0051226,-0.0057788,0.0081364,0.01263,0.020314,0.038822,0.10391,0.23615,0.34204,0.40671,0.48714,0.52694,0.59904,0.63972,0.67253,0.7346,0.74295,0.797
0.2174,-0.003575,0.0096977,0.00039822,0.026559,0.023409,0.035727,0.10082,0.22996,0.34669,0.4129,0.48868,0.51455,0.60214,0.64746,0.67098,0.73305,0.73985,0.78617
0.2175,-0.0020273,0.0096977,0.0034935,0.011082,0.018766,0.041918,0.10082,0.24079,0.3343,0.40362,0.48559,0.51455,0.59749,0.64901,0.65705,0.73305,0.7414,0.77534
0.2176,-0.0082179,0.00815,0.0034935,0.0095347,0.017219,0.04037,0.10082,0.24544,0.34049,0.40517,0.49023,0.51146,0.58976,0.65365,0.64777,0.7315,0.74295,0.77998
0.2177,-0.0051226,-0.0011358,0.0019459,0.014178,0.015671,0.034179,0.10701,0.24853,0.34049,0.40517,0.48095,0.5161,0.58666,0.64127,0.65086,0.72841,0.74759,0.78772
0.2178,-0.0020273,-0.0026835,0.0050412,0.021916,0.020314,0.027989,0.10546,0.24389,0.3374,0.40826,0.4763,0.51146,0.59595,0.65675,0.66943,0.72222,0.73985,0.78153
0.2179,-0.0020273,-0.0026835,0.0034935,0.021916,0.020314,0.038822,0.10391,0.2346,0.33585,0.41136,0.48095,0.50372,0.5944,0.65984,0.68336,0.71912,0.74759,0.78153
0.218,-0.015956,0.00815,0.0096841,0.020368,0.0296,0.045013,0.10701,0.23925,0.33276,0.41445,0.4763,0.49598,0.58666,0.6552,0.67098,0.72222,0.74759,0.77688
0.2181,-0.0097655,-0.0026835,0.0034935,0.020368,0.020314,0.041918,0.1101,0.23306,0.33121,0.40362,0.48095,0.50372,0.5913,0.65984,0.67562,0.72376,0.75224,0.78462
0.2182,-0.0097655,-0.0011358,0.0065888,0.0095347,0.020314,0.034179,0.10546,0.23925,0.33276,0.40362,0.4794,0.50682,0.58357,0.64901,0.67408,0.72531,0.75843,0.797
0.2183,-0.0066702,-0.0011358,0.014327,0.018821,0.021862,0.032632,0.10082,0.2346,0.3343,0.40517,0.48249,0.49289,0.58511,0.64901,0.67408,0.72531,0.75688,0.77998
0.2184,-0.003575,-0.0026835,0.0050412,0.01263,0.015671,0.043465,0.10237,0.23151,0.34359,0.40981,0.48868,0.50836,0.58511,0.64282,0.67408,0.71602,0.74605,0.78308
0.2185,-0.0051226,0.0050547,-0.0026971,0.020368,0.015671,0.046561,0.10546,0.23306,0.3374,0.40826,0.48714,0.50836,0.58666,0.64127,0.67872,0.72995,0.75688,0.78308
0.2186,-0.0082179,0.0050547,-0.0011494,0.01263,0.028052,0.041918,0.10546,0.24079,0.33585,0.40362,0.48095,0.50527,0.57737,0.63818,0.66634,0.74079,0.75997,0.78617
0.2187,-0.0051226,0.0035071,0.011232,0.01263,0.021862,0.04037,0.10391,0.23151,0.33895,0.40052,0.48714,0.50836,0.58511,0.63818,0.66634,0.73769,0.76616,0.78927
0.2188,-0.0020273,0.0050547,0.0019459,0.0095347,0.023409,0.038822,0.10856,0.23151,0.32192,0.39588,0.48095,0.51301,0.58666,0.64591,0.6586,0.72995,0.76771,0.797
0.2189,-0.0020273,0.00815,0.0034935,0.015725,0.020314,0.038822,0.10391,0.22841,0.33121,0.39588,0.4794,0.51146,0.58821,0.64591,0.66324,0.74079,0.76462,0.79236
0.219,-0.0066702,0.0050547,0.0034935,0.01263,0.014123,0.034179,0.10546,0.23151,0.32966,0.39278,0.47785,0.51455,0.57892,0.6552,0.66788,0.7346,0.7739,0.79391
0.2191,-0.0051226,0.0035071,0.0050412,0.020368,0.017219,0.031084,0.10546,0.22841,0.32502,0.39588,0.48559,0.52229,0.57737,0.64127,0.68027,0.72995,0.76771,0.79236
0.2192,-0.0051226,-0.0042311,0.0019459,0.014178,0.018766,0.035727,0.10856,0.24234,0.32502,0.40207,0.49333,0.5192,0.58976,0.64127,0.68027,0.71912,0.75224,0.77534
0.2193,-0.00047968,0.0066024,0.0050412,0.020368,0.024957,0.045013,0.10701,0.23306,0.3343,0.40671,0.48868,0.50991,0.58976,0.64591,0.68027,0.72531,0.74759,0.77224
0.2194,-0.0051226,0.0019594,0.0096841,0.018821,0.020314,0.04037,0.10237,0.22377,0.32966,0.40207,0.48868,0.50063,0.58511,0.64282,0.67717,0.72376,0.76926,0.77224
0.2195,-0.011313,-0.0088741,0.0019459,0.018821,0.017219,0.043465,0.10856,0.22841,0.32657,0.39743,0.48714,0.49598,0.58357,0.65056,0.66943,0.72376,0.75069,0.77534
0.2196,-0.0066702,0.0035071,0.0050412,0.018821,0.021862,0.043465,0.10856,0.22687,0.33585,0.40362,0.48249,0.50836,0.58666,0.6552,0.66169,0.7346,0.75224,0.77843
0.2197,-0.0020273,0.0035071,0.0065888,0.018821,0.021862,0.04037,0.1101,0.22841,0.3343,0.40207,0.49178,0.50836,0.58511,0.64282,0.66324,0.7315,0.74605,0.78462
0.2198,-0.0082179,-0.0026835,0.0096841,0.0079871,0.018766,0.038822,0.10856,0.22687,0.32657,0.39743,0.49178,0.51455,0.57737,0.64746,0.66788,0.7346,0.75069,0.79081
0.2199,-0.0020273,0.0050547,0.0096841,0.01263,0.015671,0.041918,0.12094,0.22996,0.32657,0.39743,0.49333,0.5161,0.58357,0.64746,0.67717,0.74388,0.74914,0.77843
0.22,-0.012861,-0.0011358,0.0019459,0.014178,0.0296,0.043465,0.10856,0.22377,0.32657,0.39898,0.50107,0.50682,0.59285,0.64282,0.67717,0.74079,0.76152,0.76296
0.2201,-0.0082179,-0.0057788,0.0065888,0.020368,0.026505,0.037275,0.10391,0.22687,0.33585,0.39898,0.49178,0.50682,0.59285,0.63663,0.67098,0.73769,0.75997,0.78153
0.2202,-0.012861,-0.0026835,0.0050412,0.018821,0.026505,0.043465,0.10701,0.22687,0.3374,0.40517,0.49487,0.50836,0.59285,0.63818,0.67253,0.73769,0.76462,0.77688
0.2203,-0.0020273,0.0066024,0.0034935,0.01263,0.014123,0.041918,0.10701,0.22996,0.33585,0.40207,0.48868,0.50527,0.58202,0.63818,0.66788,0.74853,0.75378,0.77534
0.2204,0.0026156,0.0050547,0.0019459,0.0095347,0.024957,0.04037,0.10237,0.22532,0.33121,0.40207,0.48404,0.50372,0.57737,0.64591,0.66015,0.75317,0.74914,0.76915
0.2205,-0.0066702,0.0035071,0.00039822,0.0064395,0.021862,0.037275,0.10237,0.2346,0.32811,0.39588,0.48868,0.51301,0.58511,0.63044,0.65241,0.7346,0.73831,0.79391
0.2206,-0.0097655,-0.011969,0.0096841,0.01263,0.020314,0.029536,0.10546,0.2346,0.33121,0.40052,0.49333,0.50991,0.58666,0.63199,0.6555,0.73614,0.73985,0.77998
0.2207,-0.003575,-0.0042311,0.01897,0.01263,0.024957,0.043465,0.10856,0.24079,0.33121,0.39743,0.49487,0.51455,0.58511,0.62425,0.66788,0.74543,0.73521,0.78153
0.2208,-0.003575,0.0004118,0.01897,0.0079871,0.021862,0.037275,0.11165,0.23151,0.32502,0.39743,0.49333,0.49598,0.57892,0.62734,0.66324,0.7346,0.73831,0.77688
0.2209,-0.0097655,0.0019594,0.014327,0.014178,0.0094804,0.038822,0.11165,0.22996,0.32502,0.40052,0.48559,0.50217,0.5913,0.63044,0.6555,0.7346,0.74759,0.77379
0.221,-0.017504,0.0035071,0.0065888,0.015725,0.026505,0.041918,0.10546,0.22687,0.32811,0.39278,0.48559,0.51301,0.58666,0.6227,0.6555,0.72995,0.75069,0.77688
0.2211,-0.014408,0.0050547,0.011232,0.0095347,0.018766,0.034179,0.11475,0.23306,0.32502,0.38969,0.48714,0.51765,0.58511,0.62734,0.66169,0.72376,0.74759,0.77069
0.2212,-0.012861,0.0019594,0.0034935,0.01263,0.017219,0.031084,0.10856,0.2346,0.32657,0.39433,0.48559,0.51301,0.58976,0.63353,0.67253,0.71448,0.74759,0.78153
0.2213,-0.0066702,-0.0073264,0.0019459,0.011082,0.017219,0.031084,0.10546,0.22841,0.33895,0.39743,0.48249,0.51765,0.58047,0.63818,0.66324,0.72531,0.75688,0.78927
0.2214,-0.015956,-0.0026835,0.0034935,0.018821,0.018766,0.034179,0.10701,0.23306,0.3343,0.39743,0.48249,0.50682,0.58821,0.63508,0.66634,0.73614,0.75997,0.78153
0.2215,-0.00047968,-0.0057788,0.0065888,0.01263,0.020314,0.035727,0.11629,0.23615,0.33276,0.39278,0.48404,0.50063,0.58976,0.63044,0.65396,0.73924,0.73985,0.78617
0.2216,-0.0066702,0.0004118,-0.0011494,0.014178,0.020314,0.043465,0.10701,0.23151,0.32502,0.40052,0.47785,0.50527,0.58821,0.63199,0.65396,0.73924,0.74914,0.77688
0.2217,-0.0051226,-0.0042311,0.0096841,0.021916,0.021862,0.041918,0.10856,0.23151,0.32811,0.40052,0.48249,0.51455,0.58666,0.64591,0.65241,0.73614,0.74914,0.7676
0.2218,-0.0082179,-0.0042311,0.0081364,0.020368,0.020314,0.043465,0.10856,0.23306,0.33276,0.41136,0.46856,0.50217,0.57583,0.63508,0.64312,0.7315,0.7414,0.77843
0.2219,-0.0020273,0.0066024,0.0019459,0.020368,0.018766,0.041918,0.10391,0.23151,0.33276,0.40826,0.4794,0.50217,0.58202,0.63044,0.66015,0.7346,0.75224,0.77843
0.222,-0.014408,0.0035071,0.0050412,0.018821,0.026505,0.035727,0.099271,0.2346,0.3343,0.38814,0.4763,0.50836,0.59595,0.63199,0.66324,0.72686,0.75378,0.77843
0.2221,-0.0082179,0.0035071,0.0050412,0.01263,0.021862,0.04037,0.10701,0.23151,0.3374,0.39278,0.46856,0.51765,0.5944,0.63353,0.66324,0.73305,0.75843,0.78617
0.2222,-0.0051226,0.0019594,0.0050412,0.0095347,0.018766,0.031084,0.10856,0.23151,0.3343,0.39433,0.4763,0.50217,0.58821,0.62734,0.67408,0.74388,0.75378,0.78772
0.2223,-0.0097655,0.0019594,0.0050412,0.01263,0.020314,0.037275,0.1132,0.23925,0.33585,0.39743,0.48404,0.49134,0.59749,0.62889,0.68027,0.74698,0.75069,0.79081
0.2224,-0.011313,-0.0042311,0.0096841,0.0079871,0.017219,0.043465,0.10391,0.22996,0.33276,0.40207,0.4794,0.50682,0.58511,0.63818,0.68491,0.73614,0.73985,0.77843
0.2225,-0.0066702,0.0066024,0.0065888,0.011082,0.0094804,0.031084,0.10237,0.22841,0.33121,0.40517,0.47785,0.49444,0.58357,0.63663,0.68646,0.73924,0.73521,0.77379
0.2226,-0.00047968,0.0066024,0.0096841,0.020368,0.0079328,0.034179,0.10701,0.23615,0.32502,0.40052,0.4763,0.49289,0.58357,0.63972,0.67717,0.73769,0.72747,0.77534
0.2227,-0.011313,-0.0042311,0.0065888,0.014178,0.020314,0.038822,0.11165,0.24079,0.32811,0.40207,0.47476,0.50682,0.57583,0.63972,0.67872,0.72841,0.74295,0.78462
0.2228,-0.012861,0.0035071,0.0081364,0.0095347,0.020314,0.04037,0.10856,0.23925,0.32811,0.39433,0.4763,0.50991,0.58357,0.63508,0.67408,0.71448,0.74914,0.78308
0.2229,-0.0082179,0.0019594,0.0019459,0.020368,0.020314,0.04037,0.10701,0.23925,0.32811,0.38969,0.46547,0.50682,0.57583,0.63663,0.67098,0.72531,0.76462,0.78308
0.223,-0.0051226,0.0050547,0.0050412,0.0079871,0.018766,0.043465,0.1132,0.2346,0.33121,0.39433,0.46856,0.50991,0.57892,0.63353,0.67562,0.74233,0.76771,0.77843
0.2231,-0.0097655,-0.0026835,0.0081364,0.020368,0.023409,0.045013,0.10856,0.23615,0.3374,0.39588,0.46702,0.50836,0.58511,0.63044,0.68336,0.74079,0.75688,0.77069
0.2232,-0.0066702,0.00815,0.0034935,0.020368,0.028052,0.037275,0.10391,0.23151,0.3343,0.40052,0.47166,0.50682,0.58666,0.63044,0.67253,0.73769,0.76771,0.77224
0.2233,-0.003575,0.00815,0.0096841,0.020368,0.026505,0.035727,0.10856,0.2346,0.32038,0.40362,0.47166,0.50836,0.58976,0.63044,0.66634,0.72841,0.75688,0.76915
0.2234,0.001068,0.0004118,0.0019459,0.014178,0.018766,0.031084,0.10391,0.23925,0.32966,0.40517,0.47785,0.50682,0.59595,0.63353,0.66634,0.74079,0.74295,0.77843
0.2235,-0.0020273,0.0035071,0.0065888,0.01263,0.023409,0.034179,0.10546,0.23925,0.32502,0.40517,0.47321,0.51765,0.5944,0.63972,0.66634,0.72686,0.7414,0.77534
0.2236,-0.0020273,0.014341,0.015875,0.021916,0.024957,0.038822,0.1101,0.24389,0.33276,0.40517,0.48714,0.51301,0.59595,0.63818,0.66169,0.72222,0.74605,0.76141
0.2237,-0.0082179,-0.0026835,0.0081364,0.018821,0.018766,0.041918,0.1101,0.23615,0.33585,0.39278,0.47785,0.50527,0.59904,0.63353,0.66015,0.7346,0.75378,0.76296
0.2238,-0.014408,-0.0026835,0.0096841,0.018821,0.021862,0.048108,0.11475,0.23151,0.3343,0.38969,0.46547,0.50682,0.60059,0.62889,0.67098,0.73614,0.75069,0.77843
0.2239,-0.014408,0.0066024,0.0096841,0.018821,0.020314,0.043465,0.10701,0.24853,0.34049,0.40052,0.46702,0.50991,0.60214,0.62425,0.66943,0.71912,0.74605,0.78153
0.224,-0.014408,-0.0011358,0.0096841,0.014178,0.023409,0.035727,0.10082,0.24698,0.33895,0.40052,0.46083,0.49598,0.60833,0.6227,0.66015,0.72067,0.74605,0.78772
0.2241,-0.0066702,-0.0042311,0.0096841,0.018821,0.026505,0.035727,0.10701,0.23151,0.32192,0.39588,0.46083,0.50527,0.60833,0.63044,0.65705,0.72841,0.7445,0.78153
0.2242,-0.00047968,0.0004118,0.014327,0.018821,0.021862,0.034179,0.10546,0.22687,0.31883,0.40207,0.47785,0.50991,0.60678,0.63663,0.64931,0.72995,0.7414,0.76915
0.2243,-0.0066702,0.0004118,0.0050412,0.0064395,0.021862,0.037275,0.1132,0.22532,0.33121,0.40517,0.4794,0.50682,0.60214,0.63663,0.6555,0.73614,0.74295,0.7645
0.2244,-0.0066702,-0.0026835,0.0050412,0.0079871,0.021862,0.034179,0.10701,0.23925,0.32347,0.40671,0.4763,0.50836,0.59595,0.63508,0.65705,0.72841,0.7445,0.7676
0.2245,-0.003575,0.00815,0.0081364,0.0095347,0.023409,0.035727,0.10856,0.22996,0.32657,0.40207,0.4763,0.51146,0.58976,0.63508,0.66634,0.7346,0.73831,0.77224
0.2246,-0.0082179,0.0050547,0.0019459,0.01263,0.015671,0.038822,0.10856,0.23306,0.32192,0.40207,0.47785,0.51765,0.58666,0.62425,0.66479,0.73769,0.73676,0.77379
0.2247,-0.0082179,-0.0042311,0.0019459,0.01263,0.020314,0.043465,0.10701,0.23151,0.32192,0.39433,0.47321,0.51765,0.59285,0.63353,0.66015,0.72376,0.73831,0.78153
0.2248,-0.017504,-0.0057788,0.0034935,0.014178,0.026505,0.041918,0.1132,0.22841,0.31883,0.38814,0.46392,0.50836,0.59904,0.63818,0.65086,0.73614,0.74759,0.78308
0.2249,-0.0082179,-0.0026835,0.014327,0.018821,0.018766,0.032632,0.10546,0.22687,0.30645,0.39898,0.47011,0.50991,0.5944,0.63663,0.65086,0.7315,0.73831,0.8001
0.225,-0.003575,-0.0026835,0.0096841,0.0095347,0.015671,0.035727,0.10546,0.22377,0.31883,0.39433,0.46856,0.51455,0.5913,0.64746,0.65241,0.73769,0.7414,0.797
0.2251,-0.0051226,-0.0042311,0.0034935,0.0095347,0.021862,0.04037,0.10856,0.23306,0.33276,0.39743,0.46392,0.51301,0.58511,0.64591,0.66015,0.73769,0.73985,0.8001
0.2252,-0.0082179,-0.0042311,0.0019459,0.014178,0.021862,0.04037,0.1132,0.23151,0.32192,0.39743,0.47166,0.50682,0.58357,0.64591,0.66324,0.72686,0.74295,0.80474
0.2253,-0.0097655,0.0019594,0.015875,0.014178,0.020314,0.037275,0.12094,0.22841,0.32502,0.39124,0.4763,0.51301,0.58666,0.64901,0.66634,0.71602,0.73676,0.8001
0.2254,-0.012861,0.00815,0.014327,0.018821,0.032695,0.037275,0.11165,0.22841,0.32966,0.40052,0.46702,0.51301,0.58666,0.64127,0.67253,0.72222,0.73676,0.78927
0.2255,-0.003575,0.00815,0.0065888,0.018821,0.026505,0.035727,0.10701,0.22377,0.32966,0.40826,0.46856,0.50527,0.58357,0.63972,0.67562,0.73305,0.75069,0.77843
0.2256,-0.0082179,0.0019594,0.0081364,0.018821,0.021862,0.035727,0.11165,0.22996,0.32192,0.40207,0.46856,0.50682,0.59595,0.64282,0.67253,0.72841,0.7414,0.77843
0.2257,-0.012861,0.0035071,0.0019459,0.015725,0.017219,0.029536,0.1132,0.22996,0.32657,0.41136,0.47321,0.50836,0.58666,0.63663,0.68336,0.72686,0.7414,0.79081
0.2258,-0.0066702,0.0019594,0.00039822,0.014178,0.017219,0.031084,0.1132,0.22841,0.32657,0.40517,0.47011,0.50527,0.58357,0.63663,0.67717,0.72841,0.74759,0.78462
0.2259,-0.0097655,0.0004118,0.014327,0.015725,0.014123,0.035727,0.11629,0.24234,0.33276,0.39743,0.47321,0.5161,0.56809,0.63353,0.67098,0.72531,0.7445,0.77998
0.226,-0.011313,0.0004118,0.0034935,0.021916,0.026505,0.032632,0.11784,0.23615,0.33276,0.39588,0.4794,0.52075,0.58047,0.63508,0.66788,0.72067,0.74295,0.78308
0.2261,-0.0020273,0.0035071,0.011232,0.01263,0.023409,0.037275,0.1132,0.2346,0.32966,0.40052,0.48095,0.51455,0.58202,0.63508,0.67098,0.72686,0.7445,0.78772
0.2262,-0.0051226,0.0096977,0.0096841,0.014178,0.017219,0.04037,0.11939,0.23925,0.32966,0.41136,0.4763,0.51765,0.58357,0.63353,0.67098,0.73305,0.73366,0.78153
0.2263,-0.003575,0.0035071,0.0096841,0.018821,0.017219,0.035727,0.10701,0.23306,0.32192,0.39588,0.47011,0.5192,0.58666,0.63508,0.66015,0.7315,0.73366,0.78153
0.2264,-0.0082179,0.0004118,0.0096841,0.015725,0.015671,0.04037,0.10701,0.23151,0.32966,0.40207,0.46547,0.51146,0.57583,0.63353,0.66634,0.74698,0.73985,0.78308
0.2265,-0.0097655,-0.0057788,0.0065888,0.014178,0.021862,0.035727,0.10237,0.23615,0.33276,0.39588,0.45618,0.51146,0.57583,0.63353,0.66943,0.73924,0.7445,0.79855
0.2266,-0.0020273,-0.0011358,0.0050412,0.018821,0.014123,0.038822,0.10856,0.23615,0.3343,0.39433,0.45309,0.50836,0.57583,0.64591,0.6586,0.74233,0.74914,0.78927
0.2267,-0.00047968,0.0004118,0.0034935,0.0079871,0.020314,0.031084,0.10237,0.23925,0.33121,0.40826,0.46547,0.51455,0.58357,0.63818,0.66015,0.74388,0.74759,0.78308
0.2268,-0.0082179,0.0004118,0.0034935,0.014178,0.0296,0.038822,0.10701,0.23615,0.32811,0.40207,0.47166,0.49753,0.58976,0.63663,0.67253,0.73614,0.75688,0.78308
0.2269,-0.0066702,-0.0011358,0.011232,0.01263,0.021862,0.035727,0.10856,0.22687,0.32502,0.40207,0.47166,0.50836,0.59749,0.64591,0.67098,0.72531,0.73985,0.77224
0.227,-0.003575,-0.0026835,0.0081364,0.0064395,0.024957,0.045013,0.11939,0.23615,0.32657,0.40517,0.46856,0.51301,0.5944,0.6583,0.66634,0.72531,0.73831,0.77069
0.2271,-0.00047968,0.0019594,0.0081364,0.0095347,0.021862,0.029536,0.11784,0.23925,0.32966,0.40517,0.47321,0.49753,0.58511,0.65984,0.66479,0.73305,0.74295,0.78308
0.2272,-0.0051226,0.0004118,0.0081364,0.020368,0.024957,0.035727,0.1101,0.22996,0.32657,0.40207,0.47166,0.51146,0.58821,0.64901,0.66788,0.73614,0.75997,0.77843
0.2273,-0.0051226,-0.010422,0.0034935,0.011082,0.018766,0.031084,0.11165,0.22996,0.32347,0.40052,0.4794,0.53003,0.58357,0.6552,0.67098,0.72841,0.75224,0.77224
0.2274,-0.012861,-0.010422,0.0065888,0.014178,0.020314,0.034179,0.1101,0.23306,0.32811,0.40207,0.4763,0.5192,0.59285,0.64282,0.6555,0.72995,0.76616,0.78308
0.2275,-0.014408,0.0035071,0.0050412,0.018821,0.021862,0.04037,0.11165,0.23151,0.33121,0.40671,0.47166,0.51765,0.58976,0.63663,0.66015,0.72841,0.75069,0.78308
0.2276,-0.003575,0.0019594,0.011232,0.018821,0.015671,0.029536,0.11165,0.22841,0.32502,0.40052,0.46237,0.5192,0.58821,0.63972,0.67098,0.7315,0.74759,0.77379
0.2277,-0.0020273,-0.0042311,0.0065888,0.020368,0.021862,0.034179,0.11165,0.23615,0.32657,0.39588,0.46083,0.51765,0.57428,0.65211,0.66634,0.72995,0.75069,0.77688
0.2278,-0.0082179,0.0019594,0.0034935,0.01263,0.020314,0.04037,0.10856,0.22996,0.32347,0.40207,0.45154,0.50991,0.57118,0.63663,0.68027,0.73305,0.74605,0.77843
0.2279,-0.0097655,0.0050547,0.0081364,0.014178,0.020314,0.037275,0.10701,0.23151,0.32811,0.4129,0.45154,0.50682,0.58202,0.63508,0.66788,0.7346,0.7445,0.77998
0.228,-0.0082179,0.0004118,0.0019459,0.0079871,0.021862,0.043465,0.10856,0.22687,0.32966,0.40981,0.46083,0.51301,0.57892,0.63972,0.67562,0.72841,0.75843,0.77379
0.2281,-0.0082179,0.0035071,0.0065888,0.026559,0.032695,0.034179,0.11784,0.22841,0.32038,0.40826,0.45309,0.51455,0.58047,0.64591,0.68336,0.7315,0.75378,0.77998
0.2282,-0.011313,-0.0026835,0.0034935,0.021916,0.023409,0.035727,0.12868,0.22532,0.31883,0.40362,0.45773,0.51455,0.58202,0.64901,0.67253,0.7315,0.73985,0.78462
0.2283,-0.011313,-0.0042311,0.0050412,0.021916,0.021862,0.037275,0.12403,0.22687,0.30954,0.40826,0.46237,0.51455,0.58047,0.64901,0.66788,0.7315,0.73985,0.77379
0.2284,-0.014408,0.0004118,0.00039822,0.025011,0.020314,0.035727,0.1132,0.23151,0.31883,0.4129,0.45773,0.50527,0.58047,0.63663,0.67098,0.72222,0.73676,0.77688
0.2285,-0.011313,-0.0011358,0.011232,0.020368,0.015671,0.032632,0.11165,0.24079,0.32192,0.40981,0.46237,0.50836,0.58666,0.63508,0.67562,0.72531,0.72593,0.77534
0.2286,-0.012861,0.0019594,0.0065888,0.014178,0.021862,0.04037,0.1132,0.24389,0.31419,0.40826,0.46083,0.50836,0.57737,0.63818,0.68027,0.72841,0.72593,0.77998
0.2287,-0.0082179,0.0050547,0.015875,0.0095347,0.015671,0.032632,0.11475,0.23925,0.32966,0.40981,0.45618,0.50991,0.57892,0.63044,0.67717,0.7346,0.73985,0.77534
0.2288,-0.003575,-0.0026835,0.0050412,0.021916,0.020314,0.035727,0.1132,0.2346,0.32347,0.40826,0.46856,0.51765,0.57892,0.63199,0.66788,0.72067,0.72902,0.77379
0.2289,-0.003575,0.0035071,0.015875,0.021916,0.018766,0.038822,0.1132,0.2346,0.33121,0.40052,0.47166,0.51455,0.58202,0.63663,0.66788,0.71912,0.72283,0.76915
0.229,-0.0066702,-0.0026835,0.0096841,0.020368,0.020314,0.043465,0.12249,0.23615,0.31728,0.39588,0.46392,0.50682,0.58821,0.63199,0.67098,0.72686,0.73521,0.76296
0.2291,-0.0066702,-0.0011358,0.0034935,0.020368,0.023409,0.037275,0.1132,0.23615,0.31728,0.39433,0.46083,0.50527,0.58666,0.63818,0.67717,0.7315,0.74295,0.76605
0.2292,-0.0082179,0.0066024,0.0050412,0.021916,0.023409,0.034179,0.1101,0.2346,0.32657,0.40052,0.47166,0.50991,0.58202,0.63353,0.66634,0.73305,0.75069,0.77998
0.2293,-0.003575,0.014341,0.014327,0.011082,0.021862,0.034179,0.11939,0.23925,0.32657,0.39743,0.45773,0.50682,0.58666,0.63199,0.66788,0.7315,0.75069,0.76605
0.2294,-0.0082179,0.0050547,0.0096841,0.021916,0.023409,0.034179,0.12713,0.24544,0.32966,0.39743,0.47321,0.50217,0.5944,0.63508,0.66943,0.73614,0.74759,0.76296
0.2295,-0.012861,0.0050547,0.0019459,0.018821,0.020314,0.045013,0.11939,0.23306,0.32657,0.40207,0.4763,0.50682,0.59904,0.62425,0.67098,0.73924,0.75069,0.75986
0.2296,-0.017504,0.0035071,0.0034935,0.020368,0.014123,0.041918,0.11475,0.23306,0.3343,0.39743,0.47321,0.50682,0.60059,0.62889,0.66634,0.73769,0.75069,0.76296
0.2297,-0.011313,-0.0042311,0.0096841,0.023464,0.018766,0.04037,0.12403,0.2346,0.3343,0.39433,0.4763,0.50217,0.60214,0.63353,0.6586,0.73769,0.75069,0.76915
0.2298,-0.00047968,-0.0057788,0.0065888,0.014178,0.021862,0.04037,0.11629,0.24698,0.3374,0.40517,0.47011,0.49598,0.5944,0.6258,0.66169,0.73614,0.77081,0.77224
0.2299,-0.015956,-0.0011358,0.00039822,0.018821,0.023409,0.034179,0.099271,0.24079,0.33121,0.40362,0.46392,0.49753,0.58511,0.62425,0.66788,0.73769,0.75069,0.77843
0.23,-0.0020273,0.0019594,-0.0011494,0.018821,0.023409,0.035727,0.10391,0.24389,0.32811,0.39898,0.47011,0.50836,0.58821,0.62889,0.67098,0.73614,0.72902,0.77843
0.2301,-0.003575,0.0004118,0.0050412,0.014178,0.028052,0.041918,0.10856,0.24234,0.32811,0.39898,0.46392,0.51301,0.59285,0.62889,0.67098,0.72531,0.7414,0.78617
0.2302,-0.003575,-0.0026835,0.0065888,0.011082,0.026505,0.043465,0.1132,0.24389,0.32502,0.39588,0.46856,0.50372,0.5944,0.6227,0.66788,0.72841,0.74605,0.77998
0.2303,-0.0020273,0.0050547,0.0034935,0.020368,0.032695,0.035727,0.11784,0.23615,0.32657,0.40052,0.46702,0.50836,0.58821,0.62889,0.66324,0.72995,0.74759,0.7645
0.2304,-0.0066702,0.0050547,0.0050412,0.021916,0.021862,0.029536,0.11165,0.23925,0.32347,0.39898,0.46856,0.50836,0.58511,0.6227,0.6555,0.72222,0.74759,0.74593
0.2305,-0.012861,0.0019594,-0.0026971,0.023464,0.018766,0.031084,0.11475,0.23615,0.32502,0.39743,0.46856,0.50372,0.59285,0.62425,0.66943,0.72222,0.74605,0.75677
0.2306,-0.014408,0.0019594,0.0050412,0.021916,0.020314,0.035727,0.11939,0.22996,0.32038,0.39124,0.47166,0.50991,0.58821,0.61032,0.66479,0.71293,0.74295,0.76605
0.2307,-0.003575,-0.0011358,0.00039822,0.018821,0.017219,0.029536,0.11939,0.22996,0.31883,0.40052,0.47011,0.50527,0.58357,0.6227,0.66324,0.7315,0.73985,0.75057
0.2308,-0.0051226,0.0066024,0.0050412,0.014178,0.014123,0.037275,0.12094,0.24389,0.32038,0.39743,0.47166,0.50217,0.59285,0.63044,0.66169,0.71448,0.73212,0.74748
0.2309,-0.012861,-0.0026835,0.0065888,0.018821,0.021862,0.041918,0.11939,0.24234,0.31109,0.39588,0.4763,0.50991,0.59285,0.63044,0.65241,0.71912,0.72438,0.74748
0.231,-0.0097655,0.0035071,0.0019459,0.015725,0.023409,0.043465,0.11939,0.23615,0.32192,0.40207,0.4763,0.50991,0.59749,0.62889,0.65241,0.72995,0.72438,0.7645
0.2311,-0.014408,-0.0042311,0.0081364,0.0095347,0.021862,0.045013,0.11475,0.23615,0.31419,0.39588,0.47785,0.49753,0.5913,0.63663,0.65241,0.72995,0.73366,0.76605
0.2312,-0.012861,0.0019594,0.017422,0.020368,0.018766,0.038822,0.11475,0.23151,0.32811,0.40671,0.47321,0.51146,0.58666,0.64282,0.6555,0.72995,0.72283,0.77224
0.2313,-0.014408,0.0035071,0.0019459,0.014178,0.021862,0.035727,0.11939,0.22687,0.32038,0.40207,0.48249,0.51765,0.59285,0.62889,0.65086,0.7346,0.73057,0.78308
0.2314,-0.00047968,0.0050547,0.0034935,0.0033442,0.028052,0.037275,0.12249,0.23925,0.31883,0.40207,0.47785,0.50063,0.60368,0.6196,0.64157,0.73769,0.73212,0.78617
0.2315,-0.003575,0.0019594,0.0034935,0.011082,0.018766,0.038822,0.11939,0.23151,0.32657,0.40981,0.47321,0.50217,0.59749,0.6196,0.6586,0.74079,0.72747,0.78617
0.2316,-0.0082179,-0.0011358,0.0065888,0.020368,0.018766,0.04037,0.11165,0.22532,0.32502,0.40517,0.4763,0.50991,0.58357,0.6258,0.66479,0.73924,0.74295,0.77069
0.2317,-0.0082179,-0.0011358,0.0081364,0.015725,0.014123,0.037275,0.11629,0.2346,0.32347,0.40671,0.4794,0.50372,0.58357,0.63663,0.66788,0.73614,0.72902,0.77069
0.2318,-0.0082179,-0.0042311,0.011232,0.018821,0.032695,0.041918,0.12403,0.23615,0.32038,0.40671,0.48095,0.50063,0.58511,0.63044,0.66015,0.72686,0.73366,0.77069
0.2319,-0.0082179,-0.0026835,0.0019459,0.01263,0.026505,0.038822,0.12094,0.22532,0.32192,0.39124,0.48095,0.50682,0.57737,0.62425,0.64931,0.71602,0.72593,0.76605
0.232,-0.0020273,-0.0026835,0.0019459,0.0079871,0.021862,0.04037,0.11784,0.23306,0.34049,0.39278,0.47011,0.50991,0.57892,0.6227,0.65086,0.72995,0.72902,0.77843
0.2321,-0.0051226,-0.0011358,0.0019459,0.0033442,0.026505,0.037275,0.11939,0.23615,0.3343,0.40362,0.47321,0.49753,0.58821,0.6258,0.65086,0.73769,0.72593,0.78153
0.2322,-0.003575,-0.0011358,0.00039822,0.020368,0.026505,0.035727,0.12403,0.24234,0.32657,0.40826,0.47476,0.49753,0.58357,0.6227,0.64931,0.72531,0.73985,0.77843
0.2323,-0.003575,-0.0011358,0.014327,0.020368,0.026505,0.032632,0.11784,0.23306,0.33276,0.41136,0.47785,0.50217,0.57737,0.61496,0.65705,0.72376,0.7445,0.77688
0.2324,-0.0066702,-0.0026835,0.014327,0.018821,0.015671,0.034179,0.11475,0.24389,0.32657,0.41445,0.47166,0.49134,0.58511,0.61806,0.66634,0.72531,0.73985,0.76605
0.2325,-0.0097655,0.0019594,0.0081364,0.023464,0.020314,0.048108,0.11784,0.2346,0.32502,0.40207,0.47785,0.49598,0.58821,0.62734,0.67098,0.72067,0.7414,0.75367
0.2326,-0.003575,0.0004118,0.0081364,0.015725,0.015671,0.046561,0.10701,0.24234,0.32192,0.39588,0.48095,0.49598,0.58821,0.61806,0.66943,0.72067,0.73985,0.7645
0.2327,-0.0066702,0.0050547,0.0065888,0.018821,0.021862,0.04037,0.11939,0.24544,0.32657,0.40362,0.47476,0.50836,0.57737,0.6258,0.6555,0.72067,0.73521,0.76605
0.2328,-0.014408,0.0004118,0.0081364,0.018821,0.023409,0.04037,0.11629,0.24698,0.32966,0.40362,0.46856,0.50991,0.58357,0.6258,0.6555,0.71912,0.73676,0.75212
0.2329,-0.0051226,-0.0042311,0.0050412,0.01263,0.024957,0.043465,0.11475,0.23615,0.32657,0.40207,0.47785,0.49753,0.58511,0.6258,0.66788,0.71293,0.7414,0.74903
0.233,0.0057109,0.0050547,0.0096841,0.01263,0.018766,0.035727,0.11939,0.23615,0.32657,0.39588,0.46392,0.50217,0.58666,0.6196,0.66324,0.70519,0.7445,0.75057
0.2331,-0.0051226,0.0004118,0.014327,0.018821,0.017219,0.032632,0.11165,0.23925,0.32811,0.39588,0.45773,0.50527,0.5913,0.62889,0.66479,0.69745,0.73831,0.75367
0.2332,-0.0066702,0.0004118,0.0065888,0.018821,0.023409,0.035727,0.12094,0.24389,0.33585,0.39743,0.46392,0.49444,0.58821,0.6258,0.67717,0.69745,0.7414,0.75522
0.2333,-0.012861,0.0004118,0.0065888,0.018821,0.015671,0.043465,0.1132,0.2346,0.33121,0.39743,0.46702,0.50217,0.5944,0.6196,0.67098,0.70829,0.74295,0.76141
0.2334,-0.011313,0.0019594,0.0096841,0.018821,0.017219,0.041918,0.1101,0.22377,0.32502,0.39588,0.45773,0.49753,0.59285,0.6196,0.68336,0.70983,0.73366,0.76605
0.2335,-0.0066702,-0.0042311,0.0065888,0.01263,0.020314,0.037275,0.11165,0.22687,0.32657,0.40517,0.46083,0.50836,0.5913,0.61651,0.67098,0.70364,0.73985,0.77379
0.2336,-0.0051226,-0.0026835,0.017422,0.018821,0.015671,0.04037,0.11784,0.21294,0.32192,0.40207,0.47321,0.51146,0.59904,0.62115,0.68027,0.70674,0.73676,0.76141
0.2337,-0.011313,0.0019594,0.0050412,0.0095347,0.015671,0.04037,0.12249,0.22222,0.32192,0.40517,0.47476,0.50682,0.60214,0.62889,0.67253,0.70829,0.74295,0.7645
0.2338,-0.014408,0.0050547,0.0050412,0.014178,0.026505,0.043465,0.11784,0.22532,0.32966,0.40517,0.47166,0.50527,0.60833,0.6196,0.66169,0.7021,0.73985,0.76141
0.2339,-0.0082179,-0.0011358,0.0034935,0.018821,0.017219,0.043465,0.10856,0.22532,0.32192,0.41136,0.46083,0.50682,0.60214,0.60258,0.65705,0.71138,0.7445,0.7676
0.234,-0.003575,-0.0042311,0.0096841,0.023464,0.020314,0.045013,0.11629,0.23151,0.31883,0.40517,0.47011,0.50217,0.5944,0.60877,0.66015,0.71138,0.7445,0.76605
0.2341,-0.0082179,-0.0042311,0.01897,0.021916,0.021862,0.048108,0.11939,0.23306,0.32502,0.40207,0.4763,0.49598,0.60368,0.61187,0.66943,0.70829,0.7414,0.75212
0.2342,-0.012861,0.0019594,0.0081364,0.025011,0.023409,0.04037,0.11784,0.23615,0.32502,0.40052,0.4794,0.50836,0.60678,0.6227,0.67253,0.70674,0.75843,0.7645
0.2343,-0.0066702,0.0019594,0.0034935,0.01263,0.011028,0.043465,0.12249,0.24234,0.32038,0.39124,0.47785,0.51146,0.59904,0.6227,0.67872,0.699,0.76462,0.7676
0.2344,-0.003575,0.0050547,0.0019459,0.014178,0.020314,0.04037,0.11939,0.23925,0.32502,0.39588,0.46856,0.5161,0.5913,0.63818,0.68027,0.70055,0.75378,0.77224
0.2345,-0.0082179,0.0019594,0.011232,0.020368,0.017219,0.035727,0.11165,0.22996,0.32811,0.40826,0.47166,0.50991,0.58511,0.62889,0.67408,0.7021,0.74759,0.77688
0.2346,-0.0082179,-0.0057788,0.0050412,0.020368,0.028052,0.029536,0.1132,0.23306,0.3343,0.40052,0.46547,0.49598,0.58976,0.6227,0.67253,0.70829,0.75997,0.77224
0.2347,-0.0082179,0.0035071,-0.0011494,0.0095347,0.024957,0.035727,0.11784,0.22687,0.33121,0.40826,0.45773,0.49598,0.58821,0.6227,0.68491,0.70055,0.75378,0.76296
0.2348,0.001068,-0.0011358,0.0096841,0.0079871,0.018766,0.04037,0.12094,0.22996,0.32966,0.40517,0.46856,0.49753,0.5944,0.62115,0.68336,0.71293,0.75843,0.7645
0.2349,-0.0051226,0.0019594,0.0081364,0.014178,0.021862,0.046561,0.10856,0.22067,0.31419,0.40671,0.46856,0.50527,0.59749,0.6258,0.67408,0.70983,0.76462,0.76605
0.235,-0.0020273,-0.0011358,0.0019459,0.01263,0.018766,0.045013,0.1101,0.22841,0.31728,0.40826,0.4794,0.49753,0.60678,0.62425,0.68027,0.71293,0.75997,0.77379
0.2351,-0.0020273,-0.0026835,-0.0011494,0.021916,0.015671,0.04037,0.1132,0.22377,0.32811,0.41445,0.46856,0.49134,0.60523,0.62425,0.67562,0.71602,0.75224,0.77224
0.2352,-0.0020273,0.0050547,0.0034935,0.020368,0.024957,0.041918,0.1132,0.23615,0.32811,0.40517,0.46702,0.49753,0.5913,0.62889,0.67253,0.70983,0.73985,0.7676
0.2353,-0.00047968,0.00815,0.0065888,0.025011,0.021862,0.038822,0.1132,0.22996,0.32657,0.40517,0.46547,0.50527,0.5944,0.6227,0.67408,0.70364,0.74295,0.75522
0.2354,-0.003575,0.0050547,0.0065888,0.018821,0.014123,0.04037,0.11629,0.22996,0.32966,0.41445,0.46237,0.50527,0.59749,0.63044,0.69265,0.70519,0.7445,0.7676
0.2355,-0.0020273,0.0019594,0.0096841,0.021916,0.0296,0.04037,0.1132,0.2346,0.3374,0.4129,0.45464,0.50991,0.59595,0.6196,0.68955,0.70519,0.74295,0.7645
0.2356,0.0026156,0.0035071,0.0096841,0.015725,0.0296,0.037275,0.11165,0.23151,0.33121,0.40981,0.45309,0.51146,0.59904,0.63044,0.69265,0.70983,0.73521,0.75677
0.2357,-0.0082179,-0.0026835,0.0065888,0.011082,0.023409,0.04037,0.11939,0.23306,0.33585,0.40826,0.45618,0.51765,0.59749,0.63508,0.68491,0.70983,0.7414,0.77843
0.2358,-0.015956,0.0035071,0.0050412,0.01263,0.026505,0.043465,0.10701,0.24234,0.32811,0.39588,0.46392,0.50991,0.60678,0.65056,0.68336,0.71138,0.75688,0.77534
0.2359,-0.0082179,0.0004118,0.0096841,0.01263,0.021862,0.032632,0.11165,0.2346,0.33276,0.40207,0.46083,0.50217,0.60368,0.64901,0.67408,0.70364,0.75069,0.76605
0.236,-0.003575,0.0019594,0.0081364,0.018821,0.021862,0.031084,0.1132,0.22841,0.33276,0.40826,0.45464,0.50217,0.60059,0.63044,0.66015,0.7021,0.74605,0.76915
0.2361,-0.0020273,0.0035071,0.0081364,0.0079871,0.024957,0.035727,0.10856,0.24079,0.33585,0.416,0.45154,0.50527,0.60059,0.63663,0.66479,0.69591,0.75069,0.76605
0.2362,-0.0082179,0.0004118,0.0096841,0.018821,0.021862,0.038822,0.11939,0.23306,0.33121,0.40981,0.46083,0.51146,0.5944,0.63818,0.67098,0.69745,0.76152,0.76296
0.2363,-0.012861,0.0004118,0.00039822,0.023464,0.015671,0.032632,0.1132,0.22222,0.32811,0.39743,0.45464,0.50836,0.59749,0.63044,0.67253,0.69745,0.75224,0.75986
0.2364,-0.0082179,-0.0042311,0.014327,0.023464,0.026505,0.034179,0.10856,0.21603,0.32966,0.40052,0.45154,0.50682,0.59595,0.6227,0.68027,0.699,0.74605,0.7645
0.2365,-0.0066702,-0.0042311,0.0096841,0.020368,0.026505,0.041918,0.11165,0.22532,0.32966,0.40362,0.46547,0.51301,0.59904,0.6196,0.6911,0.7021,0.75069,0.77069
0.2366,-0.003575,-0.0073264,0.015875,0.018821,0.026505,0.045013,0.10856,0.22067,0.34049,0.40671,0.45464,0.50372,0.60523,0.6227,0.68955,0.69745,0.74759,0.77224
0.2367,-0.0051226,-0.0057788,0.0096841,0.020368,0.014123,0.035727,0.1101,0.22532,0.33585,0.41136,0.44999,0.49444,0.60059,0.63972,0.68646,0.69745,0.7414,0.7645
0.2368,-0.0066702,-0.0011358,0.0050412,0.014178,0.014123,0.037275,0.1132,0.23151,0.32966,0.40362,0.45309,0.49444,0.60214,0.63199,0.67253,0.7021,0.7445,0.77379
0.2369,-0.0097655,-0.0026835,0.011232,0.020368,0.017219,0.035727,0.11629,0.22996,0.32657,0.41136,0.46392,0.49598,0.61142,0.61651,0.67098,0.69126,0.73985,0.76605
0.237,-0.00047968,-0.011969,0.0081364,0.018821,0.023409,0.041918,0.1132,0.22841,0.33585,0.40517,0.46237,0.50217,0.60368,0.61806,0.66634,0.69281,0.74914,0.7645
0.2371,-0.0051226,-0.0057788,0.0065888,0.018821,0.020314,0.034179,0.11165,0.22067,0.33121,0.40207,0.46392,0.50372,0.60833,0.6196,0.66324,0.69281,0.7445,0.76296
0.2372,-0.0082179,0.0019594,0.0096841,0.021916,0.017219,0.034179,0.11784,0.23151,0.3343,0.40671,0.46392,0.51146,0.60368,0.63199,0.66324,0.699,0.73985,0.7645
0.2373,-0.0082179,-0.010422,0.014327,0.018821,0.015671,0.029536,0.11784,0.22996,0.32811,0.40517,0.45773,0.51146,0.61297,0.62889,0.6586,0.7021,0.73831,0.77224
0.2374,-0.0082179,-0.0011358,0.015875,0.01263,0.020314,0.04037,0.12403,0.22996,0.32192,0.40207,0.45309,0.51455,0.60368,0.63199,0.66169,0.699,0.73212,0.7676
0.2375,-0.017504,-0.0011358,0.00039822,0.018821,0.020314,0.041918,0.11475,0.23615,0.32502,0.39588,0.44535,0.50991,0.58511,0.6258,0.65086,0.70364,0.73057,0.76296
0.2376,-0.014408,0.0035071,0.0050412,0.0079871,0.020314,0.035727,0.11475,0.23925,0.3343,0.39278,0.45154,0.50217,0.59285,0.62425,0.64312,0.70364,0.73521,0.75522
0.2377,-0.012861,0.0004118,0.0050412,0.0033442,0.026505,0.032632,0.1132,0.23306,0.31883,0.39743,0.46083,0.50682,0.59595,0.63508,0.6586,0.70519,0.72902,0.76141
0.2378,-0.0097655,0.0019594,0.0081364,0.014178,0.024957,0.029536,0.11939,0.22996,0.31728,0.40207,0.46083,0.50217,0.59904,0.63353,0.66943,0.71448,0.73057,0.75677
0.2379,0.0026156,0.0004118,0.014327,0.018821,0.020314,0.038822,0.11939,0.23151,0.32502,0.39588,0.46237,0.50372,0.59595,0.64127,0.66479,0.7021,0.7414,0.75212
0.238,-0.003575,-0.0026835,0.017422,0.01263,0.023409,0.037275,0.11165,0.2346,0.32657,0.38969,0.46547,0.49444,0.59904,0.63972,0.6586,0.69591,0.7445,0.75677
0.2381,-0.003575,-0.0011358,0.0065888,0.018821,0.017219,0.034179,0.11165,0.2346,0.32811,0.39588,0.46856,0.4836,0.58821,0.63199,0.6555,0.69745,0.7414,0.76296
0.2382,-0.003575,-0.0011358,0.0096841,0.014178,0.026505,0.037275,0.11475,0.22996,0.32657,0.39898,0.45773,0.49444,0.58976,0.63199,0.66479,0.69281,0.73521,0.75367
0.2383,-0.0020273,-0.0026835,0.00039822,0.020368,0.024957,0.032632,0.11629,0.23925,0.32038,0.39743,0.45154,0.49598,0.59595,0.63508,0.66015,0.68971,0.73212,0.75057
0.2384,-0.0066702,-0.0057788,0.00039822,0.018821,0.020314,0.04037,0.1101,0.24544,0.32502,0.39433,0.45773,0.49289,0.60059,0.63199,0.66324,0.70519,0.7414,0.75212
0.2385,-0.0097655,-0.0057788,0.0050412,0.011082,0.023409,0.037275,0.10701,0.24079,0.32657,0.39433,0.46702,0.50217,0.59285,0.63972,0.66015,0.70983,0.73985,0.74748
0.2386,-0.015956,-0.0042311,0.014327,0.014178,0.0296,0.031084,0.10701,0.23151,0.32811,0.39743,0.45464,0.49289,0.58821,0.63663,0.65241,0.69745,0.73057,0.75057
0.2387,-0.014408,-0.0026835,0.017422,0.0095347,0.020314,0.041918,0.1132,0.23306,0.32192,0.40052,0.46547,0.48979,0.58511,0.62889,0.67098,0.69745,0.74295,0.74438
0.2388,-0.014408,-0.0042311,0.00039822,0.0048918,0.020314,0.043465,0.12249,0.22996,0.32811,0.40671,0.45464,0.48979,0.58047,0.63353,0.66788,0.699,0.7445,0.73974
0.2389,-0.0051226,0.0050547,0.0050412,0.018821,0.020314,0.041918,0.11939,0.22841,0.33276,0.40517,0.45154,0.49134,0.57583,0.63353,0.66324,0.7021,0.73985,0.73974
0.239,0.001068,0.0019594,0.020518,0.0048918,0.021862,0.034179,0.11475,0.23925,0.32657,0.40052,0.45309,0.48979,0.58666,0.63353,0.66324,0.70983,0.72902,0.74284
0.2391,-0.003575,-0.0042311,0.015875,0.018821,0.018766,0.038822,0.11475,0.24079,0.32038,0.39433,0.46237,0.50063,0.57737,0.62889,0.66788,0.71138,0.73676,0.74903
0.2392,-0.0051226,-0.0042311,0.0034935,0.023464,0.014123,0.04037,0.1132,0.24079,0.32502,0.39278,0.47476,0.50836,0.57428,0.63199,0.66324,0.70055,0.73676,0.74903
0.2393,-0.0082179,0.0019594,0.0034935,0.023464,0.028052,0.037275,0.11475,0.2346,0.32811,0.39278,0.46547,0.50682,0.56809,0.64127,0.66169,0.70055,0.74605,0.74129
0.2394,-0.0020273,0.0019594,0.0065888,0.018821,0.020314,0.035727,0.10856,0.22996,0.32038,0.39588,0.46856,0.50217,0.56964,0.63818,0.65396,0.70055,0.7414,0.74284
0.2395,-0.003575,-0.0026835,0.0065888,0.018821,0.023409,0.037275,0.11165,0.23306,0.32811,0.39588,0.46856,0.49444,0.56964,0.62889,0.66015,0.69436,0.73521,0.75677
0.2396,-0.012861,-0.0057788,0.0065888,0.018821,0.023409,0.038822,0.10856,0.23615,0.32502,0.39124,0.46083,0.50682,0.58357,0.62425,0.67098,0.69745,0.72747,0.75212
0.2397,-0.012861,-0.0042311,0.01897,0.018821,0.020314,0.038822,0.11165,0.24079,0.32657,0.39898,0.45773,0.50682,0.58202,0.62734,0.66943,0.69436,0.71045,0.75212
0.2398,-0.0097655,-0.0011358,0.017422,0.015725,0.028052,0.038822,0.11784,0.24853,0.33121,0.39743,0.46237,0.50217,0.57428,0.63508,0.66169,0.69745,0.712,0.75057
0.2399,-0.0082179,-0.0042311,0.0081364,0.020368,0.023409,0.035727,0.1132,0.24389,0.32192,0.39743,0.45773,0.49444,0.58511,0.62889,0.66015,0.69745,0.73676,0.75522
0.24,-0.0066702,-0.0088741,0.0096841,0.020368,0.018766,0.032632,0.11629,0.24234,0.31728,0.39278,0.46083,0.49134,0.58511,0.64127,0.66169,0.69126,0.74295,0.76296
0.2401,-0.0097655,-0.0026835,0.01897,0.01263,0.021862,0.04037,0.12094,0.23615,0.32502,0.3835,0.46856,0.49134,0.58511,0.63508,0.65705,0.69436,0.74605,0.74903
0.2402,-0.011313,0.0019594,0.022065,0.011082,0.026505,0.037275,0.1132,0.24234,0.32038,0.38969,0.47011,0.48979,0.57428,0.62425,0.66169,0.68817,0.7445,0.74593
0.2403,-0.0082179,0.0050547,0.011232,0.018821,0.021862,0.034179,0.11629,0.24234,0.31573,0.39433,0.46856,0.49289,0.56964,0.6196,0.66479,0.68662,0.73985,0.75677
0.2404,-0.0051226,0.0035071,0.0096841,0.020368,0.020314,0.037275,0.11475,0.23925,0.31573,0.40207,0.46702,0.49134,0.57583,0.6258,0.6586,0.68662,0.7414,0.76141
0.2405,-0.0051226,-0.0011358,0.0096841,0.014178,0.021862,0.034179,0.11475,0.22532,0.31419,0.40207,0.47321,0.50063,0.58047,0.6196,0.66479,0.67424,0.7414,0.75522
0.2406,-0.0020273,-0.0073264,0.015875,0.021916,0.015671,0.04037,0.10856,0.23306,0.31883,0.39588,0.4794,0.49289,0.58202,0.63199,0.66015,0.67888,0.7414,0.74593
0.2407,-0.00047968,-0.0026835,0.0096841,0.020368,0.017219,0.04037,0.10856,0.24389,0.32811,0.40052,0.47321,0.48825,0.58976,0.63508,0.66479,0.69436,0.7445,0.74593
0.2408,-0.0097655,0.0050547,0.0081364,0.023464,0.014123,0.037275,0.11165,0.2346,0.32192,0.39124,0.46392,0.49134,0.58357,0.64282,0.66634,0.69591,0.7445,0.74593
0.2409,-0.0082179,0.0096977,0.011232,0.020368,0.023409,0.046561,0.11784,0.24234,0.32966,0.39898,0.46702,0.50372,0.58357,0.63663,0.67098,0.68971,0.74759,0.77069
0.241,-0.0066702,0.0004118,0.017422,0.0095347,0.023409,0.043465,0.1132,0.24698,0.32657,0.39588,0.46547,0.50063,0.58202,0.62425,0.6555,0.68971,0.74759,0.75522
0.2411,-0.003575,-0.0073264,0.0096841,0.014178,0.011028,0.04037,0.11939,0.23151,0.32192,0.39433,0.47011,0.50372,0.5913,0.63353,0.64157,0.70674,0.73985,0.75367
0.2412,-0.0066702,-0.0026835,0.0065888,0.0095347,0.017219,0.031084,0.11165,0.23306,0.32657,0.40207,0.46547,0.50836,0.57892,0.6227,0.63848,0.699,0.74295,0.76605
0.2413,-0.00047968,0.0035071,0.014327,0.014178,0.015671,0.041918,0.10701,0.24234,0.33121,0.39278,0.46083,0.50372,0.58202,0.61806,0.6555,0.69281,0.74295,0.77069
0.2414,-0.0020273,0.0004118,0.0065888,0.021916,0.018766,0.04037,0.11784,0.23925,0.33276,0.40207,0.46237,0.49598,0.58202,0.6196,0.64777,0.69436,0.7445,0.76141
0.2415,-0.0020273,0.0019594,0.014327,0.025011,0.020314,0.037275,0.1132,0.23925,0.33276,0.39898,0.46547,0.49444,0.58357,0.63508,0.64931,0.68352,0.75224,0.75986
0.2416,-0.0097655,0.0004118,0.0034935,0.01263,0.024957,0.034179,0.11939,0.23925,0.32502,0.39898,0.46392,0.49598,0.56499,0.63199,0.64777,0.68662,0.75843,0.7645
0.2417,-0.003575,0.00815,0.0019459,0.01263,0.014123,0.043465,0.1101,0.24234,0.32657,0.40207,0.45773,0.48825,0.56809,0.63663,0.64003,0.68662,0.74605,0.76141
0.2418,-0.0097655,-0.0011358,0.0019459,0.01263,0.015671,0.045013,0.11475,0.23615,0.32657,0.40207,0.45464,0.49444,0.58976,0.64282,0.63384,0.68352,0.7445,0.74593
0.2419,-0.0082179,-0.0026835,0.0019459,0.018821,0.020314,0.041918,0.11629,0.24698,0.32038,0.40052,0.45618,0.48825,0.58821,0.64591,0.64157,0.68507,0.76152,0.74284
0.242,-0.0051226,0.0035071,0.0065888,0.025011,0.018766,0.04037,0.11939,0.24698,0.32192,0.39433,0.45773,0.48515,0.57428,0.63508,0.63538,0.69126,0.75843,0.74748
0.2421,-0.015956,0.0066024,0.0050412,0.011082,0.024957,0.035727,0.12094,0.25008,0.32347,0.38969,0.46547,0.4836,0.57892,0.63044,0.65086,0.699,0.75224,0.75677
0.2422,-0.0097655,-0.0011358,0.0050412,0.011082,0.021862,0.04037,0.11784,0.24389,0.32192,0.38969,0.46702,0.49134,0.57583,0.63199,0.66015,0.699,0.75224,0.76296
0.2423,-0.0066702,-0.0042311,0.015875,0.01263,0.021862,0.034179,0.1132,0.24698,0.32502,0.39588,0.44999,0.48979,0.58976,0.63508,0.64777,0.68817,0.75378,0.77069
0.2424,-0.0020273,0.0019594,0.0050412,0.021916,0.026505,0.032632,0.11629,0.22996,0.32347,0.39588,0.44225,0.4867,0.58976,0.63199,0.63693,0.67269,0.76307,0.77534
0.2425,-0.012861,0.0050547,0.0034935,0.020368,0.018766,0.035727,0.10546,0.23306,0.32038,0.39588,0.45154,0.48825,0.58357,0.6258,0.63693,0.68817,0.75688,0.76141
0.2426,-0.0066702,0.0019594,0.0065888,0.020368,0.021862,0.04037,0.10856,0.23151,0.32502,0.39124,0.45309,0.49444,0.59749,0.62889,0.64622,0.69745,0.75997,0.76296
0.2427,-0.011313,-0.0011358,0.017422,0.011082,0.028052,0.037275,0.11165,0.23306,0.32192,0.39433,0.44999,0.49753,0.59285,0.63508,0.64312,0.67733,0.76771,0.76141
0.2428,-0.0020273,0.0019594,0.0034935,0.018821,0.021862,0.04037,0.1132,0.22996,0.33121,0.40052,0.45309,0.49444,0.58821,0.64127,0.64931,0.67888,0.76307,0.7676
0.2429,-0.0066702,0.0019594,0.0096841,0.01263,0.015671,0.037275,0.11939,0.22687,0.33121,0.38814,0.45309,0.50063,0.58666,0.64901,0.65086,0.68817,0.76152,0.75367
0.243,-0.0066702,0.0050547,0.0065888,0.018821,0.015671,0.034179,0.11784,0.2346,0.33121,0.39278,0.45618,0.49598,0.57737,0.63972,0.64777,0.68507,0.75843,0.75986
0.2431,-0.003575,0.0004118,0.0096841,0.020368,0.020314,0.04037,0.1132,0.23306,0.33585,0.39743,0.45154,0.49753,0.58047,0.64282,0.65705,0.68352,0.7445,0.76915
0.2432,-0.0082179,0.0050547,0.014327,0.028106,0.021862,0.037275,0.1132,0.22687,0.32657,0.38969,0.44999,0.49753,0.57583,0.63663,0.6586,0.67424,0.73831,0.76605
0.2433,-0.017504,0.0019594,0.0050412,0.021916,0.026505,0.04037,0.1101,0.23306,0.31883,0.39124,0.45773,0.49598,0.56964,0.63199,0.66015,0.67733,0.74295,0.76296
0.2434,-0.0097655,0.0019594,0.0081364,0.026559,0.023409,0.04037,0.1132,0.22841,0.32502,0.38969,0.45618,0.48205,0.56809,0.63663,0.65241,0.68817,0.7414,0.75367
0.2435,-0.0051226,-0.0057788,0.0065888,0.018821,0.024957,0.035727,0.11629,0.2346,0.31419,0.39433,0.44535,0.49444,0.56345,0.6258,0.65241,0.69126,0.7445,0.75212
0.2436,-0.0051226,-0.0026835,0.0019459,0.020368,0.020314,0.035727,0.11784,0.2346,0.31728,0.39433,0.46083,0.49444,0.56809,0.62889,0.6586,0.68507,0.74605,0.76605
0.2437,-0.0082179,-0.0011358,0.0065888,0.011082,0.026505,0.035727,0.11939,0.24389,0.32502,0.3835,0.46547,0.48825,0.58202,0.6227,0.65396,0.68817,0.74759,0.77069
0.2438,-0.0020273,-0.0057788,0.0034935,0.01263,0.028052,0.04037,0.12094,0.24389,0.31728,0.3835,0.46702,0.49753,0.57892,0.62889,0.6586,0.68971,0.74295,0.76915
0.2439,-0.003575,-0.0073264,0.0081364,0.023464,0.020314,0.04037,0.11784,0.24698,0.32347,0.39124,0.47166,0.50527,0.56964,0.6196,0.64777,0.67269,0.73985,0.7645
0.244,-0.0051226,0.0035071,0.0096841,0.01263,0.020314,0.04037,0.12094,0.2346,0.32347,0.40517,0.47011,0.50836,0.56964,0.60722,0.64157,0.67888,0.76152,0.77534
0.2441,-0.015956,-0.0026835,0.0019459,0.0095347,0.021862,0.043465,0.11629,0.2346,0.32038,0.39588,0.47011,0.49289,0.57737,0.60877,0.64157,0.67888,0.74605,0.77534
0.2442,-0.014408,-0.0011358,0.0065888,0.014178,0.017219,0.031084,0.1101,0.24079,0.33585,0.38814,0.46083,0.49134,0.56809,0.61651,0.65705,0.67579,0.73676,0.77069
0.2443,-0.0082179,-0.0011358,0.0050412,0.011082,0.017219,0.031084,0.11165,0.23925,0.32811,0.3835,0.46702,0.50217,0.56499,0.61187,0.65241,0.68198,0.74605,0.77688
0.2444,-0.0097655,-0.0088741,0.011232,0.018821,0.018766,0.034179,0.11629,0.23306,0.32502,0.38195,0.46547,0.50836,0.55416,0.61341,0.66015,0.68971,0.74759,0.77534
0.2445,-0.012861,0.0050547,0.0081364,0.015725,0.020314,0.04037,0.10546,0.23925,0.31883,0.3835,0.46083,0.50063,0.56345,0.62115,0.6555,0.69126,0.7445,0.77534
0.2446,-0.015956,0.014341,0.0050412,0.01263,0.018766,0.037275,0.11165,0.2346,0.32502,0.39124,0.46237,0.49134,0.56654,0.6227,0.65396,0.68507,0.7414,0.77534
0.2447,-0.023694,0.00815,0.0065888,0.0079871,0.023409,0.04037,0.11165,0.24853,0.33585,0.3835,0.46547,0.49753,0.57118,0.61341,0.6555,0.68817,0.7414,0.76296
0.2448,-0.014408,0.0019594,0.00039822,0.018821,0.014123,0.035727,0.11165,0.25163,0.32657,0.38195,0.46392,0.50527,0.57583,0.61341,0.6555,0.68507,0.73676,0.76296
0.2449,-0.0020273,0.0066024,-0.0011494,0.01263,0.018766,0.038822,0.10237,0.24234,0.32966,0.3835,0.46237,0.5161,0.57118,0.61187,0.64622,0.68352,0.72128,0.77224
0.245,-0.0051226,-0.0026835,0.0065888,0.011082,0.023409,0.041918,0.10391,0.23306,0.32811,0.3804,0.46083,0.50991,0.57118,0.62425,0.64312,0.69281,0.72283,0.77379
0.2451,-0.012861,0.0050547,0.0050412,0.014178,0.024957,0.048108,0.10546,0.23925,0.32811,0.39588,0.45773,0.50991,0.56499,0.62115,0.66169,0.69281,0.72593,0.7645
0.2452,-0.0082179,0.0066024,0.011232,0.014178,0.017219,0.04037,0.1101,0.24079,0.33121,0.39278,0.46392,0.51765,0.57118,0.62115,0.6586,0.68971,0.73521,0.76141
0.2453,-0.0051226,0.00815,0.017422,0.018821,0.023409,0.038822,0.1132,0.23306,0.33121,0.39124,0.46083,0.51146,0.57583,0.63044,0.6586,0.68817,0.72902,0.76141
0.2454,-0.003575,0.0004118,0.0081364,0.023464,0.014123,0.04037,0.12094,0.23925,0.32657,0.39433,0.46547,0.51301,0.56345,0.62889,0.66788,0.68198,0.7445,0.75677
0.2455,-0.012861,-0.0057788,-0.0011494,0.01263,0.018766,0.043465,0.1132,0.24079,0.32811,0.39433,0.46083,0.51765,0.56035,0.62425,0.66943,0.69126,0.74295,0.76296
0.2456,-0.017504,0.0066024,0.0081364,0.025011,0.021862,0.04037,0.11165,0.23615,0.33585,0.39898,0.46237,0.50991,0.56654,0.6227,0.67253,0.69281,0.73212,0.76915
0.2457,-0.014408,0.0035071,0.0096841,0.018821,0.021862,0.038822,0.10856,0.24389,0.3343,0.39278,0.46856,0.50527,0.57118,0.61651,0.66479,0.68352,0.73366,0.77224
0.2458,-0.0051226,-0.0011358,0.0034935,0.011082,0.023409,0.034179,0.1132,0.24544,0.32811,0.39898,0.47011,0.50217,0.56964,0.61806,0.66324,0.68662,0.73676,0.7645
0.2459,-0.0051226,0.0050547,0.0019459,0.028106,0.020314,0.037275,0.11784,0.24853,0.33276,0.39743,0.46392,0.50836,0.5619,0.62425,0.66015,0.67424,0.72902,0.75522
0.246,-0.0082179,-0.0073264,0.0034935,0.025011,0.020314,0.04037,0.11475,0.25008,0.3343,0.39433,0.46547,0.49753,0.5619,0.6196,0.66324,0.67424,0.73985,0.7676
0.2461,-0.014408,0.0035071,0.0019459,0.018821,0.028052,0.04037,0.11475,0.25163,0.33585,0.39433,0.46702,0.50836,0.57428,0.62115,0.66169,0.68352,0.73366,0.77224
0.2462,-0.0097655,0.0019594,-0.0026971,0.01263,0.021862,0.038822,0.11629,0.24234,0.33121,0.39433,0.46856,0.50372,0.57118,0.62889,0.6586,0.66805,0.73366,0.7645
0.2463,-0.014408,0.0004118,0.00039822,0.021916,0.0296,0.032632,0.12249,0.24389,0.33895,0.38969,0.46237,0.51455,0.57118,0.61341,0.66015,0.66805,0.72747,0.77224
0.2464,-0.003575,0.0004118,0.0050412,0.021916,0.017219,0.034179,0.11784,0.23925,0.3343,0.39278,0.46392,0.50836,0.57428,0.60722,0.6555,0.67888,0.72128,0.77534
0.2465,-0.012861,-0.0011358,0.0065888,0.021916,0.028052,0.037275,0.1101,0.24389,0.32966,0.38659,0.46547,0.50063,0.56499,0.61341,0.6586,0.67579,0.72128,0.78308
0.2466,-0.0097655,0.0066024,0.015875,0.020368,0.017219,0.035727,0.1132,0.25318,0.32811,0.39124,0.46083,0.49289,0.57428,0.60877,0.66479,0.67424,0.72128,0.77534
0.2467,-0.0097655,0.0050547,0.014327,0.011082,0.011028,0.038822,0.10856,0.25318,0.32502,0.39124,0.46083,0.50527,0.57737,0.61341,0.6555,0.69126,0.72902,0.77998
0.2468,-0.014408,-0.0011358,0.0034935,0.00024889,0.026505,0.034179,0.1132,0.25782,0.33276,0.38659,0.46702,0.5192,0.58202,0.61496,0.65396,0.68662,0.72902,0.77688
0.2469,-0.003575,-0.0011358,0.00039822,0.011082,0.020314,0.04037,0.12094,0.25627,0.33276,0.38814,0.46856,0.5161,0.57737,0.61651,0.66324,0.68971,0.71509,0.78153
0.247,-0.0082179,0.0066024,0.0065888,0.023464,0.015671,0.043465,0.10856,0.25163,0.32347,0.40052,0.46083,0.50527,0.58202,0.61187,0.65241,0.68507,0.7089,0.77224
0.2471,0.001068,0.0035071,0.0050412,0.01263,0.021862,0.04037,0.10856,0.25163,0.32502,0.39278,0.46237,0.49753,0.57737,0.61496,0.65396,0.68198,0.712,0.77379
0.2472,-0.0097655,0.0019594,0.011232,0.018821,0.018766,0.037275,0.10546,0.25008,0.32192,0.39433,0.46237,0.50063,0.57118,0.60877,0.66479,0.68352,0.712,0.77534
0.2473,-0.003575,-0.0026835,0.011232,0.0095347,0.018766,0.032632,0.1132,0.23615,0.3343,0.39124,0.46237,0.51301,0.57583,0.61341,0.66788,0.68198,0.72438,0.76915
0.2474,-0.011313,-0.0042311,0.0034935,0.015725,0.021862,0.035727,0.12249,0.24234,0.3343,0.39124,0.45309,0.51301,0.56345,0.60877,0.66479,0.68817,0.72747,0.7645
0.2475,-0.0051226,0.0019594,-0.0057923,0.018821,0.020314,0.037275,0.11165,0.25008,0.33121,0.39124,0.45618,0.5161,0.57118,0.60258,0.66015,0.699,0.73831,0.77379
0.2476,-0.0097655,0.0035071,0.017422,0.0095347,0.020314,0.04037,0.11784,0.25008,0.3374,0.3835,0.46237,0.51455,0.58511,0.60413,0.65705,0.68817,0.73212,0.79236
0.2477,0.001068,0.0035071,0.014327,0.0064395,0.028052,0.035727,0.11629,0.24079,0.32347,0.38659,0.46392,0.51146,0.58821,0.59794,0.65705,0.699,0.72747,0.78927
0.2478,-0.0066702,0.00815,0.00039822,0.014178,0.014123,0.037275,0.11629,0.23615,0.32966,0.39124,0.47011,0.50836,0.56964,0.61806,0.64157,0.699,0.73831,0.77688
0.2479,-0.012861,-0.0026835,0.0065888,0.020368,0.018766,0.045013,0.11165,0.24389,0.33121,0.39433,0.46856,0.51455,0.56809,0.62425,0.63693,0.68971,0.72747,0.75677
0.248,-0.0097655,-0.0088741,0.014327,0.021916,0.023409,0.034179,0.11165,0.23925,0.33276,0.38195,0.46237,0.51455,0.56964,0.61187,0.64931,0.68198,0.72902,0.7676
0.2481,-0.012861,-0.0042311,0.014327,0.020368,0.024957,0.038822,0.11475,0.24698,0.33276,0.39124,0.46392,0.51765,0.56809,0.60413,0.65241,0.69281,0.73521,0.76605
0.2482,-0.0082179,0.0035071,0.017422,0.0095347,0.023409,0.035727,0.11475,0.24698,0.33121,0.38814,0.46856,0.5192,0.57118,0.61496,0.65241,0.68507,0.73057,0.77069
0.2483,-0.003575,0.0035071,0.014327,0.015725,0.020314,0.034179,0.11165,0.24389,0.33276,0.3835,0.46083,0.51765,0.57118,0.60722,0.66324,0.69281,0.72283,0.76141
0.2484,-0.00047968,0.0050547,0.0096841,0.018821,0.024957,0.032632,0.12094,0.23925,0.33121,0.39278,0.45773,0.5192,0.56654,0.60258,0.66324,0.69281,0.72283,0.76605
0.2485,-0.003575,-0.0042311,0.01897,0.018821,0.015671,0.035727,0.1132,0.23306,0.32502,0.39278,0.45464,0.53003,0.57118,0.6196,0.66634,0.67269,0.72902,0.77379
0.2486,-0.0066702,0.0019594,0.0034935,0.021916,0.017219,0.037275,0.11629,0.23151,0.32502,0.39278,0.45154,0.5161,0.57583,0.61651,0.67253,0.69126,0.72747,0.77688
0.2487,-0.0066702,0.0004118,0.0019459,0.025011,0.018766,0.029536,0.11939,0.24389,0.32811,0.38969,0.46237,0.5192,0.57737,0.60258,0.67253,0.69745,0.73212,0.77534
0.2488,-0.0097655,-0.0026835,-0.0011494,0.014178,0.018766,0.027989,0.10856,0.24079,0.32966,0.40052,0.45309,0.52229,0.5619,0.60103,0.66324,0.699,0.73057,0.77843
0.2489,-0.0097655,0.0019594,0.0081364,0.018821,0.023409,0.038822,0.11629,0.24234,0.32811,0.38969,0.45618,0.52075,0.56654,0.60103,0.66015,0.69126,0.74759,0.77534
0.249,-0.0097655,0.0035071,0.015875,0.0079871,0.021862,0.035727,0.11784,0.2346,0.3343,0.3835,0.45154,0.52539,0.57118,0.60722,0.66324,0.68971,0.75224,0.79081
0.2491,-0.012861,-0.0011358,0.01897,0.0079871,0.021862,0.035727,0.1132,0.24079,0.32966,0.39433,0.46547,0.52848,0.56654,0.60258,0.66324,0.69591,0.75378,0.78153
0.2492,-0.0082179,0.0019594,0.014327,0.01263,0.020314,0.034179,0.10856,0.24079,0.31573,0.38814,0.45773,0.53003,0.58357,0.60258,0.66634,0.68352,0.75224,0.78153
0.2493,-0.0097655,-0.0042311,0.020518,0.018821,0.018766,0.035727,0.11629,0.24698,0.31419,0.39278,0.46083,0.52384,0.56809,0.60722,0.66169,0.68817,0.75843,0.77224
0.2494,-0.0082179,0.0019594,0.0050412,0.0033442,0.023409,0.035727,0.12403,0.24234,0.32038,0.39124,0.45154,0.5192,0.58202,0.61032,0.66169,0.67888,0.75843,0.76605
0.2495,-0.011313,0.0035071,0.0081364,0.0079871,0.023409,0.037275,0.12249,0.24234,0.32192,0.39124,0.45154,0.51146,0.56964,0.60722,0.65086,0.68817,0.74605,0.76141
0.2496,-0.0097655,-0.0042311,0.014327,0.01263,0.018766,0.041918,0.11784,0.24079,0.33121,0.38814,0.46547,0.52229,0.57428,0.60413,0.66015,0.7021,0.74295,0.75677
0.2497,-0.0082179,0.0019594,0.0081364,0.011082,0.017219,0.035727,0.11939,0.24698,0.33585,0.39433,0.46856,0.52384,0.57118,0.60103,0.64931,0.69745,0.74295,0.7645
0.2498,0.001068,0.0035071,0.015875,0.01263,0.018766,0.029536,0.13022,0.24698,0.33276,0.39124,0.46547,0.5161,0.56964,0.59639,0.6586,0.68971,0.7414,0.77688
0.2499,-0.0082179,0.0050547,0.0096841,0.014178,0.021862,0.031084,0.12868,0.23615,0.32966,0.40052,0.45309,0.50372,0.57583,0.60103,0.66788,0.68662,0.74295,0.77843
0.25,-0.014408,0.0019594,0.0034935,0.014178,0.021862,0.034179,0.1101,0.23306,0.32657,0.40207,0.45309,0.50991,0.57892,0.60877,0.66324,0.69126,0.73521,0.7676
0.2501,-0.0066702,0.0035071,0.0065888,0.0095347,0.018766,0.032632,0.11784,0.23151,0.32192,0.39588,0.44999,0.52539,0.58047,0.60877,0.66479,0.69591,0.75224,0.76605
0.2502,-0.0097655,-0.0011358,0.011232,0.0017965,0.014123,0.043465,0.13022,0.22841,0.32038,0.39433,0.46392,0.52848,0.57118,0.59639,0.65241,0.68971,0.75224,0.77224
0.2503,-0.0082179,0.0004118,0.0034935,0.01263,0.018766,0.034179,0.1132,0.23306,0.31728,0.38969,0.45773,0.5192,0.57737,0.5871,0.65086,0.69591,0.74605,0.7676
0.2504,-0.012861,-0.0011358,0.011232,0.015725,0.015671,0.035727,0.10856,0.23615,0.32657,0.38969,0.46856,0.51301,0.58202,0.59639,0.6586,0.69126,0.73831,0.77069
0.2505,-0.012861,-0.0011358,0.0081364,0.015725,0.023409,0.038822,0.1132,0.2346,0.32502,0.40052,0.46392,0.50836,0.57583,0.59639,0.66788,0.68971,0.7445,0.76605
0.2506,-0.003575,-0.0011358,0.0081364,0.014178,0.015671,0.038822,0.10546,0.23925,0.32038,0.38969,0.47011,0.51301,0.57583,0.60722,0.66788,0.68817,0.73676,0.76141
0.2507,-0.0097655,0.00815,0.0081364,0.01263,0.015671,0.031084,0.11784,0.23151,0.31883,0.38195,0.45618,0.51765,0.56964,0.59639,0.6586,0.69436,0.7414,0.77224
0.2508,-0.017504,0.0035071,0.0050412,0.018821,0.021862,0.026441,0.1132,0.22687,0.32192,0.37886,0.46237,0.51146,0.56499,0.59794,0.6555,0.699,0.73985,0.7676
0.2509,-0.014408,-0.0011358,0.0081364,0.018821,0.031147,0.034179,0.11165,0.22841,0.33121,0.38659,0.46237,0.5161,0.57737,0.59949,0.66479,0.68352,0.73831,0.76915
0.251,-0.0066702,0.0004118,0.0065888,0.01263,0.017219,0.034179,0.10856,0.23306,0.3343,0.39278,0.45618,0.5161,0.57892,0.60722,0.66634,0.68817,0.74759,0.75212
0.2511,-0.0082179,0.0096977,0.0065888,0.018821,0.018766,0.035727,0.1101,0.23615,0.33121,0.39898,0.46237,0.51455,0.56809,0.60877,0.66324,0.69745,0.7445,0.76915
0.2512,-0.011313,0.0004118,0.014327,0.018821,0.020314,0.034179,0.1132,0.23151,0.31728,0.39278,0.46083,0.50217,0.56654,0.61032,0.66015,0.70055,0.73985,0.76296
0.2513,-0.0097655,-0.0026835,0.0065888,0.01263,0.020314,0.037275,0.10546,0.22067,0.32502,0.40052,0.45464,0.50527,0.55571,0.59949,0.65705,0.70829,0.74295,0.75367
0.2514,-0.0097655,-0.0026835,0.0019459,0.01263,0.021862,0.035727,0.10701,0.23151,0.32657,0.40052,0.44999,0.49598,0.57118,0.59794,0.66169,0.70983,0.74759,0.75677
0.2515,-0.015956,-0.0026835,0.00039822,0.021916,0.020314,0.04037,0.10391,0.23615,0.32192,0.40052,0.46083,0.49598,0.57737,0.59329,0.66634,0.69745,0.76152,0.75367
0.2516,-0.0097655,-0.0073264,0.0081364,0.015725,0.026505,0.034179,0.10082,0.22996,0.32192,0.39278,0.45618,0.50527,0.57428,0.61187,0.66015,0.68971,0.74759,0.76605
0.2517,-0.0051226,-0.0011358,0.0019459,0.014178,0.026505,0.032632,0.10701,0.23925,0.32657,0.40052,0.45773,0.50682,0.57892,0.61032,0.66324,0.69745,0.74759,0.77069
0.2518,-0.019051,0.0004118,0.0050412,0.021916,0.018766,0.034179,0.10856,0.23306,0.32192,0.38659,0.45309,0.50991,0.57428,0.59949,0.66479,0.68198,0.74295,0.76296
0.2519,-0.0051226,-0.0026835,0.0081364,0.020368,0.021862,0.034179,0.12094,0.23615,0.32038,0.3804,0.46702,0.51301,0.5619,0.60103,0.6555,0.69281,0.74914,0.7676
0.252,0.0057109,-0.0088741,0.015875,0.014178,0.023409,0.032632,0.10856,0.23306,0.32502,0.3835,0.46856,0.50836,0.57118,0.61187,0.64777,0.70829,0.76152,0.7645
0.2521,-0.0082179,-0.010422,0.014327,0.018821,0.026505,0.034179,0.10701,0.22687,0.33276,0.39124,0.47166,0.52848,0.57428,0.61341,0.64157,0.70055,0.75224,0.77379
0.2522,-0.0082179,-0.0011358,0.0065888,0.015725,0.021862,0.037275,0.10701,0.22377,0.3343,0.39124,0.46392,0.5192,0.57428,0.60877,0.64777,0.69436,0.74914,0.7676
0.2523,-0.0066702,0.0004118,0.0081364,0.014178,0.018766,0.034179,0.11784,0.22841,0.32966,0.38814,0.46392,0.51301,0.56499,0.61032,0.64003,0.69281,0.74759,0.77069
0.2524,-0.0051226,0.0019594,0.0081364,0.018821,0.014123,0.027989,0.1132,0.23306,0.32192,0.3835,0.46547,0.51455,0.5619,0.61187,0.65396,0.70055,0.75997,0.77069
0.2525,-0.0082179,-0.0026835,0.0096841,0.018821,0.026505,0.032632,0.11939,0.2346,0.32811,0.3835,0.46856,0.52075,0.56654,0.59949,0.65086,0.7021,0.76152,0.77224
0.2526,-0.014408,0.0004118,0.0065888,0.0079871,0.017219,0.034179,0.12094,0.22067,0.32657,0.38814,0.46547,0.5192,0.56499,0.59329,0.64777,0.69436,0.74295,0.76296
0.2527,-0.0097655,-0.0073264,0.0050412,0.01263,0.018766,0.035727,0.11475,0.22222,0.32966,0.39433,0.46856,0.51301,0.56035,0.58091,0.64312,0.68507,0.7445,0.7645
0.2528,-0.015956,-0.0011358,0.0019459,0.01263,0.020314,0.037275,0.11475,0.2346,0.32502,0.39124,0.47166,0.51146,0.5588,0.58246,0.64003,0.69126,0.74759,0.74748
0.2529,-0.0051226,-0.0026835,0.0050412,0.018821,0.015671,0.038822,0.1132,0.2346,0.32811,0.39124,0.46702,0.51455,0.57583,0.58865,0.62919,0.68507,0.7414,0.74748
0.253,-0.0082179,-0.0011358,0.0034935,0.015725,0.021862,0.031084,0.10701,0.23151,0.32502,0.3804,0.46702,0.5192,0.57118,0.60258,0.62919,0.67888,0.73985,0.73974
0.2531,-0.0051226,-0.010422,0.0034935,0.021916,0.023409,0.035727,0.1132,0.23615,0.32502,0.38814,0.46547,0.5192,0.56654,0.60722,0.64003,0.68198,0.73831,0.74593
0.2532,-0.017504,-0.0026835,0.0034935,0.014178,0.014123,0.038822,0.11939,0.2346,0.31883,0.37576,0.46547,0.52075,0.56964,0.59794,0.64312,0.67888,0.73366,0.74748
0.2533,-0.014408,0.0066024,0.0065888,0.011082,0.0094804,0.041918,0.11475,0.22996,0.31728,0.3804,0.46392,0.53158,0.56499,0.59949,0.63693,0.67269,0.73831,0.76605
0.2534,-0.0082179,0.0019594,0.0050412,0.011082,0.026505,0.037275,0.1132,0.23306,0.31883,0.39278,0.46237,0.52075,0.56809,0.60258,0.64157,0.66805,0.7445,0.7645
0.2535,-0.0097655,0.0004118,0.0065888,0.018821,0.026505,0.032632,0.1132,0.23306,0.32038,0.39278,0.47321,0.51146,0.57118,0.61032,0.64157,0.6696,0.74295,0.75677
0.2536,-0.0097655,-0.0011358,0.0019459,0.01263,0.024957,0.034179,0.10546,0.23151,0.32811,0.40052,0.47011,0.5192,0.57428,0.59329,0.64931,0.66186,0.72902,0.75677
0.2537,-0.0097655,0.0050547,0.0081364,0.0095347,0.021862,0.035727,0.1132,0.23306,0.32347,0.38814,0.46392,0.50991,0.56654,0.59484,0.64931,0.67114,0.73212,0.76605
0.2538,-0.0097655,0.0004118,0.015875,0.0064395,0.020314,0.035727,0.12249,0.23151,0.32811,0.39278,0.45773,0.51146,0.56809,0.60103,0.6555,0.67114,0.7414,0.74593
0.2539,-0.0097655,0.0019594,0.011232,0.0079871,0.0296,0.031084,0.1101,0.22687,0.32966,0.38969,0.45618,0.51146,0.56964,0.60413,0.64931,0.6696,0.7445,0.74748
0.254,-0.0020273,0.0066024,0.011232,0.0095347,0.018766,0.027989,0.1132,0.23306,0.33895,0.38195,0.46237,0.5161,0.56499,0.5871,0.64777,0.68198,0.7445,0.75057
0.2541,-0.012861,0.0019594,0.0050412,0.018821,0.015671,0.029536,0.1101,0.23151,0.33121,0.38195,0.45773,0.51146,0.58202,0.5871,0.63693,0.67114,0.75224,0.76296
0.2542,-0.015956,-0.0026835,0.011232,0.020368,0.017219,0.032632,0.10546,0.22532,0.32502,0.38659,0.46083,0.51301,0.57583,0.59639,0.65705,0.66031,0.75843,0.75986
0.2543,-0.0097655,-0.0073264,0.0081364,0.023464,0.014123,0.032632,0.1132,0.22841,0.32038,0.38814,0.45773,0.51301,0.56809,0.61341,0.66015,0.67269,0.75378,0.74748
0.2544,-0.014408,-0.0042311,0.0050412,0.0064395,0.0079328,0.029536,0.10546,0.23151,0.31728,0.39588,0.45464,0.51301,0.57583,0.61496,0.65241,0.66805,0.74605,0.74748
0.2545,-0.0097655,0.0019594,0.0050412,0.014178,0.014123,0.035727,0.1101,0.22377,0.32192,0.37731,0.45154,0.50991,0.57428,0.61806,0.66634,0.67114,0.74295,0.74593
0.2546,-0.012861,0.0050547,0.0050412,0.025011,0.018766,0.034179,0.11165,0.21913,0.32192,0.37731,0.44225,0.50063,0.5619,0.61341,0.66634,0.67888,0.75224,0.74438
0.2547,-0.0066702,0.0004118,0.0065888,0.023464,0.018766,0.034179,0.1101,0.22687,0.31883,0.37731,0.4469,0.50991,0.57583,0.62115,0.66324,0.68507,0.74605,0.74284
0.2548,-0.003575,-0.0026835,0.0019459,0.014178,0.026505,0.032632,0.11165,0.23151,0.32502,0.37576,0.45154,0.50836,0.56499,0.61341,0.6555,0.67424,0.75069,0.73974
0.2549,-0.0066702,-0.0026835,0.014327,0.01263,0.023409,0.035727,0.12249,0.23306,0.31728,0.3835,0.45154,0.5192,0.5588,0.59794,0.65241,0.67579,0.76462,0.74438
0.255,-0.0051226,-0.0057788,0.0034935,0.023464,0.026505,0.034179,0.12094,0.23306,0.31728,0.36957,0.45309,0.51765,0.55261,0.60413,0.64931,0.66805,0.74605,0.73665
0.2551,-0.0082179,-0.0011358,0.0019459,0.0095347,0.023409,0.031084,0.11939,0.2346,0.32038,0.37421,0.45309,0.51301,0.56345,0.61187,0.63848,0.67269,0.73831,0.74748
0.2552,-0.0097655,-0.0026835,0.0050412,0.011082,0.023409,0.035727,0.11784,0.23925,0.31419,0.37421,0.44845,0.52694,0.56499,0.60877,0.64157,0.68198,0.73985,0.75367
0.2553,-0.0082179,0.0004118,0.0065888,0.015725,0.026505,0.04037,0.11165,0.22841,0.32192,0.38195,0.4469,0.53467,0.55726,0.60722,0.64777,0.67269,0.73676,0.76296
0.2554,-0.0082179,0.0019594,0.0050412,0.011082,0.018766,0.034179,0.11629,0.22532,0.32811,0.38195,0.44225,0.51455,0.56345,0.60877,0.65241,0.67269,0.73057,0.75367
0.2555,-0.0097655,-0.0042311,0.0050412,0.01263,0.023409,0.031084,0.1132,0.22687,0.32811,0.38195,0.45309,0.51146,0.56654,0.60877,0.64003,0.67269,0.7414,0.74903
0.2556,-0.0020273,-0.0042311,0.0019459,0.021916,0.020314,0.029536,0.11939,0.23306,0.32502,0.37886,0.45154,0.5192,0.56809,0.61496,0.65396,0.67114,0.75069,0.74438
0.2557,-0.0020273,-0.0057788,0.0034935,0.01263,0.024957,0.027989,0.11939,0.23151,0.32811,0.37886,0.45154,0.52075,0.5619,0.6196,0.66169,0.67888,0.74605,0.74593
0.2558,-0.0082179,0.0035071,0.015875,0.01263,0.023409,0.031084,0.1132,0.22687,0.3343,0.37112,0.45618,0.51765,0.55261,0.61806,0.6555,0.67424,0.73676,0.74748
0.2559,-0.0097655,0.0096977,0.0065888,0.020368,0.021862,0.024894,0.11629,0.22532,0.32811,0.3835,0.44225,0.52075,0.55416,0.61496,0.66015,0.67114,0.73676,0.76141
0.256,-0.0082179,0.0019594,0.014327,0.020368,0.0296,0.020251,0.11629,0.23151,0.33121,0.37267,0.44535,0.52848,0.55571,0.61651,0.66324,0.68198,0.7414,0.76296
0.2561,-0.0097655,0.0035071,0.0096841,0.020368,0.023409,0.024894,0.1132,0.24079,0.32811,0.37421,0.45773,0.52694,0.55416,0.61496,0.64312,0.67269,0.73366,0.75057
0.2562,-0.0082179,0.0004118,-0.0011494,0.021916,0.021862,0.029536,0.11165,0.22996,0.32502,0.3835,0.45154,0.51765,0.56654,0.61496,0.64312,0.67269,0.74759,0.75367
0.2563,-0.0082179,-0.013517,0.0034935,0.018821,0.028052,0.037275,0.11475,0.22841,0.31109,0.38195,0.44225,0.51146,0.56035,0.61496,0.63848,0.67424,0.75378,0.76141
0.2564,-0.0082179,-0.0026835,0.0050412,0.018821,0.024957,0.035727,0.1101,0.22532,0.32347,0.39278,0.4438,0.51455,0.55106,0.61806,0.63693,0.67269,0.75997,0.74748
0.2565,-0.014408,0.0050547,0.0019459,0.020368,0.018766,0.027989,0.11165,0.22532,0.32192,0.38814,0.4438,0.51301,0.54178,0.61496,0.64777,0.68662,0.76307,0.75677
0.2566,-0.014408,-0.0042311,0.0034935,0.020368,0.021862,0.031084,0.11165,0.22841,0.31728,0.39433,0.43606,0.50836,0.55106,0.6227,0.64622,0.67269,0.76616,0.76296
0.2567,-0.0097655,-0.0042311,0.0019459,0.023464,0.026505,0.043465,0.10391,0.22996,0.31883,0.38969,0.43916,0.51301,0.56035,0.61341,0.63538,0.67424,0.7445,0.75986
0.2568,-0.0097655,0.0004118,0.00039822,0.020368,0.014123,0.035727,0.11475,0.23306,0.32657,0.38969,0.4469,0.51455,0.55726,0.60258,0.63693,0.68198,0.73985,0.76296
0.2569,-0.012861,0.011245,0.0034935,0.015725,0.026505,0.038822,0.1101,0.24234,0.32192,0.39433,0.44535,0.5192,0.55106,0.60722,0.65241,0.67269,0.73521,0.75367
0.257,-0.014408,0.0035071,0.0096841,0.018821,0.024957,0.027989,0.11475,0.24389,0.31883,0.38969,0.4469,0.52848,0.54487,0.60413,0.64157,0.67424,0.73831,0.7676
0.2571,-0.014408,0.0004118,0.0065888,0.023464,0.018766,0.035727,0.10856,0.23306,0.31883,0.38195,0.44225,0.52694,0.54797,0.60413,0.65086,0.67888,0.74295,0.76605
0.2572,-0.0097655,-0.011969,0.014327,0.026559,0.020314,0.035727,0.11475,0.23151,0.31883,0.38814,0.44071,0.52384,0.55261,0.61341,0.65705,0.68198,0.7414,0.76296
0.2573,-0.011313,-0.0011358,0.0050412,0.018821,0.024957,0.029536,0.11475,0.23306,0.32502,0.38195,0.45309,0.53003,0.54333,0.61806,0.6555,0.67888,0.73985,0.7645
0.2574,-0.0082179,0.0004118,0.0081364,0.0064395,0.023409,0.035727,0.11784,0.23306,0.32502,0.39278,0.44535,0.52694,0.54178,0.62425,0.65396,0.67424,0.7414,0.74284
0.2575,-0.0097655,0.0019594,0.0034935,0.0095347,0.020314,0.034179,0.10856,0.23306,0.33121,0.38814,0.46083,0.52075,0.54642,0.6227,0.65086,0.67888,0.75843,0.74129
0.2576,-0.0082179,-0.0042311,0.0034935,0.020368,0.024957,0.034179,0.10701,0.22687,0.32657,0.39124,0.46237,0.52539,0.55416,0.61806,0.65086,0.68198,0.76616,0.74903
0.2577,-0.0082179,0.0019594,0.0019459,0.023464,0.028052,0.04037,0.11165,0.23306,0.32502,0.3804,0.46237,0.5192,0.55261,0.61496,0.6555,0.6696,0.74295,0.75522
0.2578,-0.014408,0.0004118,0.0019459,0.011082,0.020314,0.034179,0.11165,0.24544,0.33121,0.38814,0.45618,0.50836,0.56035,0.61806,0.66324,0.66186,0.73985,0.74438
0.2579,-0.0082179,0.0004118,0.0019459,0.01263,0.026505,0.034179,0.1132,0.24389,0.32966,0.39743,0.45773,0.51455,0.56345,0.61651,0.66479,0.6665,0.74605,0.74748
0.258,0.001068,-0.0026835,0.0050412,0.015725,0.023409,0.032632,0.10701,0.23615,0.32811,0.38969,0.45154,0.52384,0.56809,0.61496,0.66015,0.68352,0.75378,0.75986
0.2581,-0.003575,-0.0042311,0.0034935,0.011082,0.020314,0.029536,0.10701,0.24698,0.32657,0.3835,0.46083,0.52229,0.55726,0.61651,0.6555,0.68352,0.75997,0.75677
0.2582,-0.0051226,0.0004118,0.0096841,0.020368,0.021862,0.029536,0.099271,0.23306,0.33121,0.37576,0.45618,0.52075,0.56345,0.60877,0.65241,0.68662,0.74605,0.76296
0.2583,-0.0082179,-0.0042311,0.0065888,0.025011,0.018766,0.04037,0.1101,0.22996,0.32192,0.38195,0.45618,0.5161,0.54797,0.60413,0.65086,0.68198,0.73676,0.77224
0.2584,-0.003575,0.0035071,0.00039822,0.014178,0.023409,0.035727,0.1101,0.22996,0.32038,0.3835,0.45773,0.52075,0.54952,0.61651,0.65086,0.68198,0.74295,0.75986
0.2585,-0.0066702,-0.0011358,0.0034935,0.014178,0.023409,0.034179,0.10391,0.23306,0.32966,0.38659,0.45773,0.51301,0.56035,0.61496,0.64157,0.67579,0.75378,0.77224
0.2586,-0.0051226,0.0050547,0.0034935,0.020368,0.021862,0.031084,0.10701,0.23151,0.32038,0.37731,0.45464,0.50682,0.54952,0.61032,0.64777,0.67888,0.74914,0.76141
0.2587,-0.0097655,0.0035071,0.0065888,0.018821,0.021862,0.031084,0.10701,0.22996,0.31728,0.36493,0.45464,0.51301,0.55571,0.59639,0.64777,0.68971,0.75997,0.75212
0.2588,-0.014408,0.0050547,0.00039822,0.018821,0.026505,0.037275,0.10546,0.22687,0.32811,0.38969,0.45618,0.51146,0.55261,0.59794,0.65705,0.68971,0.75224,0.7676
0.2589,-0.0066702,0.0066024,0.0065888,0.01263,0.020314,0.038822,0.10701,0.22841,0.3343,0.38659,0.46392,0.52229,0.55726,0.61187,0.64931,0.68352,0.73985,0.7676
0.259,-0.0066702,-0.0042311,0.0019459,0.0095347,0.020314,0.04037,0.10856,0.23306,0.32811,0.37267,0.46392,0.51455,0.55106,0.61032,0.64312,0.66805,0.74295,0.74903
0.2591,-0.014408,-0.0088741,0.0019459,0.014178,0.020314,0.035727,0.10237,0.22841,0.32347,0.37421,0.46237,0.51146,0.55261,0.60413,0.65086,0.68507,0.74759,0.74593
0.2592,-0.017504,0.0004118,0.0034935,0.014178,0.024957,0.037275,0.10082,0.22687,0.33276,0.3835,0.45309,0.5161,0.55416,0.59639,0.63693,0.68817,0.7414,0.75367
0.2593,-0.003575,0.0019594,-0.0026971,0.015725,0.0296,0.038822,0.10701,0.23151,0.32811,0.37421,0.45154,0.52075,0.56345,0.60258,0.64777,0.68817,0.74605,0.75677
0.2594,-0.0097655,0.0035071,0.0050412,0.020368,0.031147,0.029536,0.10701,0.22532,0.32502,0.36338,0.45309,0.52539,0.56345,0.59949,0.64157,0.68971,0.74759,0.75986
0.2595,-0.0097655,0.0004118,0.014327,0.014178,0.017219,0.034179,0.10701,0.22841,0.32811,0.37112,0.45309,0.52848,0.56499,0.60413,0.63848,0.69281,0.74295,0.75522
0.2596,-0.011313,0.0019594,0.0034935,0.018821,0.020314,0.038822,0.10546,0.22996,0.32657,0.36957,0.45154,0.51765,0.55726,0.60722,0.65705,0.70519,0.73366,0.76296
0.2597,-0.0066702,0.0050547,-0.0011494,0.014178,0.020314,0.034179,0.10701,0.23925,0.32502,0.37731,0.45464,0.50991,0.55106,0.60103,0.66324,0.69126,0.73985,0.75367
0.2598,-0.0066702,0.0019594,0.0050412,0.0079871,0.015671,0.035727,0.1101,0.23151,0.32038,0.37731,0.4469,0.50372,0.56345,0.60103,0.65241,0.69591,0.73831,0.75367
0.2599,-0.0051226,0.00815,0.0034935,0.011082,0.020314,0.035727,0.11475,0.22996,0.32192,0.3804,0.4469,0.48979,0.56654,0.60258,0.6555,0.70364,0.74295,0.75986
0.26,-0.0082179,0.0066024,0.00039822,0.023464,0.023409,0.038822,0.10237,0.22841,0.32192,0.3835,0.45309,0.49753,0.5588,0.60877,0.66169,0.69126,0.7414,0.77069
0.2601,-0.0097655,0.014341,-0.0026971,0.018821,0.0296,0.04037,0.10546,0.22841,0.32347,0.38659,0.45773,0.50217,0.55571,0.60413,0.6586,0.69436,0.74914,0.76141
0.2602,-0.003575,0.0050547,0.0034935,0.011082,0.028052,0.032632,0.10856,0.23615,0.32038,0.38195,0.47011,0.49134,0.55571,0.61651,0.66015,0.68817,0.74605,0.75522
0.2603,-0.0082179,-0.0057788,0.0096841,0.011082,0.011028,0.035727,0.10391,0.23925,0.31728,0.38814,0.46702,0.49753,0.56345,0.61806,0.65241,0.7021,0.73831,0.76141
0.2604,-0.011313,0.0004118,0.0050412,0.020368,0.021862,0.032632,0.10082,0.24234,0.32966,0.37421,0.45154,0.50063,0.55261,0.61806,0.64003,0.699,0.75069,0.7676
0.2605,-0.0020273,0.011245,0.00039822,0.01263,0.021862,0.032632,0.10391,0.23925,0.32657,0.37421,0.4469,0.49753,0.55571,0.6227,0.6555,0.69591,0.7414,0.75677
0.2606,0.0026156,0.0096977,0.0019459,0.020368,0.021862,0.037275,0.10391,0.2346,0.32657,0.37421,0.45309,0.49753,0.56499,0.61651,0.6586,0.69281,0.73985,0.75522
0.2607,0.0041632,-0.0026835,0.0065888,0.021916,0.018766,0.035727,0.11784,0.23306,0.32811,0.38195,0.44999,0.49598,0.56035,0.61651,0.66324,0.69745,0.73676,0.75057
0.2608,-0.0051226,0.0004118,0.014327,0.023464,0.020314,0.034179,0.10856,0.22841,0.32192,0.38814,0.45309,0.49444,0.54952,0.59949,0.66788,0.699,0.73366,0.76915
0.2609,-0.0051226,-0.0011358,0.0065888,0.025011,0.024957,0.035727,0.10082,0.23306,0.32038,0.38195,0.44535,0.48979,0.55571,0.59949,0.67253,0.699,0.7414,0.75057
0.261,-0.0082179,0.0096977,0.0034935,0.015725,0.018766,0.035727,0.11784,0.23925,0.32192,0.37421,0.4469,0.49598,0.55726,0.60413,0.67253,0.699,0.7414,0.74593
0.2611,-0.0082179,0.0066024,0.0050412,0.0079871,0.023409,0.04037,0.11784,0.23306,0.31728,0.38969,0.43606,0.49289,0.55571,0.60258,0.66788,0.70055,0.73985,0.75212
0.2612,-0.014408,0.0004118,0.0034935,0.0079871,0.023409,0.032632,0.11629,0.23306,0.31573,0.37886,0.42987,0.49289,0.56035,0.60877,0.66015,0.69745,0.72747,0.75212
0.2613,-0.017504,0.0004118,0.0050412,0.01263,0.026505,0.032632,0.10391,0.23306,0.31419,0.38195,0.44071,0.50217,0.5588,0.60722,0.66479,0.68198,0.73057,0.75367
0.2614,-0.011313,-0.0026835,0.0019459,0.01263,0.026505,0.04037,0.10546,0.22532,0.31883,0.3835,0.45464,0.50372,0.55106,0.60722,0.65705,0.69745,0.73676,0.74903
0.2615,-0.003575,-0.0011358,0.0050412,0.015725,0.015671,0.041918,0.10701,0.22687,0.31883,0.38814,0.46083,0.51455,0.55726,0.61187,0.6586,0.699,0.73676,0.76141
0.2616,-0.0051226,0.0004118,0.0096841,0.021916,0.015671,0.037275,0.10391,0.2346,0.32502,0.39124,0.46237,0.51146,0.55726,0.60877,0.66015,0.68507,0.72593,0.75367
0.2617,-0.017504,-0.0026835,0.0034935,0.01263,0.023409,0.032632,0.10391,0.2346,0.32811,0.39278,0.45154,0.50372,0.5588,0.60258,0.66788,0.68507,0.72747,0.74593
0.2618,-0.0082179,0.0035071,0.0050412,0.015725,0.024957,0.031084,0.10546,0.23615,0.32502,0.39124,0.4469,0.51146,0.55261,0.61496,0.66479,0.67733,0.7414,0.74284
0.2619,-0.0066702,0.0066024,0.015875,0.020368,0.021862,0.027989,0.10546,0.22841,0.31728,0.38195,0.4438,0.50372,0.55571,0.59949,0.67098,0.67424,0.73676,0.73665
0.262,-0.0051226,0.0035071,0.0050412,0.018821,0.026505,0.032632,0.10082,0.22222,0.31883,0.36957,0.4438,0.5192,0.56035,0.60258,0.66943,0.67114,0.73212,0.74903
0.2621,-0.00047968,-0.0026835,0.0034935,0.01263,0.026505,0.037275,0.10856,0.23151,0.31883,0.3804,0.44535,0.51301,0.55571,0.61651,0.66634,0.68662,0.73057,0.74748
0.2622,-0.0097655,-0.0011358,0.00039822,0.020368,0.020314,0.04037,0.10856,0.22222,0.32038,0.37731,0.45618,0.50991,0.5619,0.61651,0.66479,0.68198,0.72902,0.74438
0.2623,-0.0020273,-0.0011358,0.0050412,0.01263,0.031147,0.037275,0.10701,0.22067,0.31883,0.36957,0.44535,0.50372,0.56345,0.61187,0.67253,0.68662,0.74605,0.73665
0.2624,-0.0082179,-0.0057788,0.0096841,0.014178,0.024957,0.041918,0.1101,0.22687,0.32192,0.37576,0.4438,0.49444,0.5588,0.60413,0.67872,0.68662,0.74759,0.74129
0.2625,-0.015956,-0.0011358,0.0019459,0.020368,0.017219,0.038822,0.10856,0.22222,0.32038,0.3804,0.44999,0.50682,0.55571,0.61651,0.67408,0.67579,0.73831,0.74903
0.2626,-0.0051226,-0.0011358,0.0050412,0.021916,0.0063852,0.041918,0.11165,0.22687,0.32657,0.37886,0.45618,0.51146,0.55106,0.61187,0.67098,0.67114,0.7414,0.74593
0.2627,-0.012861,0.0004118,0.0019459,0.011082,-0.0029007,0.034179,0.1101,0.22222,0.31109,0.38659,0.4469,0.50063,0.54952,0.61341,0.68336,0.67114,0.73831,0.74438
0.2628,-0.0066702,-0.0042311,0.0081364,0.020368,0.0032899,0.035727,0.10391,0.23306,0.31728,0.38814,0.44845,0.50836,0.55261,0.61496,0.68646,0.68198,0.7414,0.73974
0.2629,0.0026156,-0.0026835,0.0096841,0.01263,-0.0029007,0.032632,0.10856,0.22687,0.32038,0.39124,0.45464,0.49444,0.55571,0.6196,0.6911,0.68507,0.73212,0.75057
0.263,-0.0082179,0.0019594,0.00039822,0.014178,-0.0044483,0.043465,0.1132,0.22996,0.32502,0.38195,0.44999,0.48825,0.55261,0.6196,0.68955,0.67733,0.73212,0.75986
0.2631,-0.0051226,0.00815,0.0065888,0.018821,0.0079328,0.034179,0.11165,0.23151,0.32192,0.37421,0.46392,0.48515,0.55571,0.61651,0.67408,0.69281,0.72128,0.74593
0.2632,-0.003575,0.0019594,0.00039822,0.015725,0.0032899,0.038822,0.1132,0.22687,0.31728,0.37576,0.46083,0.4867,0.5588,0.6196,0.64931,0.69436,0.72283,0.74593
0.2633,-0.0020273,-0.0057788,0.015875,0.014178,0.0017422,0.041918,0.1132,0.23151,0.32657,0.36957,0.46547,0.49134,0.55726,0.62889,0.66324,0.69126,0.72593,0.75367
0.2634,-0.0020273,0.0050547,0.014327,0.025011,0.0032899,0.034179,0.10391,0.22841,0.31573,0.37112,0.46702,0.48515,0.56964,0.61187,0.66788,0.68817,0.71354,0.74748
0.2635,-0.0051226,0.0004118,0.0081364,0.020368,0.0017422,0.038822,0.11475,0.22687,0.32038,0.3804,0.46083,0.4836,0.57892,0.59329,0.67253,0.68971,0.71354,0.74129
0.2636,-0.012861,-0.0011358,0.015875,0.014178,-0.0013531,0.032632,0.11475,0.22996,0.32811,0.37267,0.45618,0.49134,0.57428,0.59484,0.67098,0.68817,0.71664,0.73665
0.2637,-0.0082179,-0.0011358,0.014327,0.018821,0.0017422,0.035727,0.11165,0.2346,0.31728,0.3804,0.45309,0.49134,0.58511,0.61187,0.67098,0.68971,0.71974,0.74748
0.2638,-0.003575,0.0004118,0.014327,0.018821,0.0048375,0.034179,0.11629,0.22996,0.31573,0.36957,0.45773,0.50217,0.56345,0.6196,0.67098,0.69281,0.72128,0.74284
0.2639,-0.003575,0.0004118,0.0019459,0.015725,0.00019459,0.035727,0.10701,0.21913,0.32347,0.37421,0.45618,0.50836,0.56499,0.61496,0.66788,0.68971,0.71664,0.74903
0.264,-0.0097655,-0.0026835,0.0034935,0.01263,-0.005996,0.032632,0.11475,0.22067,0.32502,0.37267,0.45309,0.50682,0.56809,0.6196,0.66634,0.68662,0.712,0.75057
0.2641,-0.014408,-0.0073264,0.0081364,0.021916,-0.005996,0.034179,0.11165,0.22377,0.31883,0.37112,0.45618,0.49289,0.5619,0.61496,0.66788,0.69281,0.71664,0.74129
0.2642,-0.015956,-0.0026835,0.0019459,0.018821,0.00019459,0.04037,0.11784,0.22532,0.32192,0.37421,0.44225,0.49598,0.56345,0.62115,0.67408,0.7021,0.712,0.76141
0.2643,-0.0097655,0.0050547,0.0034935,0.018821,0.0017422,0.035727,0.11475,0.22996,0.32657,0.36647,0.44999,0.50991,0.5588,0.6258,0.67408,0.70829,0.71045,0.74903
0.2644,-0.0066702,0.0035071,0.014327,0.014178,-0.0013531,0.035727,0.10391,0.22532,0.32192,0.36493,0.44999,0.51301,0.5588,0.61806,0.67253,0.69126,0.70271,0.76141
0.2645,-0.0051226,0.0066024,0.0019459,0.023464,0.0017422,0.031084,0.10856,0.22687,0.31419,0.36802,0.45154,0.52384,0.55726,0.6258,0.66169,0.68817,0.71664,0.75367
0.2646,-0.0020273,0.0050547,0.0019459,0.01263,0.0048375,0.04037,0.11784,0.22532,0.32502,0.35564,0.45309,0.5192,0.55571,0.6227,0.6586,0.68352,0.72747,0.75212
0.2647,-0.003575,-0.0026835,0.0050412,0.0033442,-0.0075436,0.04037,0.10856,0.22996,0.32038,0.36802,0.45154,0.51301,0.55261,0.61651,0.65396,0.68662,0.73676,0.76141
0.2648,-0.003575,0.0004118,0.0034935,0.021916,-0.0044483,0.04037,0.11784,0.22996,0.31728,0.37421,0.45309,0.51455,0.55726,0.62425,0.64931,0.68817,0.72902,0.75057
0.2649,-0.00047968,0.0019594,0.0065888,0.014178,-0.0013531,0.045013,0.11784,0.22996,0.32347,0.36493,0.45464,0.49753,0.56809,0.6258,0.65705,0.67114,0.70426,0.75212
0.265,-0.0020273,0.0019594,0.01897,0.021916,0.00019459,0.037275,0.1101,0.22222,0.31573,0.37112,0.46237,0.49134,0.56345,0.6227,0.66015,0.67888,0.7089,0.7645
0.2651,-0.0051226,-0.0073264,0.011232,0.015725,-0.0044483,0.037275,0.10856,0.22377,0.31728,0.37731,0.45464,0.49444,0.56499,0.61496,0.66015,0.68662,0.7089,0.75057
0.2652,-0.00047968,0.0004118,0.0019459,0.018821,0.00019459,0.038822,0.10856,0.22377,0.32811,0.36802,0.46702,0.49598,0.58202,0.62425,0.65086,0.68817,0.71664,0.75057
0.2653,-0.0082179,0.0050547,0.00039822,0.021916,-0.0029007,0.037275,0.11165,0.22377,0.32502,0.36647,0.47321,0.50991,0.57583,0.62734,0.64931,0.67424,0.71509,0.74903
0.2654,-0.0020273,0.0019594,0.0034935,0.0095347,-0.005996,0.043465,0.12249,0.22996,0.32502,0.37112,0.46083,0.50682,0.56654,0.63199,0.65396,0.67269,0.71509,0.75522
0.2655,-0.003575,0.0004118,0.0096841,0.0079871,0.0032899,0.041918,0.11784,0.22687,0.32966,0.37421,0.4469,0.50991,0.55571,0.63508,0.64777,0.67114,0.71045,0.75522
0.2656,-0.017504,0.00815,0.014327,0.021916,0.0048375,0.04037,0.11629,0.22687,0.32038,0.36647,0.44999,0.51301,0.56345,0.63199,0.6555,0.6696,0.71664,0.75522
0.2657,-0.0066702,-0.0042311,0.015875,0.011082,0.0094804,0.04037,0.1132,0.22532,0.31419,0.36802,0.44225,0.51301,0.56035,0.63044,0.66479,0.68507,0.72283,0.76296
0.2658,-0.017504,-0.0026835,0.015875,0.0095347,0.021862,0.037275,0.11475,0.22687,0.31883,0.36802,0.43761,0.52229,0.5619,0.6258,0.66324,0.67269,0.72593,0.76296
0.2659,-0.003575,-0.0026835,0.0096841,0.018821,0.021862,0.041918,0.1101,0.22996,0.31883,0.36802,0.4469,0.5192,0.5619,0.62425,0.65705,0.68662,0.72438,0.76141
0.266,-0.014408,-0.0042311,0.0096841,0.018821,0.031147,0.032632,0.11165,0.22377,0.31728,0.37112,0.46392,0.5192,0.56345,0.62115,0.66788,0.67888,0.72128,0.77069
0.2661,-0.011313,0.0019594,0.0019459,0.0095347,0.028052,0.04037,0.1101,0.22377,0.32192,0.36957,0.46392,0.5192,0.5619,0.63044,0.66634,0.67888,0.72747,0.76605
0.2662,-0.0020273,0.0004118,0.0050412,0.014178,0.026505,0.038822,0.1101,0.23151,0.31573,0.3804,0.46392,0.52229,0.56654,0.63353,0.66169,0.68507,0.73366,0.75522
0.2663,-0.003575,0.00815,0.0081364,0.011082,0.020314,0.041918,0.10701,0.23306,0.31419,0.37576,0.46083,0.5192,0.56345,0.63508,0.66479,0.68662,0.73212,0.77069
0.2664,-0.003575,0.0050547,0.0050412,0.0079871,0.023409,0.032632,0.11475,0.22841,0.31883,0.37576,0.45464,0.51301,0.56499,0.63044,0.66788,0.68352,0.73212,0.75986
0.2665,-0.003575,0.0050547,0.0034935,0.01263,0.024957,0.031084,0.11629,0.22222,0.32038,0.36647,0.44845,0.51301,0.55726,0.63044,0.65705,0.67579,0.72902,0.75986
0.2666,-0.003575,-0.0042311,0.0081364,0.011082,0.018766,0.04037,0.11475,0.23151,0.31883,0.36493,0.44225,0.52229,0.56499,0.63818,0.66169,0.67269,0.72902,0.75522
0.2667,-0.011313,-0.0026835,0.0050412,0.023464,0.020314,0.041918,0.1132,0.22996,0.31573,0.35719,0.45618,0.52075,0.57583,0.62734,0.66169,0.68817,0.73366,0.75522
0.2668,-0.003575,-0.0011358,0.0065888,0.014178,0.021862,0.035727,0.1101,0.23151,0.32038,0.36183,0.45464,0.5192,0.57892,0.6227,0.66479,0.67579,0.73366,0.75522
0.2669,-0.003575,0.0019594,0.0050412,0.0064395,0.026505,0.035727,0.10856,0.22532,0.32657,0.36957,0.45464,0.52384,0.57428,0.62425,0.66324,0.67114,0.712,0.75212
0.267,-0.0082179,0.0050547,0.0065888,0.020368,0.031147,0.032632,0.11629,0.23306,0.33121,0.3804,0.46083,0.5192,0.57583,0.61651,0.6586,0.67424,0.69962,0.76296
0.2671,-0.003575,0.0050547,0.0034935,0.021916,0.024957,0.038822,0.1101,0.22996,0.3343,0.37731,0.46702,0.51301,0.56964,0.63044,0.6555,0.67424,0.71045,0.77069
0.2672,-0.0082179,0.0019594,0.0081364,0.023464,0.020314,0.034179,0.11784,0.23306,0.32347,0.37576,0.46237,0.50527,0.56499,0.62115,0.67408,0.67114,0.71354,0.75986
0.2673,-0.0097655,-0.0042311,0.0034935,0.01263,0.026505,0.038822,0.10856,0.22996,0.33121,0.37421,0.45309,0.50682,0.56809,0.62115,0.67562,0.67579,0.712,0.77534
0.2674,-0.014408,0.0004118,0.0034935,0.014178,0.020314,0.043465,0.10391,0.22377,0.33121,0.36957,0.45154,0.50836,0.56809,0.62115,0.66634,0.67733,0.70735,0.76605
0.2675,-0.0066702,0.0004118,0.0096841,0.014178,0.011028,0.04037,0.11475,0.22222,0.3343,0.37576,0.45309,0.51455,0.56654,0.6196,0.66634,0.66186,0.71974,0.76141
0.2676,-0.003575,-0.0042311,0.0019459,0.01263,0.018766,0.034179,0.11475,0.22841,0.32811,0.37731,0.45773,0.52229,0.5619,0.62889,0.66324,0.66495,0.72283,0.7676
0.2677,-0.003575,0.0035071,0.0065888,0.018821,0.028052,0.032632,0.11939,0.22996,0.33121,0.38195,0.45309,0.50836,0.5619,0.60722,0.64931,0.66805,0.73521,0.76915
0.2678,-0.0066702,-0.0026835,0.0081364,0.015725,0.026505,0.034179,0.12094,0.23615,0.32192,0.37576,0.45464,0.50836,0.5619,0.61032,0.64003,0.67269,0.73521,0.7676
0.2679,-0.0082179,0.0050547,0.0065888,0.01263,0.026505,0.034179,0.11629,0.22067,0.33276,0.36957,0.46237,0.51455,0.5588,0.60722,0.6586,0.66495,0.72128,0.76915
0.268,0.001068,-0.0042311,0.0065888,0.020368,0.0296,0.045013,0.12094,0.23306,0.32502,0.37112,0.47321,0.5161,0.56345,0.60413,0.66015,0.6665,0.71664,0.76915
0.2681,-0.0051226,-0.0026835,0.0034935,0.020368,0.017219,0.037275,0.11165,0.22996,0.33121,0.37112,0.46702,0.51301,0.57118,0.60413,0.66015,0.67269,0.72747,0.76141
0.2682,-0.012861,-0.0026835,0.0081364,0.015725,0.015671,0.041918,0.1101,0.21913,0.32966,0.36802,0.46547,0.5192,0.57737,0.6227,0.66015,0.68352,0.73212,0.75057
0.2683,-0.012861,0.0004118,0.0081364,0.018821,0.023409,0.035727,0.11939,0.22067,0.32347,0.37267,0.45464,0.5161,0.56499,0.63508,0.64931,0.67114,0.73057,0.75677
0.2684,-0.015956,-0.0011358,0.0050412,0.01263,0.021862,0.035727,0.11165,0.22222,0.32192,0.37731,0.45464,0.5161,0.56345,0.62115,0.63848,0.6665,0.72593,0.76141
0.2685,-0.0082179,-0.0026835,0.011232,0.0048918,0.024957,0.029536,0.10546,0.21913,0.32192,0.38659,0.46856,0.51146,0.56035,0.6196,0.64931,0.6634,0.73521,0.74748
0.2686,-0.0020273,-0.0011358,0.0081364,0.018821,0.024957,0.029536,0.11165,0.22532,0.32811,0.38814,0.46547,0.51301,0.56035,0.61651,0.65241,0.65721,0.73366,0.73974
0.2687,-0.0020273,-0.0057788,0.014327,0.01263,0.026505,0.027989,0.11939,0.22841,0.33276,0.38969,0.45154,0.5161,0.56499,0.62115,0.64312,0.66495,0.72593,0.75057
0.2688,-0.003575,-0.0026835,0.0096841,0.011082,0.024957,0.032632,0.12249,0.22841,0.32192,0.37421,0.44999,0.51301,0.56654,0.61496,0.64931,0.67888,0.72747,0.75677
0.2689,-0.012861,0.0004118,0.015875,0.0095347,0.026505,0.035727,0.11165,0.22996,0.32347,0.36802,0.46083,0.51455,0.56035,0.60722,0.65086,0.67269,0.72747,0.75677
0.269,-0.014408,-0.0026835,0.015875,0.0095347,0.020314,0.032632,0.1132,0.22687,0.32657,0.37576,0.46392,0.50991,0.5588,0.61651,0.64312,0.65257,0.72128,0.74593
0.2691,-0.00047968,0.0035071,0.011232,0.014178,0.021862,0.034179,0.10856,0.22996,0.32657,0.37576,0.45773,0.51455,0.56345,0.62889,0.65086,0.66031,0.71974,0.74438
0.2692,-0.0020273,0.00815,0.0081364,0.014178,0.026505,0.045013,0.1132,0.22067,0.33276,0.37576,0.45618,0.51146,0.5588,0.61341,0.65241,0.65876,0.70735,0.75057
0.2693,-0.003575,0.0050547,0.011232,0.0079871,0.028052,0.027989,0.1132,0.22687,0.3343,0.36802,0.45309,0.5161,0.56654,0.61341,0.64003,0.65102,0.70426,0.75057
0.2694,-0.0051226,0.0019594,0.014327,0.018821,0.020314,0.027989,0.1101,0.22841,0.35133,0.37112,0.46083,0.5192,0.5619,0.61187,0.6555,0.64174,0.69652,0.74284
0.2695,-0.0097655,-0.0026835,0.0034935,0.0064395,0.021862,0.023346,0.11475,0.22532,0.3343,0.36802,0.45773,0.5161,0.55726,0.60258,0.64622,0.65257,0.69033,0.75522
0.2696,-0.0066702,-0.0042311,0.0050412,0.01263,0.020314,0.032632,0.1132,0.22377,0.33276,0.37112,0.45464,0.5161,0.56345,0.61187,0.65705,0.64483,0.69652,0.75212
0.2697,-0.0020273,0.0004118,0.0019459,0.014178,0.018766,0.041918,0.1101,0.22532,0.33276,0.37731,0.45464,0.5161,0.55726,0.62115,0.66324,0.63709,0.69807,0.75367
0.2698,-0.0051226,0.0004118,0.0065888,0.020368,0.020314,0.04037,0.10856,0.22687,0.33585,0.37112,0.44999,0.51765,0.5619,0.62734,0.65241,0.65567,0.69807,0.75367
0.2699,-0.003575,-0.0011358,0.015875,0.011082,0.021862,0.034179,0.11629,0.22377,0.3374,0.37731,0.44535,0.50836,0.55726,0.62889,0.6586,0.66805,0.69807,0.74438
0.27,-0.003575,-0.0011358,0.0081364,0.01263,0.018766,0.034179,0.11939,0.23151,0.33121,0.38814,0.43606,0.50527,0.55726,0.62425,0.64777,0.67114,0.71974,0.75677
0.2701,0.0041632,0.0004118,0.0050412,0.020368,0.026505,0.029536,0.11475,0.22841,0.32502,0.38814,0.44225,0.52075,0.56654,0.61341,0.6586,0.6665,0.72593,0.77379
0.2702,-0.0066702,0.0019594,0.0050412,0.01263,0.020314,0.034179,0.10856,0.23615,0.32657,0.37576,0.44999,0.51301,0.56809,0.61341,0.65241,0.66186,0.71354,0.76605
0.2703,-0.0082179,0.0004118,0.0050412,0.011082,0.018766,0.034179,0.10856,0.2346,0.32657,0.37267,0.44845,0.50991,0.55571,0.61806,0.64931,0.65567,0.7089,0.7676
0.2704,0.001068,0.0019594,0.0096841,0.018821,0.023409,0.038822,0.12403,0.22996,0.31883,0.37576,0.43916,0.51301,0.55726,0.6196,0.64931,0.6634,0.70735,0.76915
0.2705,-0.0097655,-0.0026835,0.0096841,0.015725,0.031147,0.041918,0.11629,0.23306,0.31883,0.37112,0.44535,0.51301,0.5619,0.6227,0.65241,0.6665,0.7089,0.75677
0.2706,-0.0066702,-0.0011358,0.0050412,0.011082,0.028052,0.04037,0.1101,0.22687,0.32502,0.37421,0.44999,0.51146,0.56654,0.61651,0.6586,0.67114,0.70116,0.7676
0.2707,-0.0082179,0.0004118,0.0065888,0.01263,0.023409,0.032632,0.11475,0.22067,0.32038,0.36183,0.44535,0.50991,0.56345,0.60877,0.65705,0.6665,0.712,0.75057
0.2708,-0.0051226,-0.0026835,0.0065888,0.014178,0.021862,0.026441,0.1132,0.22067,0.31573,0.36957,0.45309,0.50836,0.56345,0.61651,0.66015,0.67114,0.70735,0.75057
0.2709,-0.0082179,0.0004118,0.0034935,0.018821,0.020314,0.023346,0.1101,0.21448,0.32038,0.37886,0.46547,0.50527,0.55726,0.61651,0.66788,0.67888,0.71974,0.74593
0.271,-0.0066702,0.0019594,0.0096841,0.0095347,0.021862,0.031084,0.11475,0.22687,0.32966,0.37576,0.44225,0.50063,0.55106,0.61187,0.65241,0.66805,0.71354,0.73819
0.2711,-0.00047968,0.0019594,0.0081364,0.018821,0.023409,0.037275,0.11629,0.22996,0.32192,0.37576,0.4438,0.51301,0.5588,0.61496,0.66015,0.67733,0.72128,0.74593
0.2712,-0.0097655,-0.0042311,0.011232,0.01263,0.015671,0.035727,0.1132,0.22377,0.31573,0.38195,0.46702,0.51301,0.55106,0.61651,0.66015,0.6665,0.71045,0.74748
0.2713,-0.014408,0.0050547,0.0081364,0.01263,0.017219,0.034179,0.11165,0.22687,0.32811,0.38195,0.45618,0.51146,0.54952,0.6227,0.65705,0.6665,0.70271,0.75057
0.2714,-0.0082179,0.0050547,-0.0011494,0.018821,0.023409,0.032632,0.11939,0.22687,0.32038,0.37421,0.44999,0.51455,0.55106,0.62115,0.6555,0.6634,0.72128,0.74748
0.2715,-0.0051226,-0.0011358,0.0019459,0.015725,0.017219,0.041918,0.12094,0.22532,0.32811,0.3835,0.4469,0.51765,0.55261,0.61496,0.6555,0.68507,0.71045,0.75522
0.2716,-0.0020273,0.0004118,0.017422,0.011082,0.015671,0.034179,0.11475,0.22377,0.33121,0.37731,0.46237,0.51301,0.5588,0.61187,0.66015,0.68817,0.70271,0.76141
0.2717,-0.0097655,0.0050547,0.00039822,0.0095347,0.017219,0.037275,0.11165,0.22377,0.33276,0.38195,0.44535,0.50836,0.5619,0.61341,0.66479,0.68352,0.71354,0.75677
0.2718,-0.0051226,-0.0011358,0.0019459,0.018821,0.021862,0.034179,0.1101,0.21603,0.3343,0.3835,0.4438,0.50063,0.54487,0.61032,0.66634,0.67424,0.71509,0.77224
0.2719,-0.0082179,-0.0042311,-0.0026971,0.026559,0.021862,0.035727,0.11475,0.22532,0.32811,0.3835,0.45464,0.50372,0.55726,0.61341,0.68027,0.67269,0.712,0.76605
0.272,-0.003575,-0.0026835,0.0096841,0.021916,0.020314,0.037275,0.11939,0.23615,0.32966,0.38814,0.45464,0.50682,0.5619,0.61651,0.66634,0.68662,0.72283,0.74129
0.2721,-0.0051226,-0.0042311,0.0081364,0.014178,0.020314,0.037275,0.12249,0.23306,0.32657,0.39124,0.45773,0.50836,0.5619,0.60877,0.66324,0.68662,0.72283,0.74438
0.2722,-0.014408,-0.0011358,0.0065888,0.018821,0.017219,0.029536,0.11475,0.22687,0.33276,0.39433,0.46083,0.49289,0.55571,0.60413,0.68336,0.6696,0.73212,0.73819
0.2723,-0.012861,-0.0042311,0.0081364,0.023464,0.020314,0.032632,0.11165,0.23151,0.32502,0.38814,0.45154,0.50836,0.56809,0.60877,0.68646,0.67424,0.73521,0.74593
0.2724,-0.0097655,0.0035071,0.011232,0.023464,0.023409,0.034179,0.1101,0.22841,0.33121,0.37886,0.4469,0.50063,0.56499,0.61496,0.68491,0.67269,0.72283,0.74903
0.2725,-0.0097655,0.0004118,0.0081364,0.0095347,0.028052,0.032632,0.10701,0.21913,0.34204,0.37576,0.44225,0.50217,0.55571,0.60413,0.67408,0.67579,0.72747,0.74593
0.2726,-0.0051226,0.0019594,-0.0011494,0.011082,0.017219,0.032632,0.1132,0.21603,0.32502,0.37421,0.45464,0.50991,0.55261,0.60877,0.67098,0.68352,0.72438,0.74903
0.2727,-0.00047968,-0.0011358,0.0019459,0.018821,0.018766,0.027989,0.11165,0.22532,0.33121,0.37731,0.44225,0.51301,0.5619,0.61651,0.66634,0.68198,0.7089,0.73974
0.2728,-0.011313,0.0019594,0.0019459,0.026559,0.021862,0.034179,0.1101,0.22841,0.33585,0.36802,0.44535,0.50063,0.56499,0.61806,0.66634,0.68971,0.71354,0.72581
0.2729,-0.0097655,0.0066024,0.0065888,0.015725,0.018766,0.038822,0.11165,0.2346,0.33276,0.3804,0.4469,0.50372,0.57118,0.62115,0.65396,0.68817,0.71664,0.73665
0.273,-0.003575,0.0004118,0.0065888,0.018821,0.020314,0.041918,0.1132,0.22377,0.32347,0.3835,0.44535,0.50372,0.55726,0.61341,0.64622,0.68352,0.72438,0.74129
0.2731,-0.0066702,-0.0011358,0.0050412,0.018821,0.014123,0.034179,0.1132,0.22532,0.32657,0.39124,0.45618,0.50836,0.55261,0.60877,0.63848,0.6634,0.72593,0.732
0.2732,-0.012861,0.0004118,0.0096841,0.01263,0.018766,0.037275,0.1101,0.22377,0.33121,0.38814,0.45309,0.51765,0.55261,0.60722,0.64622,0.67114,0.72438,0.72891
0.2733,-0.012861,-0.0026835,0.0081364,0.021916,0.023409,0.034179,0.10856,0.22222,0.32811,0.3804,0.45154,0.5192,0.56499,0.60258,0.6586,0.67888,0.71664,0.732
0.2734,-0.014408,0.0019594,0.0065888,0.018821,0.026505,0.035727,0.1101,0.22222,0.32657,0.37731,0.43606,0.52075,0.56345,0.61187,0.66943,0.67579,0.72128,0.73665
0.2735,-0.0066702,-0.0011358,0.014327,0.020368,0.018766,0.023346,0.1101,0.22687,0.32657,0.3835,0.43452,0.51455,0.54952,0.61651,0.6555,0.6634,0.72593,0.74284
0.2736,-0.0066702,-0.0088741,0.014327,0.018821,0.017219,0.029536,0.1132,0.22377,0.32502,0.38195,0.4438,0.52075,0.55261,0.61806,0.65241,0.66186,0.72438,0.74129
0.2737,-0.003575,0.0035071,0.015875,0.023464,0.014123,0.04037,0.11784,0.22222,0.31883,0.38195,0.4438,0.51455,0.56499,0.61651,0.64777,0.67269,0.712,0.74129
0.2738,-0.003575,0.0004118,0.014327,0.023464,0.0079328,0.035727,0.11475,0.22222,0.32502,0.3804,0.4469,0.50836,0.56035,0.61496,0.66015,0.67114,0.70116,0.75677
0.2739,-0.003575,-0.0026835,0.0065888,0.014178,0.021862,0.037275,0.11784,0.21758,0.32038,0.37267,0.46237,0.50217,0.54952,0.61496,0.66015,0.67888,0.70581,0.75677
0.274,-0.014408,-0.0026835,0.00039822,0.020368,0.015671,0.04037,0.11475,0.22841,0.31109,0.36647,0.46237,0.50217,0.5588,0.60413,0.65705,0.67424,0.71045,0.75986
0.2741,-0.003575,-0.0011358,0.00039822,0.01263,0.014123,0.032632,0.11475,0.22687,0.31419,0.36493,0.45309,0.50836,0.5588,0.60413,0.6586,0.67114,0.70581,0.75986
0.2742,-0.0051226,-0.0011358,-0.0042447,0.023464,0.021862,0.035727,0.1132,0.21758,0.31573,0.37267,0.46547,0.50527,0.55416,0.60877,0.65705,0.67424,0.71509,0.76141
0.2743,-0.012861,0.0004118,0.0081364,0.014178,0.024957,0.034179,0.11165,0.22687,0.32502,0.36802,0.45309,0.50836,0.55106,0.60413,0.64622,0.68507,0.72283,0.75367
0.2744,-0.003575,0.0004118,0.0019459,0.0095347,0.026505,0.037275,0.1101,0.22841,0.31419,0.37112,0.45464,0.49753,0.54642,0.61032,0.64777,0.68507,0.71045,0.75057
0.2745,-0.003575,0.0019594,0.0034935,0.015725,0.020314,0.037275,0.11475,0.22841,0.31573,0.36957,0.45309,0.50217,0.55106,0.59949,0.64622,0.68352,0.71664,0.75677
0.2746,-0.0082179,0.0035071,0.0096841,0.021916,0.021862,0.038822,0.1101,0.22532,0.31883,0.36493,0.45154,0.49598,0.55261,0.60258,0.64622,0.68662,0.71354,0.75212
0.2747,-0.011313,-0.0073264,0.00039822,0.014178,0.021862,0.035727,0.10701,0.23306,0.33121,0.37112,0.45618,0.49444,0.54797,0.60413,0.66479,0.68352,0.71045,0.7645
0.2748,-0.012861,-0.0042311,0.0050412,0.018821,0.018766,0.034179,0.10701,0.23151,0.32811,0.37886,0.45618,0.49289,0.54642,0.59794,0.65705,0.68662,0.70735,0.7645
0.2749,-0.014408,-0.010422,0.0050412,0.018821,0.018766,0.04037,0.10701,0.2346,0.32502,0.37886,0.46237,0.49753,0.5588,0.60722,0.64931,0.69126,0.70426,0.75677
0.275,-0.014408,-0.0057788,0.0019459,0.020368,0.020314,0.037275,0.10546,0.23306,0.31728,0.37576,0.46237,0.49753,0.54952,0.60722,0.65086,0.68507,0.70116,0.75367
0.2751,-0.014408,0.0035071,0.0034935,0.018821,0.028052,0.034179,0.10082,0.22532,0.32502,0.37576,0.45309,0.49598,0.5619,0.61651,0.66324,0.6665,0.712,0.75057
0.2752,-0.0051226,-0.0057788,0.0081364,0.015725,0.023409,0.038822,0.10856,0.22532,0.31728,0.3804,0.46083,0.50217,0.56964,0.59794,0.66943,0.65876,0.71664,0.75522
0.2753,-0.012861,0.0050547,0.014327,0.015725,0.021862,0.04037,0.10856,0.22377,0.32502,0.37731,0.45154,0.50217,0.55726,0.61187,0.66479,0.66031,0.72438,0.75522
0.2754,-0.012861,0.0050547,0.0034935,0.014178,0.021862,0.037275,0.1101,0.22377,0.32347,0.37576,0.46083,0.49134,0.54797,0.61341,0.66943,0.66805,0.71664,0.7645
0.2755,-0.011313,0.0004118,0.0081364,0.018821,0.023409,0.037275,0.1101,0.21913,0.31728,0.37112,0.46702,0.49444,0.54333,0.61496,0.67098,0.6696,0.71045,0.74903
0.2756,-0.003575,0.0035071,0.0081364,0.011082,0.018766,0.037275,0.11939,0.22996,0.32811,0.37576,0.46083,0.49444,0.55106,0.60877,0.66015,0.67424,0.69497,0.74748
0.2757,-0.0066702,-0.0026835,0.0050412,0.020368,0.011028,0.032632,0.11629,0.22532,0.32966,0.38659,0.46237,0.48825,0.54487,0.61496,0.66324,0.67269,0.69497,0.74748
0.2758,-0.014408,0.0004118,0.0096841,0.01263,0.014123,0.034179,0.12713,0.22996,0.32038,0.38969,0.46237,0.49289,0.54642,0.59949,0.66169,0.68198,0.70581,0.75057
0.2759,-0.0097655,-0.0057788,0.0034935,0.014178,0.014123,0.04037,0.10391,0.22532,0.31573,0.3835,0.45464,0.49289,0.5588,0.59949,0.66169,0.67269,0.70116,0.75057
0.276,-0.0020273,0.0066024,0.0065888,0.011082,0.015671,0.04037,0.10701,0.21448,0.31728,0.37112,0.46237,0.48515,0.5588,0.60722,0.65241,0.6634,0.69962,0.75057
0.2761,0.0041632,0.0066024,0.0065888,0.01263,0.018766,0.037275,0.11475,0.22377,0.32502,0.37112,0.46392,0.48825,0.54952,0.60722,0.6555,0.66805,0.69962,0.74903
0.2762,-0.0082179,0.0019594,0.0019459,0.01263,0.020314,0.035727,0.1101,0.22222,0.32811,0.36802,0.46392,0.49444,0.55416,0.61806,0.65241,0.67269,0.70271,0.73819
0.2763,-0.0020273,-0.0042311,0.00039822,0.014178,0.018766,0.04037,0.11165,0.21603,0.32811,0.35719,0.45773,0.4836,0.55106,0.6258,0.64312,0.67888,0.70581,0.73665
0.2764,-0.0082179,-0.0057788,0.0050412,0.015725,0.021862,0.037275,0.1132,0.22067,0.32347,0.36802,0.46547,0.48979,0.55106,0.62115,0.64312,0.67114,0.68723,0.74284
0.2765,-0.0097655,-0.0042311,0.014327,0.018821,0.028052,0.035727,0.11784,0.22996,0.33276,0.36338,0.45618,0.48515,0.55261,0.6196,0.66479,0.67114,0.69497,0.74129
0.2766,-0.00047968,-0.0011358,0.0050412,0.021916,0.032695,0.038822,0.11475,0.21913,0.33895,0.36338,0.46392,0.49134,0.55416,0.62115,0.67098,0.6665,0.69962,0.75677
0.2767,-0.0066702,0.0050547,0.0050412,0.01263,0.024957,0.034179,0.1101,0.21603,0.3374,0.36028,0.44845,0.49289,0.55261,0.62115,0.67562,0.6665,0.69807,0.74284
0.2768,-0.012861,-0.0057788,0.0096841,0.0095347,0.021862,0.041918,0.11475,0.22377,0.32966,0.36647,0.4469,0.50836,0.55106,0.61806,0.66169,0.6696,0.69807,0.72891
0.2769,-0.0097655,-0.0026835,0.0096841,0.021916,0.018766,0.037275,0.1101,0.22532,0.31883,0.36957,0.45309,0.50682,0.54487,0.61032,0.64931,0.6665,0.70116,0.74748
0.277,-0.0082179,0.0004118,0.0050412,0.014178,0.021862,0.035727,0.11165,0.22067,0.32192,0.37112,0.44535,0.49444,0.55106,0.60413,0.65241,0.6665,0.70426,0.74593
0.2771,-0.012861,0.0035071,0.0081364,0.014178,0.026505,0.037275,0.10546,0.22687,0.32502,0.37421,0.45618,0.49134,0.55571,0.61032,0.6555,0.67269,0.70581,0.7351
0.2772,-0.012861,0.0004118,0.00039822,0.021916,0.020314,0.034179,0.10701,0.22377,0.31883,0.37421,0.45618,0.48825,0.56345,0.6196,0.66015,0.67424,0.70581,0.73665
0.2773,-0.012861,-0.0042311,0.015875,0.021916,0.020314,0.034179,0.10701,0.21603,0.32347,0.37731,0.45309,0.49444,0.55416,0.61651,0.65705,0.66031,0.69497,0.74593
0.2774,-0.011313,-0.0042311,0.017422,0.011082,0.018766,0.038822,0.10856,0.22222,0.31109,0.36957,0.44999,0.49289,0.55106,0.60877,0.65241,0.65876,0.69343,0.7351
0.2775,-0.003575,-0.0057788,0.014327,0.025011,0.017219,0.038822,0.1101,0.22222,0.31883,0.36957,0.45618,0.48825,0.54642,0.61651,0.66479,0.66031,0.69497,0.74129
0.2776,-0.0066702,-0.0088741,0.0034935,0.020368,0.020314,0.035727,0.10856,0.22067,0.32966,0.36028,0.45618,0.49289,0.55261,0.61341,0.65086,0.66805,0.69343,0.74438
0.2777,-0.0066702,0.0004118,0.0050412,0.021916,0.026505,0.034179,0.11165,0.21603,0.32347,0.36183,0.44535,0.50063,0.54487,0.61187,0.64312,0.67269,0.69807,0.73355
0.2778,-0.0051226,-0.0026835,0.0034935,0.014178,0.0296,0.029536,0.1101,0.21139,0.32502,0.37112,0.4469,0.49753,0.54023,0.61032,0.65086,0.67424,0.70581,0.73974
0.2779,-0.003575,-0.0042311,0.00039822,0.014178,0.020314,0.032632,0.11784,0.21448,0.32502,0.36647,0.44071,0.50063,0.55571,0.62115,0.66479,0.68971,0.70581,0.73819
0.278,-0.0051226,-0.0011358,0.0019459,0.018821,0.026505,0.034179,0.1101,0.21603,0.32192,0.35874,0.44999,0.50063,0.54952,0.6227,0.6555,0.67114,0.70581,0.73974
0.2781,-0.0097655,0.0019594,0.0065888,0.020368,0.017219,0.037275,0.10856,0.21758,0.32811,0.36493,0.44999,0.50682,0.54797,0.6227,0.6555,0.66186,0.69807,0.74438
0.2782,-0.0020273,0.0050547,0.0081364,0.023464,0.014123,0.034179,0.1101,0.22067,0.32657,0.36802,0.45464,0.51455,0.54487,0.61806,0.66015,0.6665,0.69497,0.73665
0.2783,-0.003575,0.0004118,0.014327,0.015725,0.026505,0.037275,0.1101,0.22222,0.33276,0.36493,0.45618,0.50682,0.54642,0.61806,0.66324,0.67114,0.69962,0.72581
0.2784,-0.0097655,-0.0057788,0.0050412,0.020368,0.021862,0.034179,0.11784,0.22841,0.32966,0.36028,0.45309,0.49598,0.5588,0.61496,0.66015,0.6634,0.70581,0.73046
0.2785,-0.0097655,-0.0011358,0.00039822,0.014178,0.026505,0.038822,0.11475,0.22532,0.32811,0.36338,0.43916,0.50527,0.55416,0.60413,0.66169,0.6634,0.69807,0.73665
0.2786,-0.0082179,0.0050547,0.0050412,0.020368,0.021862,0.032632,0.1101,0.22687,0.32502,0.35874,0.4469,0.50063,0.55571,0.60413,0.65705,0.67424,0.69188,0.73046
0.2787,-0.017504,-0.0011358,0.0065888,0.01263,0.020314,0.032632,0.10391,0.22377,0.32038,0.36338,0.44535,0.51146,0.56345,0.59794,0.65241,0.67579,0.69343,0.72736
0.2788,-0.0082179,0.0050547,-0.0042447,0.0048918,0.0094804,0.035727,0.11784,0.22377,0.32347,0.36338,0.44225,0.49289,0.56654,0.60413,0.64931,0.67579,0.70426,0.72891
0.2789,-0.0066702,-0.0042311,0.00039822,0.01263,0.015671,0.04037,0.11784,0.22067,0.32966,0.35874,0.44071,0.49753,0.55261,0.60722,0.6586,0.67424,0.69807,0.72427
0.279,-0.003575,-0.0057788,0.015875,0.020368,0.023409,0.027989,0.11629,0.21913,0.32811,0.36183,0.4438,0.49598,0.5619,0.59949,0.65241,0.6665,0.69497,0.73355
0.2791,-0.0051226,-0.010422,0.0050412,0.018821,0.020314,0.034179,0.11165,0.22067,0.32657,0.36028,0.44999,0.48979,0.5588,0.61187,0.66634,0.67269,0.7089,0.74129
0.2792,-0.003575,0.0004118,0.017422,0.015725,0.018766,0.034179,0.11475,0.21139,0.32657,0.36493,0.45618,0.49598,0.55726,0.61806,0.66634,0.67888,0.69807,0.74593
0.2793,-0.0097655,-0.0057788,0.0050412,0.01263,0.023409,0.034179,0.10856,0.20984,0.33121,0.35874,0.45154,0.50991,0.54178,0.6196,0.66634,0.6696,0.70116,0.7351
0.2794,-0.0051226,-0.011969,0.014327,0.023464,0.024957,0.029536,0.10546,0.22222,0.3343,0.35874,0.4469,0.50527,0.54487,0.6196,0.6555,0.67269,0.7089,0.73355
0.2795,-0.0051226,-0.0057788,0.0065888,0.020368,0.014123,0.031084,0.10391,0.22687,0.32811,0.35564,0.45154,0.5161,0.55726,0.61806,0.65396,0.68352,0.712,0.72581
0.2796,-0.0097655,-0.0026835,0.0034935,0.018821,0.017219,0.04037,0.10391,0.22687,0.33276,0.36338,0.44071,0.51146,0.55416,0.61341,0.65241,0.67888,0.70581,0.72736
0.2797,-0.0082179,-0.0011358,0.0081364,0.0079871,0.023409,0.041918,0.10391,0.21758,0.33276,0.36493,0.45309,0.51146,0.55416,0.61341,0.65396,0.68198,0.69962,0.73046
0.2798,-0.003575,-0.0057788,0.0096841,0.021916,0.018766,0.034179,0.10391,0.22222,0.32192,0.36028,0.4469,0.52075,0.55726,0.6227,0.66169,0.67114,0.69807,0.732
0.2799,-0.003575,0.0019594,0.0081364,0.015725,0.021862,0.038822,0.099271,0.22532,0.31728,0.36338,0.45773,0.51765,0.55571,0.6258,0.66015,0.68662,0.69962,0.7351
0.28,-0.0051226,0.0050547,0.0050412,0.021916,0.020314,0.037275,0.10546,0.22687,0.32347,0.36183,0.4438,0.49598,0.54797,0.6196,0.66479,0.69126,0.71354,0.73046
0.2801,-0.0082179,0.0035071,0.0065888,0.023464,0.018766,0.034179,0.10391,0.22067,0.3374,0.37112,0.44071,0.50063,0.54952,0.61496,0.65086,0.68352,0.71045,0.73046
0.2802,-0.00047968,0.0035071,0.014327,0.020368,0.018766,0.032632,0.099271,0.21448,0.32966,0.36493,0.43916,0.50527,0.55726,0.6196,0.64931,0.6696,0.71045,0.7351
0.2803,-0.0066702,-0.0057788,0.014327,0.018821,0.017219,0.027989,0.10701,0.22222,0.33895,0.37267,0.43916,0.50682,0.56809,0.59949,0.64777,0.67424,0.71045,0.732
0.2804,-0.0051226,-0.0042311,0.0050412,0.023464,0.017219,0.037275,0.1101,0.22067,0.3343,0.36647,0.44225,0.51301,0.56499,0.60258,0.65396,0.67114,0.69652,0.72581
0.2805,-0.0097655,-0.0011358,0.0019459,0.021916,0.017219,0.029536,0.10856,0.21603,0.32966,0.36183,0.44845,0.51301,0.56035,0.60258,0.66324,0.67269,0.70271,0.73819
0.2806,-0.0097655,-0.0026835,0.0081364,0.018821,0.020314,0.035727,0.10391,0.22222,0.32966,0.37112,0.45154,0.51146,0.55416,0.5902,0.65241,0.68198,0.7089,0.74284
0.2807,-0.0051226,-0.013517,0.0019459,0.01263,0.021862,0.037275,0.11165,0.22377,0.32657,0.37576,0.44999,0.51146,0.5588,0.59484,0.63693,0.67269,0.71354,0.73046
0.2808,-0.00047968,-0.0057788,0.0065888,0.015725,0.015671,0.035727,0.1132,0.22687,0.32502,0.36802,0.44225,0.51146,0.57118,0.61341,0.63538,0.65876,0.70581,0.72272
0.2809,-0.0082179,-0.0011358,0.0065888,0.0095347,0.026505,0.027989,0.10701,0.22687,0.31883,0.36493,0.43761,0.49753,0.57428,0.61651,0.63848,0.66186,0.70735,0.71653
0.281,-0.011313,0.00815,0.0034935,0.015725,0.014123,0.037275,0.10391,0.21758,0.32192,0.36338,0.43606,0.50063,0.58357,0.60413,0.64312,0.66805,0.70735,0.71807
0.2811,-0.012861,0.0066024,0.0019459,0.020368,0.018766,0.035727,0.10546,0.21913,0.32347,0.36493,0.4469,0.49753,0.56499,0.60877,0.6555,0.67424,0.69962,0.71653
0.2812,-0.0097655,0.0004118,0.0050412,0.020368,0.0296,0.026441,0.11784,0.21603,0.33121,0.36802,0.44535,0.50217,0.55261,0.6227,0.64777,0.67888,0.69652,0.71653
0.2813,-0.00047968,-0.0057788,0.0096841,0.014178,0.031147,0.032632,0.1132,0.21758,0.32811,0.35719,0.4469,0.50682,0.54797,0.62425,0.6555,0.67424,0.71045,0.72581
0.2814,-0.0082179,-0.0057788,0.0096841,0.0079871,0.028052,0.037275,0.10856,0.22532,0.32038,0.36338,0.44845,0.51146,0.55416,0.6258,0.64777,0.67114,0.7089,0.72736
0.2815,-0.0051226,-0.0011358,0.0096841,0.0064395,0.021862,0.037275,0.10701,0.22687,0.32192,0.36802,0.45309,0.51765,0.5588,0.61496,0.63848,0.67424,0.70735,0.72581
0.2816,-0.003575,-0.0026835,0.0034935,0.01263,0.017219,0.034179,0.10391,0.22687,0.32657,0.37112,0.45309,0.5161,0.56345,0.61341,0.64312,0.66805,0.70116,0.73819
0.2817,-0.0051226,-0.0073264,0.0096841,0.020368,0.018766,0.031084,0.11165,0.22996,0.32192,0.36647,0.45309,0.5192,0.5619,0.62115,0.64157,0.6665,0.69807,0.72891
0.2818,-0.014408,-0.0011358,0.015875,0.0095347,0.017219,0.034179,0.11165,0.23151,0.32502,0.37267,0.45154,0.52229,0.55416,0.61651,0.64931,0.6696,0.69188,0.71962
0.2819,-0.0082179,-0.0026835,0.0050412,0.01263,0.021862,0.024894,0.11165,0.23151,0.32966,0.36493,0.45309,0.52075,0.54797,0.6196,0.65705,0.68662,0.69343,0.72272
0.282,-0.0097655,-0.0011358,-0.0011494,0.021916,0.024957,0.032632,0.10856,0.21758,0.31728,0.37112,0.44535,0.5192,0.5588,0.62425,0.66015,0.68971,0.69807,0.71653
0.2821,-0.0066702,-0.0011358,0.014327,0.021916,0.020314,0.038822,0.10856,0.22532,0.32502,0.36957,0.44535,0.51301,0.55726,0.61806,0.6555,0.68507,0.69962,0.71343
0.2822,-0.0066702,-0.0011358,0.017422,0.015725,0.018766,0.034179,0.11475,0.21913,0.32966,0.36183,0.44225,0.50836,0.56345,0.62425,0.65241,0.68817,0.69652,0.71962
0.2823,-0.0020273,0.0004118,0.0050412,0.021916,0.021862,0.034179,0.1101,0.22222,0.32347,0.35874,0.4469,0.5161,0.55571,0.6258,0.64622,0.68507,0.69343,0.71653
0.2824,-0.00047968,0.0035071,-0.0042447,0.0095347,0.023409,0.035727,0.12094,0.22532,0.32192,0.36802,0.44225,0.5161,0.56654,0.61496,0.64777,0.68662,0.68414,0.72581
0.2825,-0.0066702,0.0004118,0.0019459,0.0079871,0.017219,0.032632,0.11165,0.22687,0.32347,0.35874,0.44071,0.51146,0.56345,0.61187,0.63848,0.68507,0.67795,0.71653
0.2826,-0.011313,0.0050547,0.0065888,0.021916,0.020314,0.032632,0.099271,0.22687,0.32966,0.36957,0.45154,0.50063,0.56345,0.61032,0.63848,0.68817,0.6795,0.71653
0.2827,-0.0020273,0.0096977,0.015875,0.01263,0.024957,0.027989,0.10237,0.22841,0.32657,0.37731,0.45464,0.50682,0.5588,0.6227,0.64622,0.68352,0.68414,0.72272
0.2828,-0.003575,0.0035071,0.011232,0.011082,0.026505,0.029536,0.10546,0.23306,0.31883,0.36957,0.45309,0.50372,0.56499,0.61341,0.63074,0.68507,0.66866,0.70569
0.2829,-0.0066702,0.0004118,0.0081364,0.018821,0.015671,0.035727,0.12094,0.22841,0.32192,0.36647,0.4438,0.5161,0.57583,0.61806,0.63229,0.68507,0.65938,0.70569
0.283,0.001068,0.0050547,0.0096841,0.0079871,0.014123,0.04037,0.11629,0.22687,0.31883,0.36957,0.4469,0.50836,0.5619,0.61806,0.64622,0.68971,0.66866,0.72581
0.2831,-0.00047968,-0.0042311,0.0050412,0.018821,0.020314,0.04037,0.11784,0.23306,0.32038,0.36338,0.45464,0.50527,0.5588,0.60413,0.64931,0.69126,0.67485,0.71962
0.2832,-0.011313,-0.0042311,0.014327,0.023464,0.023409,0.035727,0.1132,0.22841,0.32192,0.36183,0.46237,0.50991,0.55571,0.59329,0.63384,0.68352,0.68259,0.71962
0.2833,-0.012861,0.0004118,0.0019459,0.023464,0.021862,0.029536,0.1101,0.22532,0.33121,0.35874,0.45618,0.50991,0.5619,0.60103,0.63693,0.68352,0.68878,0.73355
0.2834,-0.0082179,-0.0011358,0.014327,0.020368,0.023409,0.034179,0.11784,0.22532,0.31883,0.37112,0.45154,0.51455,0.56654,0.61032,0.63384,0.68817,0.68569,0.74593
0.2835,-0.0082179,-0.0088741,0.017422,0.020368,0.020314,0.031084,0.11939,0.23151,0.32502,0.35409,0.45618,0.50682,0.56499,0.62115,0.63538,0.68817,0.69343,0.73355
0.2836,-0.00047968,-0.0073264,0.0065888,0.011082,0.026505,0.04037,0.1132,0.22687,0.32966,0.36183,0.44535,0.50991,0.55261,0.6227,0.63693,0.69126,0.69497,0.71498
0.2837,-0.0097655,0.0004118,0.0034935,0.01263,0.028052,0.032632,0.11629,0.23306,0.3343,0.36183,0.43606,0.51455,0.55261,0.6258,0.6261,0.68817,0.69188,0.71962
0.2838,-0.019051,-0.0057788,0.015875,0.020368,0.021862,0.034179,0.1132,0.23151,0.33121,0.35874,0.45154,0.51146,0.55571,0.6227,0.63074,0.68198,0.68723,0.71962
0.2839,-0.015956,0.0004118,0.014327,0.021916,0.020314,0.043465,0.11939,0.22532,0.33121,0.36183,0.46083,0.49753,0.54487,0.61651,0.64622,0.68507,0.68723,0.72736
0.284,-0.012861,-0.0026835,0.0034935,0.023464,0.024957,0.035727,0.11475,0.23151,0.3343,0.36493,0.45464,0.50217,0.54178,0.62115,0.63538,0.68198,0.68723,0.72891
0.2841,0.0026156,0.0004118,0.0034935,0.020368,0.028052,0.032632,0.11475,0.22841,0.32502,0.37576,0.45154,0.50836,0.54023,0.61187,0.6261,0.67579,0.68569,0.72736
0.2842,-0.0020273,0.0004118,0.0065888,0.018821,0.026505,0.026441,0.10701,0.22377,0.32192,0.37112,0.4438,0.5161,0.54178,0.61032,0.6261,0.6696,0.69807,0.72581
0.2843,-0.0097655,-0.0073264,-0.0011494,0.0079871,0.024957,0.035727,0.10856,0.23151,0.32038,0.36028,0.44225,0.50991,0.54797,0.61341,0.623,0.67114,0.70271,0.7351
0.2844,-0.0082179,-0.0057788,0.0019459,0.01263,0.023409,0.034179,0.10546,0.22841,0.32347,0.36183,0.44845,0.50217,0.55106,0.61341,0.63538,0.68198,0.69807,0.72891
0.2845,-0.0020273,-0.0026835,0.0096841,0.011082,0.032695,0.031084,0.1132,0.23151,0.32502,0.37267,0.44845,0.50527,0.5619,0.61496,0.64003,0.68817,0.69652,0.72581
0.2846,-0.0051226,-0.0011358,0.014327,0.0079871,0.0296,0.031084,0.11629,0.22996,0.32038,0.36338,0.44535,0.49753,0.55261,0.60877,0.63538,0.67114,0.69497,0.72736
0.2847,-0.017504,0.0004118,0.0034935,0.021916,0.024957,0.029536,0.11475,0.23925,0.32657,0.35409,0.44225,0.49753,0.55261,0.61032,0.63229,0.67114,0.69343,0.72891
0.2848,-0.0082179,0.00815,0.0081364,0.018821,0.021862,0.04037,0.1132,0.22841,0.33276,0.36028,0.4438,0.49134,0.56035,0.60413,0.63229,0.66805,0.69652,0.71653
0.2849,-0.0051226,0.0066024,0.0034935,0.020368,0.018766,0.032632,0.1132,0.23151,0.32811,0.36338,0.44225,0.49134,0.56035,0.60258,0.6261,0.67424,0.69343,0.73046
0.285,-0.003575,0.0004118,0.0034935,0.011082,0.015671,0.037275,0.11165,0.2346,0.32038,0.37112,0.44071,0.49289,0.55726,0.60877,0.63074,0.67424,0.69807,0.74129
0.2851,-0.0020273,-0.0088741,0.0034935,0.020368,0.028052,0.037275,0.10856,0.22687,0.3343,0.36647,0.43606,0.50217,0.54952,0.60722,0.64003,0.67269,0.70271,0.73819
0.2852,-0.0082179,-0.0011358,0.0065888,0.020368,0.021862,0.031084,0.11475,0.23615,0.32347,0.37112,0.4438,0.50527,0.55571,0.60877,0.63538,0.66805,0.7089,0.73665
0.2853,-0.0082179,0.0004118,0.0081364,0.01263,0.020314,0.035727,0.12094,0.23151,0.32192,0.36338,0.45464,0.49444,0.56035,0.61032,0.63074,0.66805,0.70735,0.72427
0.2854,-0.015956,-0.0011358,0.014327,0.014178,0.017219,0.034179,0.11939,0.2346,0.32347,0.36802,0.4438,0.50063,0.55726,0.6227,0.623,0.67269,0.69962,0.72581
0.2855,-0.0051226,-0.0026835,0.011232,0.0095347,0.017219,0.034179,0.1132,0.22687,0.32038,0.36493,0.45309,0.50682,0.56345,0.61651,0.623,0.68662,0.69807,0.74129
0.2856,-0.00047968,-0.0026835,0.0096841,0.015725,0.018766,0.032632,0.12094,0.22687,0.32038,0.37112,0.45464,0.50063,0.56035,0.61187,0.62919,0.68662,0.69962,0.7351
0.2857,-0.003575,-0.0011358,0.01897,0.026559,0.024957,0.027989,0.11939,0.22996,0.32502,0.37421,0.45464,0.50063,0.5588,0.61187,0.62919,0.66805,0.68723,0.72581
0.2858,-0.012861,0.0050547,0.0065888,0.018821,0.028052,0.029536,0.11784,0.22687,0.3343,0.36802,0.43916,0.50372,0.56964,0.59794,0.63229,0.6696,0.69188,0.7351
0.2859,-0.015956,-0.0011358,0.0050412,0.018821,0.020314,0.034179,0.11939,0.22377,0.33121,0.37112,0.43761,0.50063,0.55726,0.59639,0.63384,0.6665,0.69033,0.73665
0.286,-0.015956,-0.0042311,0.0096841,0.023464,0.020314,0.04037,0.11939,0.23151,0.32657,0.37112,0.4438,0.50217,0.55571,0.61187,0.63229,0.6696,0.69188,0.72581
0.2861,-0.0066702,0.014341,0.0096841,0.015725,0.024957,0.035727,0.11475,0.22841,0.32966,0.36493,0.44225,0.49598,0.55416,0.60722,0.62765,0.67269,0.69343,0.72736
0.2862,-0.0097655,0.0035071,0.014327,0.018821,0.0296,0.034179,0.11939,0.22377,0.33276,0.37421,0.43297,0.4836,0.55571,0.59949,0.62919,0.67888,0.69188,0.72272
0.2863,-0.011313,-0.0026835,0.0019459,0.014178,0.023409,0.032632,0.11165,0.22687,0.32811,0.37886,0.44071,0.49289,0.57118,0.60722,0.63229,0.68971,0.69343,0.71653
0.2864,-0.0051226,0.0019594,0.0019459,0.015725,0.018766,0.038822,0.10082,0.22841,0.31883,0.37112,0.4438,0.49598,0.55416,0.60258,0.63538,0.69436,0.68569,0.73046
0.2865,-0.0066702,0.0050547,0.0019459,0.011082,0.026505,0.037275,0.1132,0.2346,0.32038,0.36028,0.45154,0.48515,0.55106,0.59794,0.63384,0.67888,0.69343,0.72736
0.2866,-0.014408,0.0050547,-0.0011494,0.020368,0.0296,0.031084,0.1101,0.23306,0.32502,0.36028,0.43916,0.49134,0.56035,0.60413,0.63848,0.67114,0.69497,0.72736
0.2867,-0.012861,-0.0042311,-0.0011494,0.020368,0.023409,0.031084,0.10546,0.22222,0.31728,0.36802,0.44071,0.49444,0.5619,0.59639,0.64312,0.6696,0.69807,0.71807
0.2868,-0.0066702,0.0019594,0.0096841,0.018821,0.017219,0.032632,0.11165,0.22222,0.30954,0.3804,0.45464,0.48979,0.54487,0.5902,0.64777,0.67424,0.69343,0.72581
0.2869,-0.0066702,0.0004118,0.017422,0.020368,0.020314,0.032632,0.11784,0.22687,0.32192,0.37267,0.4469,0.49444,0.53249,0.58865,0.6586,0.68198,0.69962,0.732
0.287,-0.019051,-0.0011358,0.0096841,0.025011,0.021862,0.035727,0.11165,0.23151,0.32192,0.37112,0.4438,0.50063,0.54487,0.58246,0.6555,0.67114,0.68723,0.7351
0.2871,-0.0066702,0.0019594,0.0065888,0.020368,0.026505,0.034179,0.10856,0.22841,0.31883,0.37886,0.4438,0.48979,0.54178,0.58246,0.65241,0.66805,0.67485,0.73974
0.2872,-0.00047968,0.0066024,-0.0026971,0.018821,0.028052,0.035727,0.11475,0.22222,0.31419,0.3804,0.4469,0.49289,0.55571,0.58556,0.66169,0.66031,0.68878,0.7351
0.2873,-0.0066702,0.0066024,-0.0011494,0.020368,0.018766,0.031084,0.1101,0.22687,0.33121,0.3835,0.44999,0.50217,0.5588,0.58865,0.64777,0.6665,0.69033,0.72272
0.2874,-0.014408,0.0004118,0.0034935,0.0079871,0.018766,0.024894,0.11165,0.22532,0.32657,0.3804,0.45464,0.49444,0.55106,0.58246,0.64931,0.6696,0.68878,0.73665
0.2875,-0.017504,0.0035071,0.014327,0.014178,0.023409,0.035727,0.11165,0.22222,0.32502,0.37267,0.45154,0.49289,0.54952,0.59484,0.64003,0.67114,0.69343,0.72736
0.2876,-0.0020273,-0.0026835,0.017422,0.0095347,0.024957,0.032632,0.11165,0.22687,0.32657,0.36338,0.4438,0.48825,0.53714,0.58865,0.63848,0.6696,0.68723,0.71343
0.2877,-0.0020273,-0.010422,0.0065888,0.015725,0.0296,0.029536,0.11629,0.22841,0.32192,0.35564,0.44225,0.49444,0.53095,0.5902,0.63538,0.67579,0.69497,0.73665
0.2878,-0.0082179,-0.0042311,0.0050412,0.01263,0.023409,0.031084,0.11939,0.23151,0.32811,0.36647,0.43606,0.4867,0.54178,0.5902,0.64157,0.66495,0.69188,0.73819
0.2879,-0.012861,0.0035071,0.0034935,0.018821,0.020314,0.029536,0.10856,0.22841,0.32502,0.36028,0.4469,0.4867,0.54487,0.58556,0.64157,0.66186,0.69343,0.72736
0.288,-0.0051226,-0.0073264,0.0050412,0.015725,0.0296,0.027989,0.1101,0.22222,0.32811,0.36493,0.45464,0.49289,0.54178,0.59639,0.64003,0.6696,0.69497,0.72272
0.2881,-0.0051226,-0.0088741,0.0081364,0.018821,0.020314,0.031084,0.10701,0.21913,0.32502,0.35719,0.44999,0.4867,0.54797,0.59484,0.64312,0.66805,0.69188,0.73046
0.2882,-0.0020273,-0.0011358,0.011232,0.01263,0.024957,0.037275,0.1101,0.22996,0.32038,0.37421,0.44999,0.4836,0.54023,0.59175,0.64312,0.67424,0.69188,0.73819
0.2883,-0.0082179,-0.0088741,0.0096841,0.018821,0.020314,0.038822,0.11784,0.22222,0.32502,0.37421,0.44225,0.48825,0.55571,0.5902,0.64003,0.68817,0.69033,0.73974
0.2884,-0.003575,-0.0073264,0.020518,0.01263,0.020314,0.029536,0.10856,0.21913,0.32502,0.36647,0.44999,0.49753,0.54797,0.58556,0.63693,0.67424,0.69497,0.74284
0.2885,-0.0097655,-0.0026835,0.015875,0.020368,0.026505,0.032632,0.10701,0.22377,0.32192,0.37112,0.43916,0.49598,0.54178,0.58246,0.63074,0.67269,0.69343,0.74129
0.2886,-0.012861,-0.0026835,0.0081364,0.015725,0.021862,0.034179,0.10546,0.22841,0.32347,0.37731,0.43452,0.4836,0.54023,0.58556,0.64157,0.67424,0.69343,0.73665
0.2887,-0.012861,0.0050547,0.0096841,0.01263,0.024957,0.034179,0.1132,0.22532,0.32966,0.37112,0.44225,0.48205,0.54487,0.58091,0.64931,0.66805,0.69962,0.72581
0.2888,-0.0082179,0.00815,0.0019459,0.014178,0.028052,0.034179,0.10856,0.21758,0.31573,0.37421,0.45309,0.49289,0.55106,0.58865,0.63693,0.68198,0.69807,0.732
0.2889,-0.015956,-0.0011358,0.0019459,0.011082,0.023409,0.027989,0.10546,0.21758,0.32502,0.36647,0.45154,0.50527,0.54487,0.58865,0.62146,0.66805,0.69497,0.73665
0.289,-0.0097655,-0.0073264,0.0050412,0.018821,0.020314,0.034179,0.1101,0.21913,0.32347,0.36647,0.45618,0.50682,0.54487,0.59639,0.63074,0.67888,0.69497,0.73819
0.2891,-0.015956,-0.0088741,0.0050412,0.011082,0.017219,0.037275,0.1101,0.21603,0.32657,0.36647,0.4438,0.49289,0.54023,0.59484,0.62919,0.68352,0.67795,0.73974
0.2892,-0.017504,-0.0042311,0.0096841,0.018821,0.023409,0.04037,0.10856,0.21294,0.32038,0.36647,0.44999,0.48515,0.54642,0.59639,0.64003,0.67888,0.68569,0.73665
0.2893,-0.015956,0.0050547,0.0050412,0.023464,0.026505,0.035727,0.10546,0.21758,0.31728,0.37112,0.44999,0.48515,0.55571,0.5871,0.64003,0.66186,0.68414,0.73665
0.2894,-0.0051226,0.0035071,0.0050412,0.023464,0.021862,0.034179,0.10082,0.22687,0.32192,0.37421,0.44225,0.47896,0.55261,0.57782,0.64157,0.67114,0.69652,0.732
0.2895,-0.0051226,0.0004118,0.0065888,0.014178,0.023409,0.027989,0.10391,0.22687,0.32811,0.37112,0.4438,0.48051,0.54642,0.58865,0.64931,0.67888,0.70426,0.74284
0.2896,-0.0097655,-0.0026835,0.0065888,0.011082,0.032695,0.032632,0.10546,0.22841,0.32038,0.37112,0.45773,0.49598,0.54642,0.59949,0.64931,0.68971,0.69033,0.75367
0.2897,-0.00047968,-0.0042311,0.0019459,0.011082,0.021862,0.043465,0.10856,0.22687,0.31883,0.36647,0.46237,0.49289,0.54487,0.59484,0.64931,0.67888,0.68878,0.74903
0.2898,-0.003575,-0.0011358,0.0065888,0.0095347,0.023409,0.04037,0.10391,0.22532,0.32038,0.36028,0.45464,0.48979,0.54333,0.59329,0.64622,0.66805,0.68259,0.73974
0.2899,-0.0051226,0.0004118,0.0081364,0.020368,0.026505,0.031084,0.10391,0.22841,0.32657,0.36802,0.44999,0.49598,0.55106,0.58865,0.63848,0.67269,0.68259,0.72581
0.29,-0.003575,0.0019594,0.0081364,0.0033442,0.024957,0.032632,0.11165,0.22532,0.32657,0.36028,0.44225,0.50217,0.55726,0.58556,0.64157,0.66495,0.66712,0.73355
0.2901,-0.0082179,0.00815,0.0019459,0.011082,0.021862,0.031084,0.1101,0.22067,0.32811,0.36338,0.43761,0.51301,0.5588,0.58865,0.63693,0.65721,0.66866,0.7351
0.2902,-0.003575,0.0066024,0.0081364,0.0079871,0.028052,0.029536,0.10701,0.22067,0.33121,0.36647,0.43916,0.50372,0.56035,0.5871,0.64157,0.6634,0.67331,0.74438
0.2903,0.0026156,0.0019594,0.0065888,0.011082,0.020314,0.048108,0.10701,0.22687,0.33276,0.36338,0.43916,0.49444,0.55261,0.58556,0.64003,0.67733,0.6795,0.72891
0.2904,-0.003575,-0.0026835,0.0065888,0.011082,0.023409,0.041918,0.11165,0.22996,0.33121,0.36183,0.45154,0.49753,0.56345,0.58401,0.64157,0.66805,0.6764,0.72891
0.2905,-0.0097655,-0.0073264,0.0081364,0.01263,0.023409,0.038822,0.10391,0.22996,0.32966,0.37112,0.44999,0.49598,0.56345,0.59175,0.64312,0.6665,0.67331,0.73819
0.2906,-0.0082179,0.0050547,0.00039822,0.018821,0.023409,0.026441,0.10856,0.2346,0.32811,0.36647,0.4469,0.50682,0.56035,0.59639,0.64312,0.6634,0.6764,0.73974
0.2907,-0.0097655,-0.0026835,0.0034935,0.021916,0.018766,0.035727,0.097723,0.22841,0.32657,0.36647,0.45464,0.50836,0.55416,0.5902,0.63538,0.66186,0.68723,0.73974
0.2908,-0.0066702,0.0004118,0.0081364,0.025011,0.018766,0.034179,0.10546,0.22841,0.33276,0.37112,0.45464,0.51146,0.5588,0.5871,0.62919,0.67114,0.67176,0.74438
0.2909,-0.0097655,-0.0026835,0.0050412,0.015725,0.018766,0.034179,0.099271,0.2346,0.33585,0.37576,0.44999,0.50682,0.57583,0.58556,0.6261,0.67888,0.67176,0.74748
0.291,-0.0097655,-0.0042311,-0.0011494,0.020368,0.026505,0.034179,0.099271,0.23306,0.33121,0.36802,0.4469,0.50217,0.56499,0.58865,0.62919,0.6696,0.65938,0.73665
0.2911,-0.012861,-0.0011358,-0.0011494,0.014178,0.026505,0.029536,0.10082,0.22996,0.33585,0.36957,0.4469,0.49598,0.56654,0.59175,0.63229,0.68507,0.65783,0.74438
0.2912,-0.015956,-0.0011358,0.0034935,0.018821,0.018766,0.029536,0.099271,0.23151,0.3343,0.37112,0.44535,0.48979,0.56345,0.5871,0.63074,0.6696,0.66402,0.74593
0.2913,-0.015956,-0.0011358,0.0050412,0.020368,0.024957,0.037275,0.10082,0.22532,0.33585,0.35874,0.44225,0.49289,0.56654,0.58865,0.63693,0.67114,0.67021,0.73819
0.2914,-0.003575,0.0004118,0.0019459,0.0095347,0.028052,0.034179,0.10237,0.22067,0.32811,0.36028,0.45618,0.47586,0.54642,0.5902,0.64003,0.6696,0.68259,0.74284
0.2915,-0.003575,-0.0057788,0.0050412,0.01263,0.023409,0.032632,0.11475,0.23306,0.34049,0.36647,0.44535,0.47896,0.55726,0.59639,0.63229,0.6665,0.66402,0.74903
0.2916,-0.014408,0.0004118,0.0065888,0.0079871,0.021862,0.038822,0.10391,0.2346,0.32811,0.37112,0.4438,0.47896,0.56035,0.5902,0.64003,0.66495,0.66092,0.73974
0.2917,-0.0082179,0.0035071,0.0081364,0.0064395,0.0296,0.043465,0.10082,0.22841,0.33276,0.36957,0.44225,0.4836,0.5588,0.59175,0.64312,0.65567,0.66866,0.74903
0.2918,-0.003575,-0.0073264,0.0096841,0.014178,0.017219,0.041918,0.099271,0.22687,0.33276,0.36802,0.44535,0.48979,0.55571,0.58865,0.62455,0.65257,0.67176,0.73665
0.2919,-0.012861,-0.0026835,0.0065888,0.021916,0.017219,0.041918,0.10082,0.22841,0.32192,0.36493,0.43761,0.50063,0.55571,0.58865,0.61526,0.6634,0.66712,0.73355
0.292,-0.0097655,0.0019594,0.0065888,0.01263,0.0296,0.034179,0.10546,0.22996,0.32502,0.36493,0.44225,0.50217,0.54797,0.59794,0.6261,0.67269,0.66402,0.73819
0.2921,-0.0082179,0.0019594,0.0034935,0.0095347,0.0296,0.034179,0.10546,0.22532,0.3374,0.35874,0.43297,0.49598,0.54178,0.58401,0.63384,0.6634,0.6764,0.73665
0.2922,0.0026156,-0.0011358,0.0081364,0.018821,0.024957,0.037275,0.10701,0.22687,0.33276,0.35874,0.43916,0.50682,0.54487,0.57318,0.63538,0.67269,0.69033,0.74129
0.2923,-0.003575,0.0035071,0.014327,0.020368,0.026505,0.037275,0.11165,0.22222,0.33121,0.35874,0.44999,0.49289,0.5619,0.57163,0.63538,0.66495,0.69343,0.73665
0.2924,-0.003575,0.0035071,0.0081364,0.01263,0.028052,0.032632,0.1101,0.21758,0.32347,0.35874,0.4469,0.50527,0.55571,0.56698,0.64157,0.65721,0.68569,0.73819
0.2925,-0.0082179,0.0096977,0.00039822,0.014178,0.023409,0.035727,0.10082,0.22687,0.32502,0.35874,0.4438,0.50063,0.55416,0.57472,0.64777,0.66495,0.68259,0.74129
0.2926,-0.0097655,0.0019594,-0.0042447,0.0095347,0.026505,0.032632,0.10546,0.22532,0.33121,0.36493,0.43916,0.49753,0.55571,0.57318,0.64312,0.6634,0.67795,0.73974
0.2927,-0.0051226,0.0050547,0.00039822,0.0079871,0.023409,0.029536,0.11475,0.21913,0.3343,0.36338,0.43761,0.49444,0.55106,0.56544,0.63538,0.6665,0.68259,0.74748
0.2928,-0.0066702,0.0004118,0.0050412,0.021916,0.018766,0.034179,0.1101,0.22532,0.3343,0.35874,0.4469,0.50063,0.54333,0.57472,0.63848,0.6696,0.68569,0.75057
0.2929,-0.0066702,0.0004118,0.0065888,0.021916,0.026505,0.034179,0.1132,0.22067,0.34049,0.35719,0.4438,0.4867,0.54797,0.57318,0.63693,0.6696,0.67485,0.75367
0.293,-0.011313,0.0066024,0.0096841,0.0095347,0.0296,0.038822,0.10701,0.22532,0.32966,0.36028,0.44225,0.4867,0.55261,0.58401,0.64003,0.65567,0.67331,0.76915
0.2931,-0.0051226,-0.0011358,0.011232,0.0064395,0.021862,0.04037,0.10082,0.22532,0.32502,0.36028,0.4438,0.50063,0.55106,0.58401,0.63848,0.66495,0.6764,0.77069
0.2932,-0.012861,-0.0011358,0.0050412,0.0064395,0.020314,0.04037,0.10701,0.21758,0.32347,0.36493,0.4438,0.49134,0.54487,0.58865,0.64622,0.6665,0.68414,0.76141
0.2933,-0.003575,-0.0057788,0.00039822,0.0079871,0.026505,0.037275,0.10546,0.22222,0.32347,0.36028,0.43916,0.48205,0.54797,0.58091,0.64312,0.65876,0.68569,0.76141
0.2934,0.0026156,-0.0042311,0.0034935,0.015725,0.021862,0.029536,0.10082,0.22841,0.32192,0.35719,0.44845,0.48515,0.55571,0.59175,0.63848,0.66031,0.69188,0.75522
0.2935,-0.0020273,0.0004118,0.014327,0.018821,0.018766,0.023346,0.10546,0.22687,0.32811,0.351,0.43916,0.48051,0.55261,0.5902,0.63848,0.66805,0.6795,0.75677
0.2936,-0.003575,-0.0011358,0.0065888,0.015725,0.020314,0.027989,0.1101,0.22222,0.32192,0.351,0.4469,0.48205,0.54952,0.58401,0.63848,0.67733,0.66866,0.76296
0.2937,-0.0020273,0.0019594,0.00039822,0.011082,0.024957,0.029536,0.11475,0.22222,0.32038,0.36028,0.45309,0.49134,0.54487,0.59329,0.63384,0.67888,0.66557,0.74748
0.2938,-0.003575,-0.0042311,0.00039822,0.01263,0.020314,0.034179,0.11475,0.22067,0.32192,0.36183,0.44225,0.48979,0.55261,0.5902,0.64003,0.67114,0.66247,0.74284
0.2939,-0.00047968,0.0050547,0.0019459,0.01263,0.024957,0.029536,0.11165,0.22532,0.32038,0.37112,0.44225,0.48979,0.55571,0.58865,0.63384,0.6634,0.67021,0.73974
0.294,-0.0066702,0.0004118,0.00039822,0.0064395,0.026505,0.032632,0.1101,0.21758,0.32657,0.36493,0.43761,0.48515,0.5588,0.58246,0.63538,0.65721,0.6764,0.75522
0.2941,-0.0020273,0.0035071,0.0034935,0.018821,0.0296,0.034179,0.11165,0.21603,0.3343,0.36802,0.42987,0.48825,0.56345,0.57782,0.63848,0.65102,0.67021,0.7645
0.2942,-0.0066702,-0.0042311,0.0034935,0.01263,0.020314,0.024894,0.10546,0.22067,0.32657,0.35719,0.4469,0.4836,0.56345,0.57472,0.65086,0.64793,0.66557,0.75677
0.2943,-0.0082179,0.00815,-0.0042447,0.021916,0.015671,0.032632,0.1101,0.22067,0.32966,0.35719,0.43606,0.48205,0.55571,0.57782,0.63848,0.65876,0.66247,0.75367
0.2944,-0.0066702,-0.0011358,-0.0026971,0.01263,0.020314,0.037275,0.11165,0.21913,0.32966,0.36183,0.44071,0.48979,0.55726,0.56544,0.62919,0.6665,0.66247,0.75522
0.2945,-0.0066702,-0.0011358,-0.0026971,0.018821,0.026505,0.037275,0.10856,0.22222,0.32657,0.36647,0.4438,0.48051,0.5619,0.58556,0.63384,0.67424,0.66402,0.7645
0.2946,-0.003575,0.0035071,0.00039822,0.026559,0.023409,0.034179,0.1101,0.22067,0.32657,0.36647,0.4438,0.48205,0.55726,0.57472,0.63229,0.6665,0.67021,0.76915
0.2947,-0.0051226,0.0066024,0.0065888,0.025011,0.018766,0.032632,0.10856,0.21294,0.32502,0.35719,0.4438,0.49444,0.55726,0.58865,0.63538,0.66495,0.67021,0.76605
0.2948,-0.0066702,0.0019594,0.0050412,0.018821,0.020314,0.037275,0.11629,0.21603,0.32657,0.35564,0.43761,0.49134,0.55261,0.57782,0.63229,0.65876,0.6795,0.75677
0.2949,-0.0097655,-0.0026835,0.0050412,0.018821,0.028052,0.035727,0.1132,0.22222,0.32502,0.36028,0.4438,0.4867,0.55106,0.57318,0.63229,0.65721,0.67485,0.7676
0.295,-0.0097655,0.0019594,0.0096841,0.015725,0.014123,0.034179,0.11165,0.22067,0.32811,0.35255,0.44071,0.48205,0.55571,0.57008,0.63538,0.66186,0.6764,0.75677
0.2951,-0.014408,0.0050547,0.0050412,0.014178,0.023409,0.034179,0.11165,0.22377,0.32502,0.35874,0.44535,0.4867,0.55106,0.58556,0.63848,0.66186,0.6795,0.76296
0.2952,-0.0066702,0.0019594,-0.0042447,0.014178,0.032695,0.031084,0.10856,0.23306,0.32347,0.36028,0.44535,0.4836,0.56499,0.58556,0.63848,0.66186,0.66866,0.75522
0.2953,-0.0097655,0.0050547,-0.0042447,0.011082,0.028052,0.032632,0.11475,0.22532,0.32811,0.36028,0.44071,0.4836,0.56654,0.5902,0.63538,0.65567,0.6764,0.74593
0.2954,-0.0097655,0.0096977,-0.0026971,0.011082,0.026505,0.032632,0.11475,0.22532,0.32192,0.35564,0.45154,0.47896,0.5588,0.59329,0.63384,0.64948,0.67485,0.74438
0.2955,-0.0082179,0.0004118,-0.0011494,0.014178,0.031147,0.038822,0.1101,0.22067,0.32811,0.35255,0.45464,0.4867,0.55106,0.58865,0.63693,0.65721,0.66866,0.74284
0.2956,-0.0020273,0.0004118,-0.0011494,0.021916,0.03579,0.037275,0.1101,0.22067,0.31728,0.36647,0.45464,0.48515,0.55571,0.58091,0.61991,0.64793,0.66557,0.74903
0.2957,-0.003575,0.0035071,0.015875,0.021916,0.034243,0.029536,0.1132,0.21603,0.31109,0.36338,0.44999,0.47896,0.53868,0.57318,0.60753,0.64948,0.66247,0.75367
0.2958,-0.0082179,-0.0011358,0.0034935,0.0064395,0.028052,0.032632,0.11475,0.22067,0.32502,0.36183,0.4438,0.48825,0.54333,0.56544,0.623,0.64638,0.65938,0.76141
0.2959,-0.0097655,-0.0042311,0.015875,0.023464,0.023409,0.034179,0.11629,0.22841,0.32192,0.35409,0.4438,0.4836,0.53714,0.56389,0.62919,0.65876,0.65164,0.76141
0.296,-0.012861,0.0050547,0.0034935,0.018821,0.026505,0.04037,0.11939,0.22687,0.31728,0.35719,0.43916,0.4836,0.54487,0.57318,0.63074,0.65876,0.64854,0.74748
0.2961,-0.0051226,0.0066024,0.0050412,0.018821,0.021862,0.04037,0.10701,0.22377,0.31573,0.35409,0.43606,0.47432,0.54642,0.58091,0.63538,0.6696,0.64854,0.74284
0.2962,-0.0051226,-0.0011358,0.011232,0.020368,0.024957,0.034179,0.11165,0.21758,0.31883,0.36028,0.44535,0.48825,0.54178,0.56079,0.62765,0.66495,0.65009,0.75057
0.2963,-0.0020273,-0.0011358,0.0034935,0.011082,0.023409,0.026441,0.12094,0.22377,0.32192,0.36028,0.4438,0.48825,0.54178,0.55151,0.62765,0.65876,0.64545,0.75986
0.2964,-0.0066702,0.00815,0.00039822,0.0095347,0.024957,0.035727,0.1101,0.22222,0.31883,0.35564,0.43761,0.47896,0.54642,0.56079,0.63538,0.65721,0.65319,0.76141
0.2965,-0.0097655,0.017436,0.0065888,0.011082,0.024957,0.035727,0.11165,0.21448,0.32502,0.35719,0.43916,0.48515,0.54797,0.56389,0.62919,0.66186,0.65938,0.76296
0.2966,-0.014408,0.0035071,0.015875,0.0064395,0.024957,0.031084,0.10546,0.21448,0.32347,0.36183,0.43606,0.4867,0.55261,0.57163,0.63384,0.67269,0.66402,0.74748
0.2967,-0.0066702,-0.0026835,0.00039822,0.011082,0.017219,0.029536,0.10546,0.21448,0.31728,0.36957,0.43606,0.46813,0.55571,0.57782,0.63384,0.6665,0.66247,0.75677
0.2968,-0.0082179,0.0004118,0.0034935,0.018821,0.021862,0.038822,0.10391,0.22067,0.32502,0.36647,0.4438,0.46813,0.54333,0.57782,0.63229,0.65721,0.66247,0.77379
0.2969,-0.0082179,0.0004118,0.014327,0.011082,0.026505,0.032632,0.10856,0.21294,0.30954,0.35719,0.4438,0.47277,0.54487,0.58865,0.63074,0.6665,0.66402,0.7676
0.297,-0.011313,-0.0026835,0.014327,0.0095347,0.020314,0.035727,0.1132,0.20675,0.30954,0.36338,0.43297,0.49134,0.54487,0.58246,0.63229,0.66495,0.66557,0.75986
0.2971,-0.0097655,0.0035071,0.011232,0.020368,0.026505,0.04037,0.1101,0.2021,0.31109,0.36647,0.44071,0.48205,0.54333,0.57782,0.64003,0.65567,0.65473,0.75367
0.2972,-0.014408,-0.0011358,0.0065888,0.015725,0.018766,0.037275,0.11629,0.2052,0.30799,0.36338,0.4469,0.48979,0.53404,0.58401,0.62919,0.6634,0.64854,0.76296
0.2973,-0.0097655,0.0004118,-0.0011494,0.020368,0.018766,0.037275,0.1132,0.2052,0.30799,0.36493,0.44999,0.49134,0.53404,0.57782,0.63229,0.67114,0.65628,0.76915
0.2974,-0.0020273,-0.0011358,0.014327,0.01263,0.015671,0.037275,0.10546,0.20829,0.31573,0.36493,0.45154,0.47896,0.54642,0.57163,0.63693,0.6665,0.66092,0.7645
0.2975,-0.0051226,-0.0026835,0.00039822,0.018821,0.023409,0.043465,0.10546,0.21139,0.32038,0.36647,0.44535,0.4836,0.53868,0.57937,0.64157,0.66495,0.66402,0.75522
0.2976,-0.0066702,-0.0011358,0.0050412,0.021916,0.024957,0.037275,0.10237,0.21758,0.32038,0.36493,0.4438,0.48515,0.54178,0.57782,0.64622,0.66495,0.66712,0.76915
0.2977,-0.0066702,-0.0042311,0.0096841,0.011082,0.021862,0.037275,0.10237,0.21603,0.31728,0.36493,0.43297,0.48205,0.53404,0.57472,0.63848,0.6665,0.66402,0.76915
0.2978,-0.00047968,-0.0011358,0.0050412,0.011082,0.023409,0.034179,0.10391,0.20984,0.31573,0.36028,0.43606,0.48205,0.54487,0.58401,0.62455,0.6696,0.66712,0.75677
0.2979,-0.0097655,0.0035071,0.017422,0.020368,0.020314,0.035727,0.10856,0.21139,0.31728,0.36957,0.44071,0.47586,0.54178,0.58091,0.62919,0.66495,0.66557,0.76141
0.298,-0.012861,-0.0011358,0.017422,0.014178,0.024957,0.032632,0.11475,0.21758,0.32192,0.36647,0.43761,0.47741,0.53095,0.57627,0.64003,0.66186,0.66866,0.75212
0.2981,-0.014408,-0.0057788,0.011232,0.0079871,0.017219,0.034179,0.12094,0.22222,0.32038,0.36183,0.43606,0.48825,0.53714,0.58401,0.64312,0.67114,0.67485,0.74903
0.2982,-0.0066702,-0.0057788,0.00039822,0.0064395,0.018766,0.031084,0.1101,0.21913,0.32657,0.36183,0.43452,0.49753,0.54178,0.57318,0.63538,0.68198,0.67021,0.75522
0.2983,-0.0097655,-0.0026835,0.0065888,0.01263,0.021862,0.034179,0.1132,0.21294,0.32811,0.37112,0.43142,0.49598,0.55106,0.57163,0.64003,0.67888,0.66712,0.75522
0.2984,-0.0082179,-0.0073264,0.015875,0.011082,0.023409,0.035727,0.10856,0.22067,0.32657,0.36802,0.43452,0.48979,0.54333,0.57472,0.63538,0.66186,0.66712,0.75057
0.2985,-0.011313,-0.010422,0.0050412,0.0079871,0.018766,0.031084,0.1101,0.21913,0.32966,0.36802,0.43452,0.48205,0.54023,0.58246,0.63848,0.66186,0.66557,0.74903
0.2986,-0.0082179,-0.0026835,0.00039822,0.01263,0.020314,0.024894,0.10391,0.21139,0.32966,0.35719,0.44535,0.4867,0.55106,0.58556,0.63693,0.66186,0.66557,0.75367
0.2987,-0.012861,0.0004118,0.0065888,0.0064395,0.026505,0.029536,0.11165,0.20984,0.32502,0.36493,0.42678,0.4867,0.54487,0.58865,0.63848,0.65567,0.67176,0.75522
0.2988,-0.003575,-0.0011358,-0.0011494,0.011082,0.028052,0.035727,0.10546,0.2021,0.32502,0.35719,0.42833,0.48051,0.53249,0.57937,0.64931,0.66031,0.67176,0.74284
0.2989,0.0026156,0.00815,0.0019459,0.025011,0.021862,0.027989,0.099271,0.21758,0.32502,0.36183,0.43916,0.47896,0.53714,0.58401,0.64777,0.66031,0.67331,0.74284
0.299,-0.0020273,-0.0026835,0.0034935,0.01263,0.026505,0.035727,0.099271,0.20829,0.32192,0.36957,0.43606,0.4836,0.54333,0.57782,0.64003,0.6634,0.66557,0.74284
0.2991,-0.00047968,-0.0011358,0.0019459,0.0033442,0.024957,0.037275,0.10237,0.20984,0.31883,0.36183,0.42987,0.47432,0.54952,0.58091,0.64777,0.66805,0.66247,0.76141
0.2992,-0.0051226,0.0019594,0.0019459,0.01263,0.015671,0.035727,0.09308,0.20829,0.31728,0.35719,0.43297,0.48205,0.54178,0.58556,0.63074,0.67424,0.66092,0.7645
0.2993,-0.014408,0.0066024,0.014327,0.015725,0.0296,0.043465,0.10237,0.20829,0.31573,0.36338,0.44535,0.4867,0.54797,0.57163,0.64931,0.6696,0.65009,0.74593
0.2994,-0.011313,0.0019594,0.014327,0.0048918,0.021862,0.035727,0.11475,0.20984,0.31883,0.36493,0.45464,0.47741,0.54797,0.57163,0.65396,0.66805,0.67331,0.74129
0.2995,-0.0082179,0.0004118,0.0019459,0.0033442,0.020314,0.037275,0.10082,0.20675,0.32657,0.36338,0.44225,0.48205,0.54178,0.55925,0.64622,0.67269,0.66866,0.74903
0.2996,-0.0097655,0.0004118,0.0096841,0.0095347,0.020314,0.041918,0.10082,0.20365,0.32347,0.35719,0.43761,0.47277,0.54178,0.55925,0.64003,0.68352,0.66092,0.75522
0.2997,-0.0051226,0.0004118,0.0081364,0.0095347,0.018766,0.04037,0.10856,0.20984,0.31728,0.35874,0.44535,0.46348,0.54023,0.56389,0.63074,0.67424,0.67331,0.74593
0.2998,-0.012861,0.0035071,0.0034935,0.015725,0.023409,0.035727,0.099271,0.21603,0.31883,0.35874,0.43606,0.47432,0.53095,0.56389,0.62146,0.66495,0.67021,0.74284
0.2999,-0.012861,0.0066024,0.0034935,0.014178,0.023409,0.041918,0.10701,0.21139,0.31573,0.36647,0.4438,0.48515,0.54023,0.57008,0.62919,0.66186,0.66712,0.76296
0.3,-0.020599,0.0050547,0.0065888,0.014178,0.026505,0.031084,0.11475,0.21139,0.31109,0.36183,0.44071,0.48515,0.53404,0.57627,0.62765,0.66805,0.67021,0.75522
0.3001,-0.0082179,-0.0042311,0.0019459,0.011082,0.028052,0.034179,0.10856,0.21139,0.32192,0.36338,0.44071,0.47432,0.53714,0.56698,0.62919,0.66495,0.6795,0.75057
0.3002,-0.0097655,-0.0057788,0.0065888,0.0079871,0.026505,0.029536,0.10546,0.21603,0.32192,0.35874,0.4469,0.47432,0.54023,0.57782,0.63074,0.65412,0.67485,0.7645
0.3003,-0.0097655,-0.0073264,0.011232,0.011082,0.028052,0.031084,0.10856,0.22067,0.31883,0.35719,0.42833,0.47896,0.54333,0.57782,0.63074,0.65567,0.6795,0.76296
0.3004,-0.0097655,-0.0042311,0.0081364,0.01263,0.024957,0.041918,0.11939,0.20829,0.31573,0.35719,0.4438,0.49134,0.54023,0.57937,0.62919,0.65567,0.68878,0.76141
0.3005,-0.0066702,-0.0026835,0.0034935,0.014178,0.023409,0.04037,0.11165,0.20984,0.32966,0.351,0.45464,0.49134,0.54797,0.57782,0.623,0.66495,0.68723,0.76296
0.3006,-0.0082179,-0.0011358,0.0019459,0.025011,0.017219,0.034179,0.10856,0.21448,0.33121,0.36028,0.44225,0.49289,0.53714,0.58091,0.623,0.66805,0.6795,0.75367
0.3007,-0.0097655,-0.0026835,0.0034935,0.018821,0.026505,0.038822,0.11475,0.21139,0.32038,0.35564,0.43916,0.4867,0.54642,0.58556,0.623,0.66805,0.67176,0.75677
0.3008,-0.011313,0.011245,0.0019459,0.020368,0.026505,0.034179,0.1132,0.20984,0.32347,0.36802,0.44225,0.47122,0.54952,0.58091,0.6261,0.66805,0.67176,0.75986
0.3009,-0.020599,0.0019594,-0.0011494,0.014178,0.026505,0.031084,0.1101,0.20984,0.32811,0.35719,0.44535,0.47432,0.53404,0.58401,0.63848,0.66186,0.67485,0.7645
0.301,-0.012861,-0.0011358,-0.0026971,0.0048918,0.020314,0.034179,0.11939,0.20984,0.33121,0.35564,0.44845,0.48051,0.54023,0.57937,0.63384,0.66186,0.66866,0.7645
0.3011,-0.012861,-0.0042311,0.0065888,0.0033442,0.021862,0.035727,0.11784,0.21139,0.32966,0.35564,0.43761,0.4836,0.54952,0.58401,0.63229,0.6634,0.65628,0.75522
0.3012,-0.012861,0.0019594,0.0034935,0.0079871,0.020314,0.029536,0.10546,0.21139,0.32502,0.36028,0.43761,0.47896,0.55726,0.58865,0.63074,0.65721,0.65938,0.75212
0.3013,-0.0066702,-0.0073264,0.0050412,0.014178,0.020314,0.04037,0.10856,0.20829,0.32347,0.35719,0.45154,0.4836,0.54487,0.60103,0.63074,0.65567,0.65164,0.75986
0.3014,-0.003575,-0.0011358,0.0050412,0.0079871,0.018766,0.038822,0.11784,0.21139,0.32811,0.351,0.43916,0.47896,0.53404,0.59794,0.623,0.6634,0.65473,0.76141
0.3015,-0.0020273,-0.0073264,0.0050412,0.020368,0.020314,0.035727,0.11784,0.21139,0.32347,0.35719,0.43761,0.48205,0.54023,0.59175,0.62146,0.6665,0.67021,0.74903
0.3016,-0.003575,-0.0026835,0.0065888,0.01263,0.020314,0.034179,0.11475,0.21139,0.31109,0.351,0.44535,0.50063,0.54642,0.58246,0.61526,0.67269,0.6764,0.74748
0.3017,-0.00047968,0.0004118,0.0034935,0.0064395,0.017219,0.041918,0.11165,0.21603,0.31573,0.34171,0.43297,0.50527,0.54797,0.58401,0.62455,0.67888,0.66402,0.74438
0.3018,-0.00047968,-0.0026835,0.00039822,0.021916,0.020314,0.034179,0.10546,0.21448,0.31883,0.34636,0.44225,0.50217,0.53868,0.58556,0.63384,0.66805,0.67021,0.74284
0.3019,-0.00047968,0.0004118,0.0096841,0.025011,0.0296,0.031084,0.10856,0.21139,0.32966,0.34945,0.4438,0.48825,0.53868,0.58865,0.63074,0.65412,0.66866,0.74129
0.302,-0.0066702,0.0004118,0.0081364,0.020368,0.028052,0.029536,0.10237,0.20675,0.32502,0.36028,0.43916,0.48825,0.54487,0.58246,0.63074,0.67269,0.66247,0.75212
0.3021,-0.003575,0.0004118,-0.0011494,0.018821,0.024957,0.029536,0.10082,0.20984,0.32811,0.36338,0.42833,0.49753,0.54642,0.57937,0.63384,0.67424,0.67176,0.74903
0.3022,-0.011313,0.0019594,0.00039822,0.014178,0.021862,0.029536,0.10391,0.21448,0.32657,0.36338,0.43916,0.48979,0.54178,0.5871,0.63074,0.67579,0.66557,0.74903
0.3023,-0.017504,0.0035071,0.0019459,0.014178,0.023409,0.034179,0.10701,0.22067,0.32038,0.35874,0.44225,0.49598,0.53714,0.59175,0.62455,0.66805,0.65473,0.75522
0.3024,-0.0051226,0.0035071,0.0050412,0.015725,0.021862,0.037275,0.11165,0.22067,0.32502,0.35255,0.43761,0.49598,0.53404,0.58246,0.62455,0.65876,0.65628,0.73974
0.3025,-0.0020273,0.00815,0.017422,0.021916,0.015671,0.035727,0.11165,0.21448,0.32811,0.35409,0.44071,0.49598,0.53868,0.58246,0.62919,0.65721,0.66402,0.75057
0.3026,-0.0051226,-0.0057788,0.0065888,0.023464,0.0094804,0.029536,0.10856,0.22222,0.32966,0.35564,0.44071,0.49444,0.54952,0.5902,0.63074,0.65567,0.66866,0.77069
0.3027,-0.0082179,-0.0042311,0.014327,0.018821,0.024957,0.031084,0.1101,0.22532,0.31883,0.36802,0.44535,0.49598,0.55571,0.5902,0.63693,0.66805,0.66402,0.76915
0.3028,-0.0066702,0.0019594,0.014327,0.014178,0.032695,0.038822,0.10701,0.21448,0.32192,0.37421,0.44225,0.48979,0.55106,0.58401,0.62146,0.66031,0.66557,0.76141
0.3029,-0.012861,0.0019594,0.0034935,0.01263,0.021862,0.031084,0.1101,0.22841,0.32192,0.36802,0.4438,0.49598,0.54952,0.58401,0.62765,0.65412,0.66866,0.7645
0.303,-0.0020273,0.0004118,0.0050412,0.014178,0.021862,0.031084,0.10546,0.22377,0.31109,0.36647,0.4469,0.49444,0.55571,0.58091,0.63229,0.66186,0.66866,0.77069
0.3031,-0.0020273,-0.0042311,0.017422,0.018821,0.020314,0.031084,0.10701,0.21448,0.31573,0.35874,0.44225,0.48825,0.54952,0.57782,0.63074,0.65567,0.67331,0.7676
0.3032,-0.0051226,0.0019594,0.014327,0.018821,0.0296,0.032632,0.10546,0.22067,0.32657,0.36183,0.46392,0.4836,0.54797,0.57472,0.62919,0.6634,0.67485,0.75677
0.3033,-0.0051226,0.0096977,0.0019459,0.020368,0.026505,0.031084,0.10391,0.21448,0.31728,0.35719,0.4469,0.48205,0.54333,0.57627,0.62146,0.6665,0.67021,0.75367
0.3034,0.001068,0.0050547,0.0065888,0.01263,0.023409,0.031084,0.1101,0.21294,0.30799,0.36493,0.43916,0.48051,0.54797,0.58401,0.62919,0.65567,0.66092,0.74748
0.3035,-0.0051226,0.0019594,0.0096841,0.020368,0.023409,0.037275,0.11165,0.21758,0.30335,0.37112,0.45618,0.48051,0.54642,0.58401,0.63384,0.65102,0.66557,0.74593
0.3036,-0.012861,-0.0026835,0.015875,0.018821,0.032695,0.04037,0.10546,0.22222,0.3049,0.36802,0.44999,0.48825,0.53095,0.57937,0.62455,0.65102,0.67021,0.74748
0.3037,-0.0051226,-0.0011358,0.014327,0.014178,0.021862,0.035727,0.10546,0.22687,0.30335,0.36493,0.4469,0.49753,0.54023,0.59175,0.62455,0.64948,0.66247,0.74438
0.3038,-0.014408,-0.0073264,0.011232,0.015725,0.021862,0.038822,0.10856,0.21448,0.30335,0.36338,0.44071,0.49444,0.53404,0.58865,0.62765,0.64019,0.66092,0.73665
0.3039,-0.0051226,-0.0057788,0.014327,0.018821,0.020314,0.04037,0.1101,0.21603,0.3049,0.36183,0.45464,0.48051,0.52785,0.58865,0.63229,0.64793,0.66866,0.74129
0.304,-0.0020273,-0.0026835,0.0096841,0.020368,0.026505,0.034179,0.11475,0.21603,0.3049,0.351,0.45464,0.4867,0.5294,0.58246,0.63538,0.6634,0.67176,0.75212
0.3041,0.001068,-0.0011358,0.0034935,0.021916,0.020314,0.031084,0.1101,0.21294,0.31109,0.35409,0.4469,0.47896,0.53095,0.56389,0.63229,0.6665,0.65473,0.75057
0.3042,-0.003575,0.011245,0.0065888,0.01263,0.015671,0.031084,0.11475,0.21139,0.30954,0.35409,0.44999,0.48515,0.53095,0.57318,0.63074,0.65567,0.65164,0.75522
0.3043,-0.0082179,-0.0042311,0.014327,0.018821,0.0296,0.024894,0.10082,0.22377,0.30954,0.35255,0.44535,0.48515,0.53868,0.56698,0.63538,0.64638,0.66092,0.74748
0.3044,-0.015956,-0.0042311,0.0065888,0.014178,0.0296,0.034179,0.10546,0.22687,0.31109,0.35564,0.43761,0.48825,0.54023,0.58246,0.63074,0.65721,0.65319,0.75057
0.3045,-0.0097655,0.0050547,0.0019459,0.018821,0.018766,0.041918,0.10701,0.22377,0.30799,0.35564,0.44071,0.48515,0.53249,0.58246,0.62455,0.65876,0.65783,0.75212
0.3046,-0.0097655,0.0019594,0.0065888,0.020368,0.017219,0.031084,0.097723,0.22377,0.30645,0.36028,0.4469,0.50217,0.52166,0.58246,0.62919,0.65567,0.65473,0.76296
0.3047,-0.015956,-0.0026835,0.0034935,0.021916,0.017219,0.034179,0.10237,0.21603,0.30799,0.36028,0.44535,0.49753,0.54023,0.57318,0.62919,0.67424,0.66557,0.75522
0.3048,-0.00047968,-0.0026835,0.0065888,0.01263,0.026505,0.035727,0.11165,0.22067,0.30954,0.36338,0.44535,0.48979,0.54487,0.57937,0.62919,0.67114,0.66866,0.75367
0.3049,0.001068,-0.0057788,0.0050412,0.021916,0.026505,0.034179,0.11784,0.21603,0.3018,0.36338,0.44845,0.4867,0.54023,0.58865,0.63848,0.67114,0.66712,0.75367
0.305,0.0057109,-0.0026835,0.0065888,0.014178,0.020314,0.035727,0.1132,0.21603,0.3049,0.35719,0.46237,0.48051,0.54333,0.58556,0.62455,0.67114,0.68414,0.74284
0.3051,-0.0051226,-0.0011358,0.0050412,0.014178,0.017219,0.031084,0.10856,0.21758,0.30954,0.36028,0.45464,0.48205,0.53868,0.5871,0.623,0.6696,0.67795,0.74593
0.3052,-0.0097655,-0.0026835,0.017422,0.018821,0.023409,0.035727,0.1132,0.22067,0.30954,0.35874,0.46237,0.48205,0.53714,0.58246,0.62919,0.67114,0.67331,0.74438
0.3053,-0.0051226,0.0066024,0.015875,0.014178,0.018766,0.04037,0.10701,0.21603,0.31109,0.36338,0.4469,0.47896,0.54642,0.58556,0.62919,0.67579,0.64854,0.75212
0.3054,-0.0097655,0.0066024,0.0081364,0.018821,0.026505,0.032632,0.10701,0.21603,0.30799,0.36028,0.44535,0.47432,0.54023,0.60103,0.63384,0.65721,0.65164,0.74748
0.3055,-0.017504,0.0050547,0.0019459,0.021916,0.024957,0.031084,0.1101,0.22222,0.3049,0.36183,0.4469,0.4836,0.53868,0.59175,0.63384,0.66495,0.65009,0.74593
0.3056,-0.0051226,0.011245,0.0034935,0.020368,0.026505,0.035727,0.10856,0.21913,0.3049,0.35719,0.45154,0.46967,0.54333,0.58246,0.6261,0.66031,0.647,0.75677
0.3057,-0.0097655,0.0035071,0.014327,0.026559,0.031147,0.04037,0.10701,0.22067,0.31419,0.35874,0.44535,0.46813,0.54178,0.58556,0.61991,0.65876,0.647,0.75522
0.3058,-0.0066702,-0.0011358,0.0065888,0.018821,0.026505,0.032632,0.1132,0.21913,0.31419,0.36338,0.44845,0.46967,0.54487,0.57782,0.63229,0.64948,0.64854,0.7645
0.3059,-0.011313,0.0019594,0.0034935,0.023464,0.024957,0.027989,0.11475,0.22222,0.3049,0.36028,0.44225,0.48205,0.54333,0.58556,0.64312,0.64948,0.65628,0.75522
0.306,-0.012861,0.0066024,0.0065888,0.014178,0.024957,0.032632,0.10701,0.22222,0.29871,0.36802,0.4469,0.48051,0.54487,0.59484,0.64777,0.6634,0.66712,0.75057
0.3061,-0.0082179,0.0035071,0.0034935,0.0095347,0.023409,0.037275,0.1101,0.22067,0.30026,0.36338,0.46083,0.48051,0.54797,0.58556,0.64003,0.6696,0.67021,0.7645
0.3062,-0.014408,0.0004118,0.0096841,0.018821,0.017219,0.035727,0.11475,0.22222,0.30335,0.35874,0.45154,0.48979,0.54487,0.59175,0.63693,0.67733,0.66866,0.7645
0.3063,-0.0097655,-0.0011358,0.0034935,0.01263,0.023409,0.031084,0.10856,0.21448,0.3018,0.37267,0.44999,0.4836,0.54642,0.58401,0.63538,0.67269,0.67021,0.75677
0.3064,-0.0051226,0.0050547,0.0050412,0.018821,0.024957,0.023346,0.12713,0.21448,0.30645,0.36183,0.4469,0.48825,0.53714,0.5871,0.63229,0.68352,0.66557,0.75212
0.3065,-0.003575,0.0004118,0.0065888,0.020368,0.026505,0.029536,0.1132,0.22067,0.32192,0.36183,0.44071,0.48825,0.5294,0.58865,0.64003,0.67424,0.65938,0.7676
0.3066,-0.003575,0.0035071,0.0019459,0.014178,0.021862,0.029536,0.10237,0.21139,0.31109,0.35874,0.44535,0.47896,0.53714,0.58246,0.63538,0.68198,0.65473,0.77224
0.3067,-0.0020273,-0.0042311,-0.0026971,0.028106,0.017219,0.027989,0.11475,0.21448,0.31109,0.35564,0.44071,0.48515,0.53249,0.59175,0.63229,0.69436,0.65319,0.76141
0.3068,-0.003575,0.0035071,0.0034935,0.018821,0.017219,0.032632,0.11475,0.21913,0.30799,0.35874,0.44845,0.4867,0.53249,0.5902,0.62455,0.68817,0.64545,0.75986
0.3069,-0.0097655,0.0035071,0.0034935,0.0048918,0.023409,0.029536,0.11629,0.21448,0.31109,0.35874,0.44999,0.49134,0.53868,0.58865,0.61836,0.67269,0.66557,0.75212
0.307,-0.017504,0.0004118,0.0081364,0.014178,0.017219,0.035727,0.11165,0.21758,0.31419,0.36338,0.44999,0.47896,0.54023,0.59484,0.62919,0.67424,0.67176,0.76296
0.3071,-0.0097655,-0.0026835,0.0081364,0.018821,0.021862,0.035727,0.10701,0.21913,0.30335,0.36802,0.46547,0.48515,0.53868,0.59175,0.63538,0.68352,0.67176,0.75986
0.3072,-0.003575,0.0035071,0.0034935,0.014178,0.021862,0.043465,0.11165,0.21448,0.31109,0.35564,0.46083,0.49289,0.5263,0.58865,0.64157,0.68198,0.66092,0.75057
0.3073,-0.0066702,0.00815,0.0081364,0.021916,0.015671,0.035727,0.1101,0.21603,0.31109,0.36028,0.45464,0.4836,0.52011,0.58865,0.65086,0.68507,0.67331,0.74748
0.3074,-0.0051226,0.0019594,-0.0011494,0.011082,0.021862,0.037275,0.1101,0.22067,0.30645,0.36493,0.4438,0.4867,0.5294,0.5871,0.65705,0.69126,0.66712,0.75677
0.3075,-0.0097655,-0.0011358,0.0034935,0.011082,0.023409,0.035727,0.1101,0.22532,0.3049,0.36493,0.4438,0.4836,0.52785,0.58865,0.64003,0.68507,0.67176,0.76605
0.3076,-0.0082179,0.0035071,0.014327,0.014178,0.0094804,0.04037,0.1101,0.22377,0.32038,0.36802,0.45309,0.4836,0.53249,0.5871,0.63693,0.67269,0.66557,0.77379
0.3077,-0.0082179,0.0066024,0.014327,0.018821,0.021862,0.032632,0.11165,0.21758,0.31883,0.35564,0.46083,0.47122,0.5263,0.57472,0.63384,0.66495,0.65938,0.76915
0.3078,-0.0051226,0.0050547,0.015875,0.021916,0.026505,0.032632,0.10856,0.21758,0.31109,0.35719,0.44999,0.48205,0.52321,0.57472,0.63384,0.66495,0.66092,0.75522
0.3079,-0.0051226,0.0050547,0.0096841,0.020368,0.020314,0.034179,0.11165,0.21758,0.30799,0.35874,0.4438,0.4836,0.5294,0.57008,0.63384,0.66805,0.66712,0.75522
0.308,-0.0097655,0.0019594,0.0034935,0.011082,0.017219,0.041918,0.12868,0.22532,0.30799,0.35719,0.44535,0.48515,0.53714,0.58091,0.63538,0.67888,0.65473,0.76141
0.3081,0.001068,0.0004118,0.0081364,0.018821,0.020314,0.045013,0.12094,0.22996,0.31419,0.35874,0.4469,0.4836,0.54642,0.57937,0.63693,0.68198,0.65938,0.75057
0.3082,-0.0082179,0.0050547,0.0081364,0.018821,0.017219,0.041918,0.11629,0.22532,0.32038,0.36802,0.44225,0.48825,0.53714,0.57318,0.64312,0.68817,0.67021,0.74748
0.3083,-0.0097655,0.0004118,0.0096841,0.015725,0.020314,0.041918,0.12249,0.22841,0.31883,0.36028,0.44845,0.48515,0.53404,0.56698,0.64003,0.69126,0.66402,0.74438
0.3084,-0.014408,-0.0042311,0.0034935,0.01263,0.0296,0.04037,0.12249,0.22532,0.32192,0.35409,0.45464,0.49134,0.53714,0.56544,0.63848,0.68352,0.65783,0.74903
0.3085,-0.011313,0.0035071,0.00039822,0.021916,0.021862,0.035727,0.11475,0.21758,0.31419,0.35255,0.4438,0.4867,0.53714,0.57782,0.63538,0.6696,0.65938,0.74284
0.3086,-0.0051226,-0.0042311,0.0050412,0.01263,0.021862,0.035727,0.11165,0.22841,0.31109,0.35874,0.44225,0.49134,0.53404,0.56698,0.65396,0.66805,0.65009,0.73665
0.3087,-0.0082179,-0.0073264,0.0081364,0.021916,0.023409,0.037275,0.11939,0.21603,0.3049,0.36028,0.4469,0.4867,0.53868,0.57008,0.65241,0.67579,0.63616,0.73819
0.3088,-0.014408,0.0019594,0.0019459,0.025011,0.023409,0.029536,0.12094,0.22067,0.30799,0.36183,0.43916,0.48825,0.54487,0.56544,0.63848,0.68817,0.64545,0.75212
0.3089,-0.0097655,0.0004118,0.0050412,0.021916,0.018766,0.035727,0.11165,0.22687,0.31109,0.36957,0.44225,0.4836,0.54487,0.57318,0.63848,0.67888,0.64854,0.73974
0.309,-0.015956,-0.0011358,0.0034935,0.021916,0.023409,0.031084,0.11165,0.22841,0.30645,0.36957,0.44225,0.48825,0.54178,0.58401,0.63848,0.68507,0.65164,0.74748
0.3091,-0.0097655,0.0035071,0.014327,0.0095347,0.023409,0.035727,0.11784,0.22067,0.30645,0.35874,0.4438,0.48979,0.54023,0.58091,0.64312,0.68662,0.63926,0.75057
0.3092,-0.0082179,0.0035071,0.0065888,0.01263,0.020314,0.032632,0.12403,0.22067,0.31728,0.35719,0.44225,0.48515,0.54487,0.58091,0.63074,0.67269,0.65009,0.75677
0.3093,-0.012861,-0.0011358,0.0034935,0.018821,0.026505,0.032632,0.12713,0.21758,0.31728,0.35874,0.44225,0.4867,0.54023,0.57627,0.6261,0.67579,0.64854,0.76296
0.3094,-0.014408,0.0004118,0.0034935,0.018821,0.024957,0.031084,0.12094,0.21448,0.30954,0.36493,0.44071,0.50063,0.53249,0.58556,0.63848,0.69126,0.64081,0.74284
0.3095,-0.020599,0.0004118,0.0050412,0.023464,0.017219,0.038822,0.11939,0.22067,0.31419,0.36028,0.43761,0.50063,0.53404,0.59484,0.63848,0.68971,0.64854,0.74129
0.3096,-0.0051226,-0.0011358,0.0019459,0.015725,0.021862,0.037275,0.11475,0.22222,0.32038,0.35874,0.43297,0.49444,0.54487,0.59484,0.63538,0.68662,0.65783,0.74748
0.3097,-0.0020273,-0.0026835,0.0096841,0.015725,0.021862,0.035727,0.12249,0.21603,0.32192,0.36957,0.43142,0.50682,0.54797,0.58556,0.62919,0.70055,0.65009,0.74284
0.3098,-0.0051226,0.0035071,0.0034935,0.025011,0.020314,0.037275,0.1132,0.21294,0.31573,0.36957,0.43916,0.49444,0.54487,0.57782,0.6261,0.69281,0.65628,0.73974
0.3099,-0.003575,0.0035071,0.0034935,0.018821,0.031147,0.034179,0.11784,0.22222,0.30954,0.36493,0.43606,0.49444,0.54023,0.57472,0.63074,0.68817,0.65164,0.74748
0.31,-0.003575,-0.0011358,0.0050412,0.014178,0.023409,0.032632,0.11939,0.21448,0.31109,0.36493,0.43606,0.49753,0.53404,0.57937,0.63538,0.68971,0.65009,0.75367
0.3101,-0.0082179,0.0066024,0.0096841,0.01263,0.021862,0.034179,0.1132,0.21294,0.3049,0.36338,0.43761,0.50372,0.54023,0.57937,0.63538,0.68817,0.65473,0.73665
0.3102,-0.0066702,0.0096977,0.0081364,0.014178,0.0296,0.029536,0.1101,0.21758,0.30954,0.35719,0.44535,0.49598,0.53868,0.59175,0.63693,0.68817,0.66557,0.74438
0.3103,-0.003575,0.0096977,0.0096841,0.014178,0.020314,0.029536,0.11784,0.21758,0.31728,0.36183,0.43452,0.49289,0.54023,0.58556,0.63693,0.68198,0.64854,0.74593
0.3104,-0.014408,0.0019594,0.011232,0.021916,0.018766,0.035727,0.12094,0.22067,0.31573,0.36647,0.44535,0.48515,0.54333,0.58091,0.63693,0.68817,0.65628,0.75057
0.3105,-0.011313,0.0019594,0.014327,0.020368,0.024957,0.048108,0.11784,0.22222,0.30954,0.35719,0.4469,0.49289,0.53095,0.57937,0.64003,0.68971,0.65938,0.74438
0.3106,-0.012861,0.0066024,0.01897,0.021916,0.017219,0.035727,0.11165,0.22532,0.31109,0.36338,0.45154,0.49444,0.53095,0.58246,0.623,0.68817,0.65938,0.74284
0.3107,-0.012861,0.0035071,0.0034935,0.025011,0.015671,0.035727,0.10856,0.22687,0.31109,0.36493,0.45309,0.49598,0.5294,0.57937,0.61836,0.67733,0.65319,0.73355
0.3108,-0.0097655,0.0035071,0.0050412,0.018821,0.014123,0.034179,0.1101,0.22841,0.30335,0.36647,0.44999,0.4836,0.52011,0.5902,0.61991,0.67114,0.65164,0.7351
0.3109,-0.0082179,0.0004118,0.00039822,0.021916,0.0079328,0.032632,0.1132,0.22532,0.30645,0.36338,0.44535,0.48051,0.53714,0.5902,0.62919,0.66805,0.65009,0.732
0.311,-0.0066702,-0.0073264,0.014327,0.01263,0.011028,0.032632,0.10391,0.22532,0.30954,0.36183,0.4469,0.49134,0.53095,0.59175,0.63693,0.68507,0.65473,0.73046
0.3111,-0.0020273,-0.0026835,0.011232,0.021916,0.026505,0.034179,0.10237,0.22222,0.3049,0.35719,0.44225,0.49289,0.53249,0.58556,0.65086,0.68352,0.67331,0.73819
0.3112,-0.0020273,0.00815,0.015875,0.01263,0.015671,0.029536,0.1132,0.22532,0.31109,0.35409,0.44225,0.49289,0.54023,0.57627,0.64777,0.68352,0.65009,0.73046
0.3113,-0.0082179,0.014341,0.011232,0.021916,0.014123,0.031084,0.11629,0.22222,0.31419,0.35409,0.43297,0.49444,0.54023,0.57937,0.62919,0.67114,0.67176,0.732
0.3114,-0.0082179,0.0035071,0.00039822,0.023464,0.023409,0.034179,0.12249,0.22222,0.31109,0.35255,0.43452,0.49134,0.53868,0.58246,0.62765,0.66805,0.67176,0.732
0.3115,-0.012861,0.00815,0.0034935,0.015725,0.026505,0.035727,0.11939,0.21603,0.30335,0.36028,0.4438,0.48515,0.54642,0.58246,0.63384,0.66495,0.67331,0.72581
0.3116,-0.0051226,0.014341,0.014327,0.023464,0.021862,0.046561,0.11939,0.21448,0.32038,0.36028,0.44071,0.4836,0.54178,0.58556,0.63693,0.66805,0.66866,0.72272
0.3117,-0.003575,0.0035071,0.0096841,0.023464,0.023409,0.04037,0.11629,0.21603,0.31573,0.36183,0.44225,0.49444,0.54487,0.58246,0.63848,0.66031,0.66557,0.72891
0.3118,-0.0082179,-0.0026835,0.0034935,0.025011,0.0079328,0.034179,0.11475,0.22067,0.30954,0.36028,0.44071,0.49444,0.53404,0.5871,0.63538,0.65567,0.66402,0.74903
0.3119,-0.012861,-0.0026835,0.0065888,0.01263,0.0094804,0.031084,0.11629,0.21448,0.29561,0.35564,0.43452,0.49289,0.53714,0.5902,0.62455,0.67269,0.65783,0.74593
0.312,-0.012861,-0.0042311,0.0019459,0.0064395,0.021862,0.034179,0.1101,0.21448,0.3049,0.36338,0.43916,0.50217,0.5294,0.59175,0.63074,0.67424,0.66402,0.74593
0.3121,-0.0051226,-0.0026835,0.0019459,0.0048918,0.023409,0.04037,0.1132,0.20984,0.30799,0.36493,0.4438,0.50217,0.5294,0.5902,0.64312,0.6696,0.66866,0.75522
0.3122,-0.0097655,0.0004118,0.0081364,0.0048918,0.020314,0.04037,0.1132,0.21294,0.3049,0.36028,0.44071,0.50063,0.53249,0.58556,0.63848,0.66186,0.67176,0.75212
0.3123,-0.014408,0.0004118,0.0081364,0.011082,0.020314,0.043465,0.11784,0.22222,0.3049,0.36493,0.44225,0.50063,0.53714,0.58865,0.63693,0.66495,0.66866,0.74284
0.3124,-0.0066702,-0.0042311,-0.0026971,0.018821,0.014123,0.041918,0.11475,0.22222,0.30335,0.36957,0.44225,0.49289,0.53868,0.59175,0.63229,0.66031,0.66247,0.73355
0.3125,-0.0082179,-0.0026835,0.0050412,0.021916,0.011028,0.037275,0.1101,0.22222,0.3049,0.36957,0.44535,0.49598,0.54333,0.5902,0.6261,0.6634,0.66247,0.73974
0.3126,-0.003575,0.0019594,0.0065888,0.018821,0.017219,0.034179,0.11784,0.22377,0.30799,0.37421,0.43452,0.50217,0.54487,0.57937,0.62919,0.67114,0.66712,0.74438
0.3127,-0.0051226,0.0004118,0.0050412,0.018821,0.021862,0.032632,0.1132,0.22222,0.31109,0.35719,0.43761,0.51146,0.54023,0.58401,0.63848,0.67733,0.65783,0.74748
0.3128,-0.0020273,0.0004118,0.0081364,0.0095347,0.023409,0.032632,0.11475,0.22222,0.31109,0.36028,0.43452,0.50217,0.52475,0.59329,0.63384,0.6665,0.66402,0.74748
0.3129,-0.003575,0.0004118,0.0034935,0.021916,0.018766,0.035727,0.1132,0.21448,0.31109,0.35874,0.42833,0.49289,0.53095,0.57937,0.63384,0.65721,0.66557,0.75057
0.313,-0.003575,0.0035071,0.0081364,0.021916,0.014123,0.041918,0.10701,0.22687,0.30954,0.36647,0.44225,0.49444,0.54178,0.57472,0.62919,0.64638,0.65628,0.76141
0.3131,-0.00047968,-0.0026835,0.0050412,0.026559,0.015671,0.038822,0.12094,0.22532,0.31109,0.36647,0.43916,0.49444,0.54178,0.57163,0.623,0.66031,0.66402,0.75986
0.3132,-0.0097655,-0.0057788,0.0050412,0.023464,0.017219,0.029536,0.12249,0.22532,0.30799,0.35409,0.44535,0.50063,0.53095,0.56389,0.63074,0.66186,0.67795,0.74903
0.3133,-0.011313,-0.0073264,0.0081364,0.023464,0.021862,0.035727,0.12094,0.21758,0.31109,0.35409,0.44535,0.48979,0.53404,0.57472,0.63384,0.65876,0.66866,0.74129
0.3134,0.001068,-0.0011358,0.0096841,0.021916,0.017219,0.034179,0.11784,0.22067,0.3018,0.36338,0.43916,0.49598,0.53714,0.57472,0.63538,0.66495,0.66866,0.74593
0.3135,-0.0020273,0.00815,0.0096841,0.01263,0.015671,0.034179,0.10856,0.22687,0.31109,0.36493,0.44535,0.50217,0.54333,0.57627,0.63229,0.6634,0.67485,0.75212
0.3136,-0.0097655,-0.0026835,0.00039822,0.014178,0.018766,0.037275,0.10701,0.22841,0.30954,0.35719,0.43452,0.49289,0.54178,0.57163,0.63848,0.67424,0.68414,0.75367
0.3137,-0.0082179,-0.0011358,0.0096841,0.018821,0.0079328,0.029536,0.10546,0.22841,0.31109,0.36957,0.43452,0.49753,0.54178,0.57937,0.64157,0.66186,0.67485,0.7645
0.3138,-0.0097655,0.0050547,0.014327,0.018821,0.020314,0.029536,0.10856,0.22996,0.30799,0.36802,0.43761,0.49598,0.54023,0.58865,0.62919,0.65412,0.67021,0.75677
0.3139,-0.0082179,0.0066024,0.0034935,0.018821,0.032695,0.035727,0.11629,0.22996,0.30954,0.37267,0.43606,0.49134,0.54333,0.59175,0.61836,0.65567,0.67331,0.76296
0.314,-0.0066702,0.00815,0.0050412,0.018821,0.024957,0.035727,0.11165,0.22532,0.31109,0.36493,0.43761,0.48825,0.53714,0.58401,0.61991,0.6696,0.67331,0.76141
0.3141,-0.0097655,0.0004118,0.0081364,0.021916,0.015671,0.038822,0.1101,0.22687,0.31728,0.35564,0.42987,0.49598,0.52475,0.58246,0.62455,0.66805,0.67176,0.75057
0.3142,-0.0082179,0.0019594,0.0096841,0.015725,0.015671,0.037275,0.11475,0.22222,0.32192,0.36183,0.4438,0.49444,0.52475,0.58246,0.62765,0.68198,0.6795,0.74593
0.3143,-0.015956,0.0019594,0.015875,0.023464,0.017219,0.029536,0.11629,0.22532,0.31109,0.36802,0.44535,0.4836,0.52321,0.58556,0.6261,0.6634,0.68414,0.74903
0.3144,-0.014408,0.0050547,0.011232,0.014178,0.028052,0.037275,0.10546,0.22687,0.31728,0.36802,0.4469,0.4867,0.53249,0.57318,0.61991,0.65721,0.69033,0.74903
0.3145,-0.003575,0.0019594,0.0034935,0.018821,0.023409,0.032632,0.10546,0.22532,0.31109,0.36802,0.44535,0.49598,0.53095,0.57937,0.62455,0.65876,0.68723,0.75522
0.3146,-0.0066702,0.00815,0.0081364,0.023464,0.015671,0.035727,0.1101,0.22532,0.30645,0.36493,0.4438,0.48825,0.52166,0.58556,0.6261,0.6634,0.68569,0.75522
0.3147,-0.0066702,0.0050547,0.0096841,0.020368,0.024957,0.037275,0.10546,0.22841,0.31109,0.36802,0.43761,0.49444,0.5294,0.58401,0.63074,0.6665,0.6764,0.7645
0.3148,-0.0082179,-0.0026835,0.015875,0.014178,0.020314,0.034179,0.11475,0.22841,0.30954,0.36802,0.44225,0.49134,0.53868,0.57937,0.6261,0.65412,0.68723,0.7645
0.3149,-0.0051226,0.0004118,0.0034935,0.020368,0.018766,0.032632,0.11475,0.23306,0.3049,0.36493,0.43761,0.48825,0.5294,0.58865,0.6261,0.66495,0.69652,0.75212
0.315,-0.0051226,0.0050547,0.0081364,0.014178,0.020314,0.031084,0.10856,0.22067,0.31419,0.36802,0.43297,0.48979,0.51856,0.58091,0.63693,0.67888,0.69033,0.74438
0.3151,-0.011313,-0.0057788,0.014327,0.021916,0.020314,0.031084,0.10856,0.22067,0.30645,0.37421,0.42833,0.47896,0.51547,0.58246,0.63074,0.66805,0.68878,0.75057
0.3152,-0.003575,0.0004118,0.014327,0.020368,0.020314,0.035727,0.11475,0.22222,0.3049,0.37112,0.42678,0.4867,0.52166,0.5871,0.63384,0.66495,0.68723,0.75522
0.3153,-0.0066702,0.0035071,0.0096841,0.01263,0.023409,0.032632,0.10856,0.22377,0.30799,0.36957,0.43297,0.49134,0.52321,0.59949,0.63229,0.66805,0.68878,0.75057
0.3154,-0.011313,0.0004118,0.0050412,0.023464,0.023409,0.038822,0.1101,0.22532,0.31728,0.36183,0.43606,0.4836,0.51856,0.60103,0.63229,0.67269,0.69033,0.75367
0.3155,-0.014408,-0.0073264,0.0034935,0.023464,0.021862,0.035727,0.1101,0.22377,0.31573,0.36647,0.42987,0.4836,0.52011,0.59484,0.63384,0.68352,0.69343,0.75522
0.3156,-0.017504,-0.0026835,0.0050412,0.020368,0.031147,0.04037,0.11165,0.22996,0.30799,0.36028,0.43606,0.48515,0.51237,0.59175,0.63074,0.66805,0.69033,0.76141
0.3157,-0.0066702,0.0035071,0.0065888,0.025011,0.021862,0.035727,0.11939,0.22841,0.30799,0.35719,0.43606,0.47896,0.52166,0.59484,0.62455,0.67114,0.68569,0.75522
0.3158,-0.003575,0.0019594,0.015875,0.015725,0.024957,0.032632,0.11165,0.22996,0.31109,0.36802,0.44225,0.4836,0.51547,0.59329,0.61681,0.67579,0.68414,0.74903
0.3159,-0.0097655,0.0019594,0.0096841,0.011082,0.024957,0.038822,0.12094,0.22841,0.31419,0.36338,0.43142,0.47896,0.52166,0.59175,0.63693,0.67424,0.67795,0.75057
0.316,-0.0066702,0.0019594,0.0034935,0.01263,0.026505,0.026441,0.10856,0.22377,0.30954,0.35874,0.43606,0.48515,0.54023,0.5902,0.64157,0.66495,0.6764,0.74748
0.3161,-0.014408,0.0019594,0.0065888,0.018821,0.032695,0.034179,0.10237,0.21603,0.30799,0.35719,0.43761,0.48515,0.53404,0.5871,0.63229,0.6665,0.68414,0.74438
0.3162,-0.0066702,0.0019594,0.0050412,0.015725,0.021862,0.031084,0.11475,0.22377,0.3049,0.36183,0.43297,0.48515,0.54023,0.60258,0.62919,0.6665,0.68414,0.75367
0.3163,-0.0020273,0.0035071,0.011232,0.011082,0.021862,0.037275,0.11475,0.22532,0.30335,0.36183,0.44071,0.48205,0.5294,0.60877,0.63229,0.6696,0.67795,0.75367
0.3164,-0.0082179,0.011245,0.011232,0.01263,0.021862,0.038822,0.11475,0.22841,0.30799,0.36028,0.43916,0.47896,0.52011,0.59329,0.6261,0.66805,0.68569,0.75212
0.3165,-0.0097655,0.0019594,0.014327,0.015725,0.024957,0.031084,0.099271,0.22377,0.30645,0.35255,0.43761,0.49289,0.5263,0.58556,0.61681,0.67424,0.67176,0.75057
0.3166,-0.014408,-0.0026835,0.00039822,0.023464,0.026505,0.032632,0.10701,0.22996,0.31109,0.37267,0.44071,0.48515,0.53249,0.60258,0.61836,0.67424,0.66402,0.75057
0.3167,-0.0051226,-0.0042311,0.0034935,0.018821,0.023409,0.034179,0.11784,0.21758,0.31109,0.36493,0.44071,0.47432,0.53249,0.60258,0.62146,0.67269,0.66247,0.74903
0.3168,-0.003575,0.0004118,0.0081364,0.018821,0.015671,0.035727,0.10701,0.21603,0.31573,0.36183,0.44999,0.48051,0.52321,0.59639,0.62146,0.67269,0.66247,0.74284
0.3169,-0.0051226,0.0004118,0.014327,0.021916,0.023409,0.04037,0.11165,0.21758,0.32038,0.36028,0.43916,0.47896,0.51547,0.60103,0.623,0.67733,0.65473,0.75212
0.317,-0.011313,-0.0011358,0.0034935,0.011082,0.021862,0.034179,0.11165,0.21913,0.31728,0.35564,0.43452,0.4836,0.51856,0.5902,0.6261,0.66495,0.66247,0.75367
0.3171,-0.015956,-0.0011358,0.00039822,0.020368,0.023409,0.041918,0.12249,0.22067,0.31883,0.35719,0.43761,0.48515,0.52011,0.59329,0.6261,0.66186,0.67331,0.74438
0.3172,-0.0097655,-0.0026835,-0.0011494,0.014178,0.018766,0.037275,0.11165,0.21603,0.30954,0.36028,0.4438,0.48051,0.53714,0.5871,0.62765,0.66495,0.66866,0.74593
0.3173,-0.0082179,0.0019594,0.0065888,0.01263,0.017219,0.04037,0.10391,0.21448,0.31109,0.35874,0.43761,0.48205,0.53714,0.59175,0.623,0.6696,0.67021,0.75367
0.3174,-0.003575,0.011245,0.0050412,0.0095347,0.020314,0.035727,0.10391,0.23151,0.30645,0.35874,0.43452,0.48515,0.53095,0.58865,0.61836,0.67114,0.66866,0.74748
0.3175,-0.0097655,0.0066024,0.0065888,0.018821,0.023409,0.037275,0.11165,0.23151,0.30954,0.35409,0.43916,0.48205,0.53095,0.59484,0.61372,0.67269,0.66866,0.75677
0.3176,-0.014408,0.0004118,0.0050412,0.023464,0.026505,0.04037,0.1101,0.22841,0.30954,0.351,0.44535,0.48515,0.53095,0.5871,0.61217,0.65721,0.66712,0.76915
0.3177,-0.020599,-0.0011358,0.0034935,0.025011,0.021862,0.035727,0.10237,0.22841,0.30954,0.35409,0.43452,0.4836,0.53249,0.57318,0.61372,0.67888,0.66866,0.7676
0.3178,-0.0051226,0.0035071,0.0096841,0.014178,0.021862,0.032632,0.10391,0.22996,0.31573,0.35409,0.43297,0.48825,0.53868,0.58556,0.60753,0.67114,0.67331,0.77224
0.3179,-0.0051226,-0.0011358,0.0050412,0.015725,0.018766,0.031084,0.10546,0.22996,0.31728,0.351,0.44071,0.48979,0.53868,0.5902,0.60443,0.66186,0.66866,0.77379
0.318,-0.0097655,0.0019594,0.0096841,0.01263,0.018766,0.038822,0.11165,0.23151,0.30799,0.351,0.44225,0.48051,0.54797,0.58401,0.61062,0.66805,0.67176,0.77069
0.3181,-0.0097655,0.0019594,0.0034935,0.018821,0.018766,0.041918,0.1101,0.23615,0.31419,0.34016,0.44225,0.47896,0.53404,0.57937,0.60443,0.67269,0.66557,0.7676
0.3182,-0.0097655,0.0035071,0.0081364,0.015725,0.018766,0.037275,0.11784,0.23306,0.31728,0.34945,0.4469,0.48515,0.52321,0.57318,0.60753,0.67114,0.66712,0.76605
0.3183,-0.0066702,0.0050547,0.0096841,0.020368,0.018766,0.043465,0.10546,0.22996,0.31109,0.34171,0.4469,0.4867,0.52011,0.57318,0.60443,0.68198,0.67176,0.76296
0.3184,-0.0020273,0.0004118,0.0065888,0.021916,0.024957,0.037275,0.1101,0.22067,0.30954,0.33707,0.45154,0.48979,0.52321,0.57937,0.61991,0.67888,0.67176,0.76915
0.3185,-0.0097655,-0.0088741,0.0065888,0.0064395,0.026505,0.034179,0.11475,0.22532,0.31109,0.35255,0.44535,0.48051,0.5263,0.57782,0.63384,0.67269,0.67021,0.76915
0.3186,-0.0097655,-0.0011358,0.0019459,0.0064395,0.020314,0.031084,0.11475,0.21913,0.31419,0.35255,0.45154,0.47432,0.52475,0.57008,0.63074,0.67269,0.66402,0.7676
0.3187,-0.00047968,0.0050547,-0.0026971,0.011082,0.020314,0.031084,0.10391,0.22067,0.29871,0.34171,0.4438,0.49134,0.5263,0.57318,0.6261,0.66805,0.66402,0.7645
0.3188,0.001068,0.0035071,0.0019459,0.020368,0.024957,0.032632,0.10546,0.22687,0.31109,0.34326,0.43916,0.49753,0.53404,0.57782,0.61991,0.67269,0.6764,0.76141
0.3189,-0.011313,0.0050547,0.0034935,0.01263,0.028052,0.038822,0.10856,0.23151,0.31728,0.35564,0.44535,0.48825,0.53714,0.58556,0.6261,0.67733,0.67485,0.76141
0.319,-0.012861,0.0035071,0.0050412,0.0095347,0.021862,0.032632,0.11165,0.22996,0.31573,0.351,0.44071,0.49289,0.54642,0.57937,0.62455,0.67733,0.6764,0.7676
0.3191,0.001068,0.0035071,0.0065888,0.011082,0.021862,0.029536,0.1132,0.22532,0.30645,0.35255,0.44071,0.48051,0.53095,0.58246,0.63074,0.67888,0.66402,0.77069
0.3192,-0.0051226,-0.0011358,0.0034935,0.018821,0.018766,0.029536,0.10856,0.22222,0.30954,0.35409,0.44535,0.47122,0.53249,0.57472,0.62919,0.66805,0.67485,0.77534
0.3193,-0.0020273,-0.0042311,0.0081364,0.021916,0.018766,0.038822,0.10701,0.22067,0.30026,0.35409,0.44071,0.4867,0.53404,0.57008,0.61526,0.6696,0.6764,0.7676
0.3194,-0.0051226,-0.0026835,0.0081364,0.018821,0.020314,0.038822,0.11165,0.22377,0.30954,0.35255,0.4438,0.48515,0.53095,0.57163,0.62146,0.67269,0.68569,0.77224
0.3195,-0.0051226,0.0050547,0.0065888,0.014178,0.014123,0.035727,0.1101,0.21603,0.31109,0.34481,0.43452,0.47741,0.53404,0.57318,0.62455,0.67579,0.68414,0.76141
0.3196,-0.0066702,0.0019594,0.0034935,0.025011,0.014123,0.034179,0.10391,0.22067,0.3018,0.34171,0.43606,0.4836,0.54023,0.57472,0.61836,0.67269,0.67795,0.75212
0.3197,-0.003575,0.0035071,0.00039822,0.01263,0.017219,0.041918,0.1132,0.22222,0.3018,0.35564,0.43761,0.48979,0.53095,0.57318,0.61526,0.6634,0.66866,0.75522
0.3198,-0.003575,0.0050547,0.0034935,0.018821,0.021862,0.035727,0.1101,0.22687,0.30799,0.35719,0.43916,0.48205,0.53404,0.56698,0.62919,0.66186,0.65628,0.75367
0.3199,-0.0082179,-0.0011358,0.0034935,0.020368,0.021862,0.034179,0.10701,0.22377,0.3049,0.36493,0.44071,0.48205,0.53868,0.56234,0.62455,0.66805,0.67021,0.76141
0.32,-0.014408,0.0019594,0.0096841,0.014178,0.021862,0.043465,0.10856,0.22687,0.3049,0.35409,0.43761,0.48825,0.53249,0.58246,0.62455,0.66805,0.67176,0.77224
0.3201,-0.0082179,0.0035071,0.014327,0.026559,0.021862,0.041918,0.11165,0.22067,0.31573,0.351,0.44071,0.48825,0.5294,0.5871,0.62919,0.66805,0.67485,0.76141
0.3202,-0.0082179,0.0019594,0.017422,0.025011,0.020314,0.038822,0.1101,0.22377,0.30954,0.351,0.43916,0.4836,0.5263,0.57472,0.62455,0.6634,0.66866,0.76915
0.3203,-0.0082179,-0.0042311,0.015875,0.021916,0.018766,0.032632,0.1101,0.22377,0.30799,0.35874,0.42833,0.48515,0.5294,0.58091,0.62455,0.66186,0.67331,0.77534
0.3204,-0.0066702,0.0035071,0.0065888,0.011082,0.0296,0.027989,0.12094,0.22532,0.30026,0.36028,0.43297,0.49134,0.5294,0.5871,0.61681,0.66805,0.68878,0.75212
0.3205,-0.0066702,0.0066024,0.0050412,0.0048918,0.020314,0.038822,0.11939,0.22377,0.30335,0.35564,0.43452,0.48979,0.52475,0.58091,0.61991,0.67114,0.69033,0.75057
0.3206,-0.0082179,0.0096977,0.0019459,0.018821,0.026505,0.043465,0.11165,0.22222,0.29716,0.36338,0.42987,0.4867,0.51702,0.57937,0.61836,0.67269,0.69343,0.75057
0.3207,-0.0051226,-0.0011358,0.0050412,0.0079871,0.020314,0.043465,0.11939,0.22377,0.30335,0.36028,0.43142,0.4836,0.52475,0.57472,0.61372,0.67114,0.68569,0.74903
0.3208,-0.003575,0.00815,0.0065888,0.014178,0.026505,0.045013,0.12094,0.22222,0.30026,0.35874,0.43761,0.48515,0.52321,0.57627,0.61681,0.6696,0.67331,0.74593
0.3209,-0.017504,0.0050547,0.0081364,0.015725,0.023409,0.04037,0.11475,0.23151,0.29407,0.35874,0.43452,0.49289,0.51547,0.57318,0.61836,0.65876,0.68569,0.74129
0.321,-0.012861,0.0050547,0.0050412,0.018821,0.021862,0.035727,0.11165,0.22687,0.29561,0.35719,0.43142,0.48825,0.51702,0.56544,0.60907,0.65412,0.69652,0.75367
0.3211,-0.00047968,0.0004118,0.0050412,0.020368,0.020314,0.035727,0.11165,0.22841,0.30335,0.35255,0.42059,0.48825,0.51083,0.56389,0.60907,0.64638,0.70271,0.73974
0.3212,-0.0082179,0.0019594,0.0065888,0.020368,0.021862,0.031084,0.10546,0.22532,0.30645,0.35255,0.41904,0.4867,0.51237,0.56544,0.61217,0.64483,0.69807,0.732
0.3213,-0.0066702,-0.0011358,0.0019459,0.011082,0.023409,0.035727,0.10856,0.23306,0.30954,0.35719,0.42059,0.4836,0.51392,0.57008,0.61991,0.64483,0.69343,0.74438
0.3214,-0.003575,-0.0026835,0.0081364,0.018821,0.015671,0.034179,0.10391,0.23306,0.30335,0.34945,0.42833,0.47896,0.5294,0.56544,0.61062,0.64483,0.68414,0.74903
0.3215,-0.0082179,-0.0026835,0.014327,0.018821,0.020314,0.032632,0.1132,0.22377,0.29716,0.34016,0.43452,0.48979,0.52785,0.56544,0.59669,0.64638,0.69652,0.75057
0.3216,-0.0082179,0.0050547,0.0019459,0.025011,0.020314,0.035727,0.11784,0.22377,0.30335,0.34636,0.42987,0.48825,0.52475,0.57782,0.59669,0.64638,0.69962,0.75367
0.3217,-0.0097655,0.0004118,0.0096841,0.018821,0.021862,0.038822,0.10546,0.22377,0.30335,0.35409,0.41749,0.4867,0.52321,0.56698,0.60753,0.64793,0.69188,0.75212
0.3218,-0.0066702,-0.0057788,0.0034935,0.020368,0.021862,0.041918,0.11629,0.22687,0.30799,0.36338,0.41749,0.48515,0.53249,0.57318,0.59824,0.64174,0.69343,0.75522
0.3219,-0.011313,0.0066024,-0.0011494,0.025011,0.017219,0.032632,0.11475,0.22377,0.29407,0.35719,0.4144,0.48205,0.52166,0.57782,0.58741,0.64174,0.69497,0.74903
0.322,-0.014408,-0.0026835,0.0034935,0.020368,0.021862,0.031084,0.10701,0.22532,0.29097,0.35564,0.41285,0.48205,0.5294,0.57937,0.59515,0.65412,0.69033,0.74438
0.3221,-0.015956,0.0004118,0.0019459,0.014178,0.018766,0.034179,0.10856,0.22067,0.30335,0.36338,0.41749,0.4836,0.52475,0.57318,0.59979,0.63709,0.6795,0.74129
0.3222,-0.015956,-0.0026835,0.00039822,0.014178,0.017219,0.04037,0.1132,0.22067,0.3018,0.35409,0.41594,0.48205,0.52475,0.57782,0.60443,0.64793,0.67485,0.74438
0.3223,-0.015956,0.0019594,0.0096841,0.011082,0.018766,0.035727,0.10856,0.21913,0.3049,0.34636,0.42987,0.48051,0.53249,0.57318,0.61062,0.65721,0.69343,0.75986
0.3224,-0.012861,-0.0026835,0.0034935,0.020368,0.017219,0.041918,0.1132,0.22222,0.30645,0.34945,0.42833,0.4836,0.53404,0.58401,0.60907,0.65102,0.68723,0.75367
0.3225,-0.0051226,-0.0057788,0.0034935,0.0048918,0.015671,0.038822,0.1132,0.21603,0.30335,0.36028,0.41904,0.48979,0.54333,0.57937,0.61526,0.64948,0.68569,0.74284
0.3226,-0.0066702,0.0035071,0.0050412,0.01263,0.020314,0.031084,0.1101,0.22377,0.3049,0.36493,0.41594,0.49289,0.53404,0.57163,0.60907,0.65721,0.69343,0.74748
0.3227,-0.0097655,0.0035071,0.0096841,0.018821,0.020314,0.038822,0.10701,0.22222,0.29871,0.35255,0.42678,0.4867,0.52475,0.56389,0.61062,0.65876,0.68723,0.74593
0.3228,-0.0082179,0.0004118,0.0034935,0.018821,0.028052,0.034179,0.10856,0.22067,0.29561,0.36493,0.42059,0.48515,0.53095,0.57472,0.60907,0.64948,0.68723,0.75057
0.3229,-0.0082179,-0.0011358,0.017422,0.023464,0.026505,0.034179,0.11475,0.21294,0.29407,0.35874,0.42059,0.4836,0.53095,0.57008,0.61526,0.634,0.69033,0.74903
0.323,-0.0051226,-0.0011358,0.011232,0.020368,0.021862,0.032632,0.11475,0.20984,0.29561,0.35255,0.43142,0.49598,0.5294,0.57318,0.61681,0.65567,0.68723,0.73974
0.3231,-0.003575,0.0050547,0.014327,0.018821,0.0296,0.032632,0.1101,0.21294,0.29407,0.34171,0.43452,0.50372,0.52011,0.57937,0.61372,0.66805,0.69188,0.74593
0.3232,-0.0097655,0.0066024,0.015875,0.0079871,0.0296,0.026441,0.1132,0.21603,0.29407,0.34636,0.43452,0.49444,0.53249,0.58556,0.60907,0.6634,0.69807,0.74748
0.3233,-0.011313,-0.0011358,0.01897,0.015725,0.026505,0.032632,0.11784,0.22222,0.3018,0.35564,0.43452,0.47896,0.52475,0.57163,0.59515,0.66031,0.70581,0.75367
0.3234,-0.0082179,-0.0042311,0.015875,0.018821,0.023409,0.034179,0.1101,0.21448,0.30026,0.351,0.42833,0.48205,0.5294,0.56698,0.59824,0.6634,0.68878,0.76141
0.3235,-0.0097655,-0.011969,0.0065888,0.023464,0.024957,0.034179,0.1101,0.21448,0.30335,0.36183,0.41904,0.48051,0.53714,0.57008,0.59669,0.66031,0.68878,0.75057
0.3236,0.001068,-0.0026835,0.0081364,0.029654,0.026505,0.032632,0.1101,0.21603,0.30799,0.35719,0.4113,0.48979,0.52785,0.57318,0.59205,0.64793,0.69343,0.75212
0.3237,-0.0082179,-0.0011358,0.0050412,0.018821,0.0296,0.037275,0.10701,0.21758,0.30645,0.35564,0.40821,0.49134,0.52321,0.57163,0.59979,0.64793,0.69497,0.75522
0.3238,-0.0097655,0.00815,-0.0026971,0.011082,0.024957,0.046561,0.1132,0.22067,0.30026,0.35719,0.4113,0.48205,0.53249,0.56698,0.5936,0.65102,0.68569,0.7645
0.3239,-0.014408,0.011245,0.0034935,0.014178,0.021862,0.037275,0.1132,0.22222,0.29407,0.351,0.4113,0.48051,0.53095,0.56698,0.59979,0.65876,0.67176,0.74593
0.324,-0.0020273,0.0004118,0.0034935,0.014178,0.020314,0.043465,0.12403,0.22532,0.29561,0.35564,0.41749,0.4867,0.52321,0.56544,0.59205,0.6634,0.68569,0.74903
0.3241,-0.0097655,-0.0042311,-0.0026971,0.011082,0.018766,0.035727,0.12868,0.22067,0.29561,0.35564,0.41594,0.48979,0.52475,0.57937,0.58586,0.66031,0.68723,0.74903
0.3242,-0.003575,0.0004118,-0.0026971,0.011082,0.018766,0.029536,0.12403,0.21758,0.29407,0.36802,0.41904,0.47741,0.53404,0.56698,0.58276,0.65876,0.69652,0.75212
0.3243,-0.0051226,-0.0011358,0.00039822,0.014178,0.020314,0.045013,0.11165,0.21758,0.29871,0.35409,0.42059,0.47896,0.53249,0.57318,0.58895,0.66186,0.68723,0.75057
0.3244,-0.0020273,-0.0011358,0.0065888,0.015725,0.014123,0.037275,0.1132,0.22377,0.29407,0.36183,0.42523,0.47277,0.54178,0.58401,0.60443,0.65567,0.68259,0.75367
0.3245,-0.003575,-0.0011358,0.0034935,0.023464,0.020314,0.037275,0.1101,0.22067,0.29097,0.36183,0.40975,0.48051,0.54023,0.57318,0.59824,0.65721,0.68414,0.75367
0.3246,-0.0097655,0.0019594,0.00039822,0.018821,0.020314,0.034179,0.10856,0.22222,0.29871,0.36028,0.4113,0.4867,0.54023,0.56544,0.60134,0.64638,0.6795,0.74284
0.3247,-0.0051226,0.0019594,0.0034935,0.0079871,0.018766,0.034179,0.1101,0.21913,0.28788,0.35409,0.40975,0.48515,0.54178,0.57627,0.60907,0.64948,0.70116,0.74593
0.3248,-0.003575,0.0004118,0.0034935,0.011082,0.023409,0.032632,0.10701,0.22067,0.3018,0.36028,0.40821,0.4836,0.52785,0.57937,0.61526,0.64948,0.70581,0.75522
0.3249,-0.0082179,-0.0011358,0.0081364,0.018821,0.018766,0.04037,0.1101,0.22532,0.29407,0.35564,0.41285,0.48825,0.5263,0.58556,0.61836,0.65721,0.69497,0.74748
0.325,-0.0066702,-0.0011358,0.0081364,0.023464,0.026505,0.04037,0.11165,0.22222,0.30335,0.35255,0.42059,0.4836,0.53714,0.57472,0.61681,0.65721,0.69962,0.75212
0.3251,0.001068,0.0035071,0.0034935,0.018821,0.023409,0.031084,0.1132,0.22841,0.30335,0.35255,0.41749,0.47896,0.52166,0.57318,0.60753,0.65721,0.69033,0.74903
0.3252,-0.00047968,-0.0026835,0.00039822,0.014178,0.0296,0.037275,0.11165,0.22067,0.30335,0.35255,0.41594,0.48515,0.51856,0.57163,0.61062,0.64948,0.68723,0.73974
0.3253,0.001068,0.0035071,0.0034935,0.0095347,0.020314,0.04037,0.11165,0.22687,0.29871,0.35564,0.41749,0.48051,0.53249,0.57008,0.61062,0.64174,0.67331,0.75212
0.3254,-0.00047968,0.0004118,0.0050412,0.01263,0.021862,0.038822,0.11939,0.22222,0.29407,0.35564,0.41594,0.47741,0.53714,0.57782,0.60753,0.66031,0.67331,0.76296
0.3255,-0.003575,-0.0011358,0.0050412,0.015725,0.017219,0.04037,0.1101,0.22222,0.29561,0.35255,0.40975,0.48051,0.53404,0.57318,0.5905,0.64948,0.67485,0.74903
0.3256,-0.0051226,0.0035071,0.0034935,0.021916,0.023409,0.034179,0.1101,0.22067,0.30026,0.34326,0.42523,0.48515,0.51702,0.57163,0.60288,0.64638,0.6795,0.75367
0.3257,-0.003575,0.0066024,-0.0042447,0.014178,0.017219,0.032632,0.11165,0.22377,0.30026,0.34945,0.42678,0.49134,0.52011,0.57008,0.61372,0.66186,0.68414,0.74903
0.3258,-0.0082179,0.0004118,0.0034935,0.011082,0.018766,0.031084,0.10701,0.21603,0.3049,0.351,0.4113,0.48825,0.52475,0.57008,0.61217,0.64174,0.6764,0.74129
0.3259,-0.011313,-0.0042311,0.0034935,0.0079871,0.015671,0.035727,0.1132,0.21913,0.30954,0.35564,0.40975,0.48825,0.52321,0.57163,0.60443,0.64483,0.67176,0.74438
0.326,-0.0097655,-0.0026835,-0.0026971,0.014178,0.014123,0.038822,0.11475,0.22377,0.30954,0.36183,0.41285,0.49444,0.52011,0.57472,0.60288,0.63864,0.68414,0.74438
0.3261,-0.0066702,0.0019594,0.0096841,0.01263,0.017219,0.04037,0.1132,0.22067,0.31109,0.35409,0.4144,0.48515,0.51856,0.57318,0.5936,0.64638,0.68569,0.75057
0.3262,-0.0097655,0.0035071,0.011232,0.018821,0.018766,0.035727,0.10856,0.22377,0.30954,0.35255,0.41594,0.47432,0.53404,0.57472,0.59979,0.65102,0.68414,0.74903
0.3263,-0.0082179,0.011245,0.0096841,0.011082,0.023409,0.034179,0.1101,0.2346,0.30645,0.35719,0.41285,0.48205,0.53095,0.57163,0.59979,0.65102,0.6764,0.75057
0.3264,-0.0097655,-0.0011358,0.0065888,0.011082,0.020314,0.037275,0.10701,0.22532,0.30954,0.351,0.41594,0.47586,0.53868,0.56234,0.59669,0.65412,0.67331,0.74748
0.3265,-0.0097655,-0.0011358,-0.0011494,0.014178,0.017219,0.034179,0.11165,0.22687,0.30335,0.36028,0.40356,0.4836,0.53095,0.57008,0.59515,0.64793,0.67485,0.74593
0.3266,-0.0097655,0.0035071,-0.0011494,0.020368,0.023409,0.035727,0.11475,0.22841,0.30335,0.351,0.40511,0.48979,0.53249,0.57627,0.59515,0.63864,0.67176,0.74129
0.3267,-0.0097655,-0.0042311,-0.0026971,0.025011,0.026505,0.043465,0.11939,0.22841,0.30335,0.35719,0.40975,0.49289,0.53249,0.57163,0.60288,0.63245,0.67331,0.75212
0.3268,-0.0066702,0.0035071,-0.0011494,0.018821,0.024957,0.04037,0.11165,0.22687,0.29407,0.36493,0.41749,0.49134,0.53249,0.56544,0.60443,0.62936,0.6764,0.74903
0.3269,-0.014408,0.0004118,0.0065888,0.01263,0.020314,0.032632,0.1101,0.22996,0.30026,0.35255,0.4144,0.48515,0.53095,0.57163,0.59824,0.64019,0.67021,0.74593
0.327,-0.0097655,0.0004118,0.014327,0.011082,0.028052,0.04037,0.1101,0.22377,0.30335,0.351,0.40975,0.48515,0.53249,0.57782,0.59669,0.63245,0.66712,0.74438
0.3271,-0.015956,0.00815,0.0050412,0.0079871,0.023409,0.034179,0.11475,0.22377,0.29871,0.34326,0.41285,0.48205,0.53249,0.58091,0.59669,0.63555,0.65783,0.74438
0.3272,-0.0097655,0.0035071,0.0019459,0.01263,0.021862,0.032632,0.11939,0.21603,0.30335,0.35255,0.40975,0.48205,0.53095,0.57163,0.60134,0.64948,0.66402,0.73046
0.3273,-0.011313,0.0019594,0.0034935,0.018821,0.017219,0.037275,0.11475,0.21603,0.30026,0.34326,0.41285,0.48979,0.53095,0.55925,0.60753,0.63709,0.67021,0.72891
0.3274,-0.0082179,0.0004118,0.014327,0.01263,0.026505,0.04037,0.11165,0.21603,0.29407,0.34945,0.42059,0.48825,0.53095,0.5546,0.60134,0.64638,0.6795,0.74438
0.3275,-0.0051226,0.0019594,0.0096841,0.021916,0.023409,0.04037,0.11165,0.21448,0.29871,0.34636,0.41749,0.4836,0.53868,0.55151,0.61217,0.65876,0.67485,0.74748
0.3276,-0.0097655,0.0019594,0.0034935,0.011082,0.024957,0.041918,0.11784,0.22841,0.30026,0.35255,0.42368,0.48979,0.5294,0.54841,0.60753,0.64174,0.67331,0.75212
0.3277,-0.017504,-0.0073264,0.0065888,0.0095347,0.020314,0.037275,0.10546,0.22841,0.29407,0.34481,0.42833,0.49444,0.53095,0.5546,0.60753,0.63555,0.66712,0.74903
0.3278,-0.014408,0.0019594,0.017422,0.020368,0.018766,0.038822,0.10701,0.22687,0.28478,0.35874,0.42059,0.50217,0.54642,0.55615,0.61062,0.64483,0.66557,0.75522
0.3279,-0.017504,0.0050547,0.017422,0.015725,0.024957,0.037275,0.11165,0.23151,0.28942,0.36338,0.42523,0.49444,0.55106,0.57318,0.60288,0.64793,0.65783,0.76296
0.328,-0.0066702,0.0035071,0.0081364,0.021916,0.024957,0.04037,0.1132,0.22841,0.30026,0.35874,0.42523,0.4836,0.54023,0.57163,0.60134,0.64638,0.65473,0.76296
0.3281,-0.0082179,0.0019594,0.011232,0.01263,0.026505,0.04037,0.10701,0.21603,0.29871,0.36493,0.42678,0.48515,0.54333,0.57163,0.58741,0.64948,0.66712,0.75522
0.3282,-0.012861,0.0050547,0.0050412,0.018821,0.024957,0.035727,0.10856,0.21294,0.29407,0.36493,0.42059,0.49598,0.53404,0.56389,0.59515,0.64174,0.67176,0.75367
0.3283,-0.0097655,0.0050547,0.011232,0.014178,0.026505,0.037275,0.11475,0.22687,0.3018,0.36183,0.42059,0.49134,0.53249,0.56544,0.59669,0.64019,0.66557,0.73819
0.3284,-0.0051226,0.0066024,0.015875,0.014178,0.020314,0.038822,0.1132,0.22377,0.3018,0.36338,0.4144,0.47896,0.53404,0.57472,0.5905,0.64174,0.66866,0.75367
0.3285,-0.0082179,-0.0011358,0.0096841,0.025011,0.020314,0.04037,0.11475,0.22377,0.30335,0.36802,0.42678,0.48205,0.53249,0.57318,0.58431,0.64948,0.68259,0.75367
0.3286,-0.014408,-0.0026835,0.015875,0.023464,0.018766,0.037275,0.10391,0.22222,0.30645,0.36028,0.42678,0.48515,0.53404,0.55615,0.58895,0.65102,0.68569,0.74593
0.3287,-0.0082179,0.0050547,0.0096841,0.018821,0.020314,0.024894,0.10701,0.22687,0.29871,0.35409,0.41594,0.48205,0.53095,0.57008,0.58741,0.65567,0.6764,0.74129
0.3288,-0.003575,0.0035071,0.0050412,0.011082,0.026505,0.034179,0.11784,0.2346,0.29407,0.35719,0.42523,0.48515,0.53095,0.57782,0.58741,0.64793,0.67485,0.74129
0.3289,-0.0020273,-0.0042311,0.0081364,0.018821,0.023409,0.034179,0.12094,0.23151,0.29252,0.35719,0.42833,0.47586,0.52321,0.57782,0.59669,0.64793,0.66557,0.74903
0.329,-0.011313,0.0035071,0.0019459,0.021916,0.015671,0.034179,0.11165,0.22996,0.29561,0.36183,0.43142,0.47122,0.52321,0.57937,0.59824,0.63864,0.66092,0.74748
0.3291,-0.0097655,0.0035071,0.0081364,0.011082,0.018766,0.031084,0.1132,0.23306,0.28942,0.36183,0.43452,0.47432,0.52475,0.56079,0.61372,0.64948,0.66866,0.75367
0.3292,-0.014408,0.0050547,-0.00734,0.01263,0.023409,0.041918,0.1132,0.22377,0.30335,0.36028,0.42678,0.47277,0.52321,0.56698,0.61062,0.63709,0.6795,0.74438
0.3293,-0.014408,0.0035071,-0.0042447,0.014178,0.0296,0.041918,0.1101,0.22841,0.30954,0.35255,0.42678,0.4867,0.51547,0.57318,0.60288,0.64948,0.68414,0.74903
0.3294,-0.011313,0.0050547,0.0081364,0.0064395,0.0296,0.038822,0.11165,0.22377,0.30026,0.35255,0.43142,0.47896,0.52166,0.57472,0.61526,0.64638,0.6764,0.74284
0.3295,-0.0082179,0.0050547,0.0034935,0.018821,0.020314,0.035727,0.11165,0.22377,0.30026,0.35719,0.42833,0.47277,0.52166,0.57937,0.62146,0.64019,0.66866,0.73355
0.3296,-0.012861,0.0004118,0.0034935,0.021916,0.028052,0.029536,0.10546,0.22996,0.29407,0.36028,0.42987,0.47122,0.52321,0.57008,0.61681,0.634,0.67795,0.74129
0.3297,-0.011313,0.0004118,0.0034935,0.0095347,0.020314,0.031084,0.1101,0.22996,0.29871,0.351,0.43916,0.47586,0.52475,0.57163,0.61372,0.64174,0.67485,0.74284
0.3298,-0.00047968,0.0035071,0.0034935,0.014178,0.014123,0.035727,0.10701,0.22687,0.3049,0.36183,0.42833,0.48515,0.53249,0.56234,0.60753,0.64948,0.66712,0.74438
0.3299,-0.003575,0.0066024,0.0065888,0.01263,0.020314,0.037275,0.11475,0.22687,0.3049,0.36028,0.4144,0.48515,0.53095,0.57472,0.61062,0.64948,0.66557,0.74903
0.33,-0.0097655,0.0035071,0.0050412,0.0095347,0.024957,0.032632,0.1101,0.22687,0.30026,0.34481,0.41285,0.47122,0.52321,0.57627,0.61372,0.64948,0.67331,0.74129
0.3301,-0.0082179,-0.0026835,0.0034935,0.0095347,0.028052,0.035727,0.11475,0.22687,0.3049,0.35255,0.42523,0.47741,0.53095,0.58246,0.59824,0.65412,0.68723,0.73355
0.3302,-0.011313,-0.0011358,0.0096841,0.018821,0.020314,0.04037,0.10856,0.24079,0.29561,0.351,0.42678,0.49134,0.53714,0.59484,0.60288,0.65102,0.68723,0.7351
0.3303,-0.0082179,0.0019594,0.0081364,0.020368,0.021862,0.037275,0.10391,0.22841,0.29252,0.34326,0.42987,0.48515,0.52785,0.60103,0.60288,0.65102,0.67331,0.73046
0.3304,-0.003575,0.0035071,0.014327,0.01263,0.015671,0.035727,0.10856,0.22222,0.29871,0.35564,0.42833,0.48205,0.52785,0.5902,0.61372,0.64174,0.67176,0.72272
0.3305,-0.0082179,0.0019594,0.0081364,0.018821,0.021862,0.045013,0.1101,0.21913,0.3049,0.35719,0.42368,0.47277,0.52475,0.58865,0.61836,0.63864,0.68414,0.72736
0.3306,-0.0082179,0.0019594,0.0096841,0.021916,0.028052,0.032632,0.11939,0.22841,0.30799,0.351,0.42678,0.46967,0.5294,0.58556,0.61526,0.64793,0.68723,0.7351
0.3307,-0.015956,0.0019594,0.015875,0.021916,0.028052,0.032632,0.11784,0.22841,0.30645,0.35255,0.42523,0.47432,0.52785,0.57782,0.61836,0.64638,0.67485,0.7351
0.3308,-0.0066702,0.0004118,-0.0026971,0.018821,0.023409,0.04037,0.12403,0.22222,0.30799,0.35409,0.41749,0.4836,0.5263,0.58246,0.623,0.63864,0.67485,0.72427
0.3309,-0.0051226,0.0035071,0.0065888,0.023464,0.015671,0.038822,0.11629,0.21139,0.3049,0.35255,0.41594,0.48205,0.53249,0.58401,0.60907,0.62317,0.68878,0.72427
0.331,-0.0082179,0.00815,0.0065888,0.01263,0.023409,0.029536,0.11165,0.21758,0.29871,0.34636,0.42523,0.48205,0.5294,0.57318,0.60753,0.62471,0.68259,0.732
0.3311,-0.0097655,0.0066024,0.0081364,0.020368,0.0296,0.04037,0.10701,0.21913,0.3049,0.35255,0.43142,0.47432,0.53095,0.58556,0.60443,0.64793,0.6795,0.73355
0.3312,-0.0082179,0.0004118,0.0096841,0.021916,0.020314,0.041918,0.1132,0.21448,0.29871,0.35719,0.43297,0.48205,0.53249,0.57937,0.61062,0.65876,0.6795,0.7351
0.3313,-0.0066702,0.0019594,0.0050412,0.015725,0.015671,0.04037,0.11629,0.22067,0.29871,0.35409,0.44071,0.48051,0.52166,0.57008,0.60288,0.64483,0.66247,0.73665
0.3314,-0.0097655,0.0050547,-0.0026971,0.0095347,0.020314,0.032632,0.11784,0.22067,0.29871,0.35874,0.43452,0.47741,0.51083,0.57472,0.61372,0.64174,0.66092,0.7351
0.3315,-0.00047968,0.00815,0.00039822,0.0064395,0.017219,0.035727,0.11165,0.21913,0.3018,0.36183,0.43761,0.48051,0.51392,0.57472,0.60907,0.64948,0.66712,0.74129
0.3316,-0.0082179,-0.0011358,0.0081364,0.0095347,0.021862,0.035727,0.11165,0.2346,0.29871,0.35409,0.43452,0.48205,0.53095,0.57163,0.60443,0.63864,0.66866,0.74593
0.3317,0.001068,-0.0026835,0.0019459,0.014178,0.020314,0.038822,0.11784,0.23151,0.30026,0.351,0.43297,0.4836,0.5294,0.57318,0.61991,0.65102,0.65628,0.72891
0.3318,0.001068,0.0019594,0.0050412,0.023464,0.023409,0.041918,0.1132,0.22067,0.29561,0.35719,0.42523,0.48051,0.52321,0.57937,0.61526,0.64174,0.67021,0.71807
0.3319,-0.0097655,0.0019594,0.0096841,0.025011,0.018766,0.043465,0.11475,0.21603,0.30799,0.35255,0.42987,0.47277,0.52475,0.57627,0.61681,0.63864,0.66247,0.71343
0.332,-0.0097655,0.0004118,0.014327,0.020368,0.017219,0.034179,0.11939,0.22841,0.30799,0.35409,0.42987,0.47432,0.51856,0.57008,0.61681,0.634,0.65938,0.71498
0.3321,-0.012861,-0.0011358,0.00039822,0.014178,0.017219,0.032632,0.10082,0.22067,0.30645,0.35564,0.43916,0.48051,0.52785,0.57163,0.623,0.63709,0.67485,0.71807
0.3322,-0.003575,-0.0011358,-0.0026971,0.015725,0.023409,0.038822,0.10391,0.21294,0.3049,0.36028,0.44225,0.4867,0.52166,0.57627,0.61991,0.634,0.66866,0.72581
0.3323,-0.00047968,-0.0042311,0.0050412,0.026559,0.028052,0.034179,0.10701,0.21294,0.29871,0.35874,0.43916,0.48051,0.52475,0.57472,0.61062,0.634,0.67795,0.72581
0.3324,0.001068,0.0004118,0.0050412,0.018821,0.018766,0.038822,0.1101,0.21294,0.29097,0.35874,0.44535,0.47586,0.52475,0.58091,0.61991,0.6309,0.68569,0.71807
0.3325,-0.0020273,-0.0026835,0.0065888,0.025011,0.017219,0.035727,0.11165,0.22222,0.29252,0.35255,0.44071,0.48205,0.52475,0.58401,0.61062,0.63864,0.69033,0.71498
0.3326,-0.0082179,0.0019594,0.0096841,0.01263,0.015671,0.027989,0.1132,0.22222,0.29097,0.35719,0.42987,0.4867,0.52785,0.58246,0.61062,0.63709,0.68414,0.72272
0.3327,0.0026156,0.0050547,0.0050412,0.01263,0.017219,0.037275,0.11939,0.22377,0.29716,0.35564,0.42833,0.47741,0.52321,0.58091,0.60443,0.62936,0.68414,0.732
0.3328,-0.0097655,0.00815,0.0050412,0.015725,0.015671,0.04037,0.10856,0.21448,0.3018,0.351,0.42987,0.47896,0.53095,0.58556,0.61062,0.634,0.67176,0.72272
0.3329,-0.0097655,0.0004118,0.0065888,0.020368,0.021862,0.038822,0.1101,0.21294,0.29561,0.351,0.43606,0.48515,0.53249,0.57318,0.61372,0.63864,0.68414,0.71343
0.333,-0.012861,-0.0026835,0.014327,0.01263,0.017219,0.037275,0.11165,0.22377,0.30335,0.34945,0.43761,0.4836,0.52785,0.56698,0.61681,0.64174,0.6764,0.71343
0.3331,-0.0020273,-0.0026835,0.0096841,0.018821,0.023409,0.038822,0.11165,0.22532,0.29561,0.35719,0.43606,0.48051,0.53095,0.57782,0.60907,0.6309,0.67176,0.72736
0.3332,-0.0020273,0.0019594,0.0081364,0.01263,0.023409,0.032632,0.11475,0.22996,0.29561,0.35564,0.43606,0.47586,0.5294,0.57472,0.60907,0.6309,0.68259,0.73046
0.3333,-0.0066702,0.0019594,0.0065888,0.020368,0.023409,0.035727,0.1101,0.22532,0.29407,0.36183,0.42987,0.47122,0.51392,0.56389,0.60443,0.6309,0.67485,0.74593
0.3334,-0.0066702,-0.0026835,0.0081364,0.0079871,0.017219,0.043465,0.10856,0.22222,0.29252,0.36028,0.42678,0.47122,0.52166,0.56698,0.60907,0.62781,0.66712,0.74748
0.3335,-0.011313,0.0035071,0.0034935,0.021916,0.021862,0.037275,0.1101,0.22377,0.28942,0.35255,0.43142,0.47432,0.52011,0.56389,0.61217,0.62781,0.68414,0.72891
0.3336,-0.015956,0.0004118,0.0096841,0.018821,0.023409,0.027989,0.1132,0.22841,0.28942,0.35719,0.43142,0.47277,0.53095,0.56389,0.60753,0.634,0.67485,0.72891
0.3337,-0.0097655,0.0019594,0.0019459,0.011082,0.023409,0.034179,0.11629,0.22841,0.29871,0.36028,0.42523,0.47741,0.52321,0.56234,0.60753,0.64793,0.66866,0.71498
0.3338,-0.0020273,0.0096977,-0.00734,0.01263,0.020314,0.031084,0.11475,0.21603,0.30026,0.35564,0.41904,0.47277,0.51547,0.55615,0.61836,0.64948,0.66712,0.71962
0.3339,-0.012861,0.0004118,0.0065888,0.018821,0.018766,0.034179,0.11784,0.22377,0.29097,0.35409,0.42987,0.46348,0.52011,0.55615,0.61372,0.634,0.67331,0.72272
0.334,-0.019051,0.0004118,0.0096841,0.025011,0.021862,0.026441,0.11784,0.21913,0.28788,0.36028,0.41749,0.47432,0.5294,0.57008,0.60443,0.62936,0.67331,0.732
0.3341,-0.015956,0.0050547,0.0050412,0.014178,0.023409,0.029536,0.1132,0.22377,0.29252,0.35719,0.42987,0.47122,0.5294,0.57472,0.60288,0.62626,0.67021,0.72891
0.3342,-0.014408,0.0050547,0.0065888,0.01263,0.021862,0.032632,0.11475,0.22687,0.29561,0.34636,0.43452,0.46813,0.52011,0.56234,0.61217,0.63245,0.67331,0.73974
0.3343,-0.0066702,0.0035071,0.0065888,0.01263,0.021862,0.029536,0.11475,0.22377,0.29097,0.34945,0.42833,0.48205,0.52011,0.57318,0.59515,0.6309,0.66092,0.732
0.3344,-0.003575,0.0004118,0.0065888,0.020368,0.017219,0.038822,0.10701,0.21448,0.29097,0.35564,0.42987,0.47586,0.52166,0.58091,0.60134,0.62781,0.65473,0.71188
0.3345,-0.00047968,-0.0011358,-0.0026971,0.018821,0.021862,0.038822,0.11475,0.22067,0.29252,0.36338,0.42678,0.47432,0.52321,0.57472,0.60443,0.62781,0.66557,0.72272
0.3346,0.001068,-0.0011358,0.00039822,0.011082,0.023409,0.04037,0.12094,0.22222,0.29561,0.34481,0.43297,0.48515,0.52011,0.57782,0.60907,0.64483,0.66247,0.72891
0.3347,-0.0020273,0.00815,0.0096841,0.020368,0.020314,0.024894,0.12403,0.22067,0.29252,0.35255,0.42833,0.47896,0.51083,0.57318,0.60288,0.64174,0.66402,0.72736
0.3348,-0.0020273,0.0096977,0.0050412,0.025011,0.028052,0.027989,0.11165,0.22222,0.29097,0.35719,0.41904,0.46967,0.50773,0.56698,0.59205,0.6309,0.67021,0.72891
0.3349,-0.0082179,0.0050547,0.00039822,0.020368,0.021862,0.034179,0.11165,0.22067,0.29097,0.35255,0.42987,0.47277,0.52475,0.57318,0.59515,0.63245,0.67021,0.72272
0.335,-0.0097655,0.0096977,-0.0011494,0.01263,0.020314,0.029536,0.11784,0.21139,0.29097,0.35409,0.43297,0.46967,0.53095,0.57318,0.60134,0.64019,0.67331,0.72581
0.3351,-0.003575,0.00815,0.0034935,0.015725,0.023409,0.034179,0.11165,0.22222,0.28478,0.35409,0.42678,0.46967,0.52321,0.56698,0.61217,0.63555,0.66402,0.732
0.3352,-0.0097655,0.00815,0.0019459,0.015725,0.021862,0.034179,0.12094,0.22532,0.28788,0.35255,0.41904,0.46039,0.51856,0.56389,0.623,0.64174,0.65938,0.71962
0.3353,-0.0082179,0.0019594,0.0096841,0.015725,0.021862,0.037275,0.1132,0.22996,0.28478,0.35874,0.43142,0.46813,0.51856,0.57008,0.61681,0.64948,0.65938,0.71962
0.3354,-0.0051226,0.0066024,0.0050412,0.025011,0.018766,0.031084,0.1101,0.23151,0.28942,0.36028,0.42678,0.47122,0.5263,0.57782,0.61217,0.64638,0.65783,0.71498
0.3355,-0.012861,0.00815,0.00039822,0.0095347,0.014123,0.032632,0.11475,0.22067,0.29252,0.35564,0.41904,0.46503,0.52011,0.57937,0.61991,0.65102,0.65783,0.71653
0.3356,-0.0082179,0.0050547,0.0050412,0.018821,0.021862,0.031084,0.11629,0.22532,0.29407,0.35719,0.42987,0.46813,0.52011,0.57163,0.61681,0.63709,0.65164,0.72272
0.3357,-0.017504,0.0096977,0.0065888,0.011082,0.018766,0.032632,0.12713,0.22377,0.29871,0.36338,0.42678,0.45884,0.51856,0.58091,0.61217,0.62781,0.647,0.72272
0.3358,-0.015956,0.0035071,0.0034935,0.021916,0.020314,0.034179,0.11475,0.21758,0.28942,0.351,0.42833,0.45574,0.5263,0.57782,0.6261,0.6309,0.65164,0.73355
0.3359,-0.003575,0.015888,0.0034935,0.01263,0.017219,0.034179,0.11165,0.21448,0.28323,0.351,0.42987,0.46039,0.53404,0.57318,0.61836,0.62626,0.65938,0.74438
0.336,-0.0020273,0.0066024,0.011232,0.018821,0.028052,0.034179,0.11475,0.22377,0.28478,0.35409,0.42523,0.45574,0.52321,0.57318,0.62146,0.61698,0.66712,0.73355
0.3361,-0.0020273,0.0035071,0.0050412,0.025011,0.024957,0.031084,0.11784,0.22532,0.29252,0.35874,0.42059,0.45884,0.52011,0.57163,0.61681,0.62626,0.6795,0.74129
0.3362,-0.012861,-0.0026835,0.0050412,0.018821,0.017219,0.027989,0.11165,0.22067,0.28633,0.35719,0.41904,0.46658,0.52011,0.56079,0.60134,0.62936,0.67485,0.74748
0.3363,-0.0082179,-0.0011358,0.0081364,0.015725,0.018766,0.035727,0.11939,0.22067,0.28942,0.36183,0.42368,0.46967,0.52475,0.56389,0.60288,0.62162,0.67176,0.74903
0.3364,-0.015956,0.0019594,-0.0011494,0.023464,0.014123,0.034179,0.11939,0.21913,0.28633,0.35409,0.43761,0.46658,0.5263,0.56079,0.60443,0.62471,0.67176,0.74593
0.3365,-0.014408,0.0004118,0.0081364,0.020368,0.018766,0.035727,0.11784,0.22067,0.29252,0.35564,0.43761,0.46348,0.51856,0.55615,0.60753,0.62936,0.67331,0.74129
0.3366,-0.015956,0.0035071,0.0065888,0.021916,0.020314,0.032632,0.11939,0.22377,0.29561,0.36028,0.43606,0.46658,0.51392,0.56234,0.61681,0.63245,0.67485,0.74593
0.3367,-0.003575,0.0019594,0.0081364,0.025011,0.021862,0.032632,0.10856,0.21448,0.29252,0.35719,0.42987,0.46503,0.51547,0.5577,0.61681,0.62471,0.66866,0.74903
0.3368,0.0026156,0.0004118,-0.0011494,0.023464,0.020314,0.027989,0.1132,0.22377,0.28788,0.34945,0.42833,0.47277,0.53249,0.56544,0.61681,0.62781,0.68569,0.74748
0.3369,0.0088062,0.0004118,-0.0011494,0.023464,0.024957,0.026441,0.10856,0.22067,0.29561,0.36338,0.42523,0.48205,0.51856,0.57008,0.61062,0.63555,0.66866,0.74903
0.337,-0.003575,-0.0011358,0.0050412,0.014178,0.0296,0.031084,0.11165,0.22377,0.29252,0.35719,0.43142,0.47586,0.51856,0.56698,0.61217,0.63555,0.66866,0.74593
0.3371,-0.0020273,0.00815,0.0034935,0.01263,0.015671,0.034179,0.1101,0.22532,0.29407,0.35255,0.42987,0.46039,0.51083,0.57008,0.61526,0.62781,0.66866,0.74129
0.3372,-0.0020273,0.0004118,0.0034935,0.020368,0.021862,0.037275,0.1101,0.22841,0.3049,0.35409,0.43452,0.46348,0.51237,0.5577,0.61681,0.634,0.67176,0.75212
0.3373,0.0026156,0.0050547,0.0034935,0.020368,0.028052,0.037275,0.11165,0.22377,0.3018,0.35564,0.42678,0.46503,0.51237,0.56544,0.59515,0.64948,0.68259,0.76141
0.3374,-0.0020273,0.0019594,-0.0026971,0.0079871,0.023409,0.034179,0.1132,0.21913,0.29561,0.35255,0.43142,0.45574,0.50309,0.55615,0.59979,0.64483,0.68878,0.76296
0.3375,-0.0097655,0.0004118,0.0034935,0.0064395,0.014123,0.038822,0.11475,0.22067,0.28942,0.35719,0.43606,0.46503,0.49535,0.5577,0.60753,0.63555,0.67176,0.7645
0.3376,-0.003575,0.0019594,0.0065888,0.0064395,0.020314,0.032632,0.11165,0.21913,0.28942,0.35719,0.42678,0.46348,0.50928,0.56544,0.60443,0.62936,0.66092,0.75677
0.3377,-0.0020273,0.0004118,0.011232,0.014178,0.021862,0.031084,0.11784,0.21758,0.29407,0.351,0.43452,0.46039,0.50154,0.56544,0.61681,0.62317,0.66557,0.75367
0.3378,-0.0066702,-0.0011358,0.0019459,0.0095347,0.023409,0.034179,0.1101,0.21603,0.29561,0.351,0.43916,0.46503,0.50464,0.56389,0.61217,0.61852,0.66557,0.75367
0.3379,-0.0051226,0.0004118,0.0050412,0.025011,0.014123,0.037275,0.10856,0.20984,0.28633,0.35409,0.43761,0.47277,0.51702,0.56234,0.61372,0.62781,0.66866,0.76296
0.338,-0.011313,0.0035071,0.0065888,0.020368,0.017219,0.027989,0.11475,0.21603,0.28633,0.34481,0.42059,0.47586,0.51856,0.55615,0.623,0.6309,0.66866,0.74748
0.3381,-0.014408,0.0019594,0.0065888,0.018821,0.015671,0.027989,0.11165,0.22222,0.28323,0.34171,0.42059,0.46348,0.51392,0.56544,0.61217,0.62162,0.67021,0.72581
0.3382,-0.011313,-0.0011358,0.0019459,0.020368,0.023409,0.035727,0.1132,0.21913,0.28168,0.34326,0.41749,0.46348,0.52321,0.55925,0.60907,0.63709,0.68414,0.73046
0.3383,-0.0066702,0.0004118,0.017422,0.01263,0.021862,0.037275,0.11939,0.21913,0.27395,0.351,0.42987,0.46503,0.52166,0.57163,0.61836,0.63245,0.68259,0.73046
0.3384,-0.003575,0.0066024,0.017422,0.01263,0.024957,0.032632,0.1132,0.20984,0.28014,0.35255,0.42678,0.46503,0.52785,0.57937,0.61836,0.63709,0.68259,0.73046
0.3385,-0.003575,0.0096977,0.0050412,0.018821,0.028052,0.041918,0.12094,0.21913,0.28478,0.35255,0.41749,0.46967,0.53095,0.57163,0.60443,0.64793,0.69962,0.72891
0.3386,-0.0020273,0.00815,-0.0026971,0.011082,0.020314,0.032632,0.11784,0.22377,0.28014,0.35409,0.42523,0.46348,0.53249,0.56389,0.60907,0.64793,0.68414,0.72891
0.3387,-0.003575,0.0004118,0.0065888,0.018821,0.020314,0.034179,0.11165,0.21603,0.27395,0.35564,0.43761,0.45729,0.5294,0.57008,0.60288,0.65567,0.67485,0.73046
0.3388,-0.003575,-0.0057788,0.0019459,0.018821,0.024957,0.034179,0.1132,0.21603,0.28633,0.34636,0.42833,0.46967,0.52475,0.57163,0.59205,0.64174,0.67485,0.72581
0.3389,-0.0097655,-0.0026835,0.0034935,0.020368,0.018766,0.034179,0.10701,0.21913,0.29097,0.34326,0.42833,0.47432,0.51856,0.5577,0.60443,0.64483,0.66866,0.73974
0.339,-0.0066702,-0.0011358,0.0050412,0.026559,0.011028,0.035727,0.11939,0.21758,0.29561,0.35564,0.42059,0.47277,0.51547,0.55925,0.60753,0.63864,0.65938,0.73665
0.3391,0.0026156,0.0019594,0.014327,0.018821,0.021862,0.034179,0.11784,0.21758,0.29097,0.35255,0.41749,0.47896,0.52011,0.56389,0.61217,0.63864,0.65473,0.72427
0.3392,-0.003575,0.0019594,0.0081364,0.0095347,0.026505,0.035727,0.11629,0.21913,0.28478,0.34171,0.42059,0.47586,0.51237,0.56389,0.60907,0.64019,0.66402,0.72736
0.3393,-0.0020273,0.0004118,0.0034935,0.011082,0.023409,0.037275,0.11784,0.22841,0.28014,0.34326,0.42059,0.47277,0.52011,0.55925,0.61681,0.64174,0.66557,0.732
0.3394,-0.0020273,0.0050547,0.0050412,0.023464,0.020314,0.038822,0.11784,0.22687,0.28478,0.34945,0.43452,0.46658,0.5263,0.55615,0.61372,0.64483,0.66402,0.73355
0.3395,-0.0097655,0.00815,0.0050412,0.021916,0.018766,0.035727,0.11475,0.21758,0.29561,0.35255,0.43142,0.46503,0.52321,0.56389,0.60288,0.64948,0.67331,0.72581
0.3396,-0.003575,0.0035071,0.0096841,0.018821,0.020314,0.034179,0.1101,0.21913,0.3018,0.34481,0.42059,0.47122,0.53095,0.56698,0.60134,0.65102,0.67331,0.71498
0.3397,-0.003575,0.0035071,0.0034935,0.0095347,0.017219,0.032632,0.1132,0.22222,0.29097,0.34945,0.41904,0.46813,0.5294,0.56079,0.61991,0.63245,0.66402,0.72736
0.3398,-0.003575,0.0096977,0.015875,0.01263,0.020314,0.041918,0.11165,0.21758,0.28942,0.34016,0.42059,0.46813,0.53095,0.5546,0.62765,0.63245,0.66247,0.73819
0.3399,-0.0066702,0.0035071,0.0065888,0.014178,0.020314,0.041918,0.11475,0.21913,0.29407,0.33862,0.42833,0.46348,0.52011,0.56544,0.61681,0.64793,0.66402,0.73974
0.34,-0.0066702,0.0004118,0.0034935,0.014178,0.018766,0.024894,0.10546,0.22222,0.28788,0.35564,0.42523,0.47586,0.51856,0.56698,0.61526,0.64948,0.65938,0.73046
0.3401,-0.0066702,-0.0026835,0.0096841,0.0064395,0.017219,0.034179,0.10856,0.22067,0.29407,0.35874,0.41749,0.47586,0.51547,0.56544,0.61062,0.64638,0.66712,0.72891
0.3402,-0.011313,0.0066024,0.015875,0.011082,0.021862,0.029536,0.11165,0.21758,0.29252,0.35409,0.42987,0.46503,0.51392,0.55925,0.61372,0.63709,0.67021,0.71498
0.3403,-0.0066702,-0.0011358,0.0034935,0.023464,0.020314,0.029536,0.10856,0.22377,0.29252,0.34481,0.43142,0.46967,0.52321,0.56079,0.61217,0.63245,0.66866,0.71034
0.3404,-0.014408,-0.0042311,0.0034935,0.0095347,0.0296,0.038822,0.10856,0.22532,0.28633,0.351,0.42987,0.47122,0.52011,0.56079,0.60288,0.64638,0.65783,0.72736
0.3405,-0.012861,-0.0011358,0.0034935,0.014178,0.023409,0.035727,0.11165,0.22841,0.28323,0.351,0.42368,0.45884,0.51547,0.5546,0.61062,0.64019,0.66092,0.71962
0.3406,-0.0051226,0.0004118,0.0081364,0.0079871,0.014123,0.038822,0.1132,0.22377,0.27395,0.35874,0.42368,0.45729,0.52475,0.56234,0.61836,0.63864,0.66402,0.72272
0.3407,-0.0020273,0.0035071,0.0050412,0.0079871,0.020314,0.038822,0.10856,0.23151,0.28014,0.34326,0.41594,0.45729,0.51856,0.55925,0.61526,0.64793,0.67176,0.72272
0.3408,-0.003575,0.0035071,0.0019459,0.014178,0.020314,0.034179,0.11165,0.22377,0.2724,0.34171,0.41904,0.46813,0.53249,0.57163,0.61991,0.64174,0.67795,0.72427
0.3409,-0.017504,0.0019594,0.017422,0.018821,0.018766,0.043465,0.10546,0.21758,0.28323,0.34016,0.42678,0.46658,0.53249,0.5546,0.62455,0.64948,0.68414,0.71188
0.341,-0.0066702,-0.0011358,0.0096841,0.023464,0.021862,0.032632,0.10701,0.22687,0.28942,0.34945,0.4144,0.45884,0.51392,0.56079,0.61217,0.65876,0.6764,0.70879
0.3411,-0.003575,-0.0011358,0.0050412,0.020368,0.020314,0.034179,0.10082,0.22377,0.28323,0.33707,0.4113,0.46503,0.52011,0.5577,0.61217,0.64948,0.67331,0.72891
0.3412,-0.0097655,-0.0011358,0.0050412,0.015725,0.017219,0.031084,0.11475,0.22687,0.28323,0.34016,0.40666,0.46658,0.52166,0.56544,0.61372,0.65102,0.66712,0.72427
0.3413,-0.015956,-0.0011358,0.00039822,0.014178,0.018766,0.027989,0.1132,0.22841,0.28014,0.35255,0.4144,0.45574,0.51702,0.55615,0.61062,0.63864,0.67331,0.72736
0.3414,-0.0082179,0.0035071,0.0019459,0.0095347,0.023409,0.034179,0.11784,0.22067,0.29252,0.36183,0.41285,0.46348,0.52011,0.55925,0.60753,0.64638,0.6764,0.73665
0.3415,-0.0066702,0.0035071,0.0065888,0.01263,0.024957,0.032632,0.11629,0.22377,0.28633,0.35409,0.4144,0.45884,0.52321,0.56544,0.60443,0.634,0.67021,0.73355
0.3416,-0.0051226,0.00815,0.0096841,0.014178,0.0063852,0.032632,0.1132,0.22841,0.28633,0.36028,0.40821,0.46813,0.53095,0.56544,0.61217,0.62626,0.66247,0.72427
0.3417,-0.0051226,0.0019594,0.0019459,0.020368,0.0094804,0.027989,0.1101,0.22687,0.29407,0.35874,0.4113,0.45884,0.53404,0.54532,0.61062,0.6309,0.66557,0.71653
0.3418,-0.011313,0.0019594,0.0065888,0.020368,0.021862,0.037275,0.1101,0.22532,0.29407,0.35719,0.4144,0.4542,0.53095,0.55151,0.59824,0.64019,0.67331,0.72427
0.3419,-0.0066702,-0.0057788,0.0019459,0.025011,0.024957,0.035727,0.1101,0.22377,0.30026,0.35719,0.40821,0.46039,0.52475,0.56079,0.59669,0.64638,0.6795,0.73974
0.342,-0.0051226,0.00815,0.017422,0.01263,0.021862,0.032632,0.11165,0.22996,0.29871,0.35564,0.40511,0.45574,0.5294,0.56389,0.5936,0.64174,0.68569,0.72736
0.3421,-0.014408,0.0019594,0.0096841,0.020368,0.020314,0.037275,0.10546,0.22222,0.29716,0.34945,0.41594,0.46348,0.52321,0.55615,0.5936,0.63864,0.68259,0.72427
0.3422,-0.0097655,-0.0026835,0.011232,0.018821,0.020314,0.037275,0.10701,0.22377,0.29871,0.34945,0.41594,0.46348,0.51702,0.54687,0.59824,0.64638,0.6764,0.72736
0.3423,0.001068,-0.0042311,-0.0011494,0.01263,0.021862,0.034179,0.10701,0.21758,0.29407,0.36028,0.42059,0.46348,0.52166,0.55306,0.60288,0.65102,0.67176,0.72427
0.3424,-0.011313,-0.0026835,0.0034935,0.018821,0.021862,0.031084,0.10701,0.22067,0.29407,0.36028,0.41749,0.46503,0.51547,0.54996,0.61991,0.65412,0.68259,0.72891
0.3425,-0.019051,-0.0026835,0.0081364,0.023464,0.026505,0.034179,0.10546,0.22996,0.29097,0.36493,0.42059,0.46503,0.51702,0.56234,0.61681,0.65567,0.68259,0.7351
0.3426,-0.023694,-0.0042311,0.0019459,0.01263,0.026505,0.04037,0.11475,0.22532,0.29097,0.35719,0.41904,0.46658,0.51547,0.55925,0.61836,0.64948,0.67331,0.72272
0.3427,-0.0051226,0.0019594,0.0050412,0.011082,0.018766,0.037275,0.10701,0.22222,0.28478,0.34945,0.41749,0.47432,0.51083,0.54532,0.61217,0.64948,0.69343,0.72427
0.3428,-0.0066702,0.0004118,0.0034935,0.011082,0.020314,0.035727,0.10856,0.22222,0.28323,0.34636,0.42833,0.47277,0.51392,0.54841,0.623,0.63709,0.68414,0.71807
0.3429,-0.0082179,0.0050547,0.015875,0.021916,0.021862,0.034179,0.10701,0.22067,0.29561,0.35719,0.4144,0.47277,0.51083,0.55925,0.61991,0.66186,0.67176,0.71962
0.343,-0.014408,-0.0026835,0.0096841,0.023464,0.020314,0.038822,0.10701,0.21294,0.29097,0.35409,0.41285,0.46658,0.4969,0.55306,0.61681,0.66186,0.69652,0.71962
0.3431,-0.0082179,0.0066024,0.014327,0.0079871,0.021862,0.038822,0.1101,0.21294,0.29252,0.36183,0.41749,0.46503,0.50773,0.54687,0.61526,0.6634,0.68259,0.71962
0.3432,-0.003575,0.0019594,0.0065888,0.014178,0.021862,0.035727,0.10856,0.22067,0.29252,0.36802,0.4144,0.47122,0.51083,0.5546,0.61372,0.66805,0.6764,0.71653
0.3433,-0.0066702,-0.0026835,0.0081364,0.015725,0.018766,0.035727,0.1132,0.21448,0.28323,0.36493,0.41904,0.46503,0.50464,0.54222,0.61217,0.66186,0.67331,0.71653
0.3434,-0.0051226,-0.0057788,0.0081364,0.025011,0.017219,0.034179,0.11475,0.21913,0.28478,0.36338,0.41285,0.46503,0.51237,0.54067,0.60907,0.65721,0.6764,0.72581
0.3435,-0.0082179,0.0004118,0.0096841,0.020368,0.020314,0.031084,0.1101,0.22067,0.28788,0.35719,0.4144,0.46967,0.51547,0.54067,0.60753,0.6665,0.68569,0.7351
0.3436,-0.0097655,-0.0026835,0.011232,0.018821,0.020314,0.032632,0.1101,0.21758,0.28633,0.35564,0.40202,0.45729,0.51392,0.54532,0.61836,0.65567,0.68569,0.72891
0.3437,-0.014408,-0.0057788,0.011232,0.01263,0.026505,0.035727,0.11475,0.22067,0.28478,0.351,0.40666,0.45729,0.51856,0.56079,0.61372,0.64793,0.68569,0.72736
0.3438,-0.0051226,0.0004118,0.011232,0.01263,0.020314,0.034179,0.1132,0.21913,0.28478,0.351,0.40047,0.46658,0.51856,0.56234,0.60907,0.63555,0.69497,0.73819
0.3439,-0.0097655,-0.0011358,0.0081364,0.01263,0.015671,0.031084,0.1132,0.21603,0.28788,0.35409,0.40666,0.46348,0.50928,0.55615,0.60907,0.64483,0.70116,0.73819
0.344,-0.015956,0.0035071,0.0034935,0.023464,0.014123,0.032632,0.11165,0.21913,0.28168,0.35564,0.4113,0.46503,0.51237,0.56544,0.60753,0.64638,0.68723,0.71807
0.3441,-0.0097655,0.0050547,0.011232,0.025011,0.021862,0.037275,0.12249,0.22222,0.28323,0.34171,0.40356,0.45884,0.51702,0.56234,0.60288,0.65257,0.68569,0.71188
0.3442,-0.012861,0.0004118,0.014327,0.01263,0.015671,0.043465,0.11475,0.21758,0.28942,0.34945,0.40821,0.47432,0.51702,0.56079,0.60907,0.65876,0.68569,0.71653
0.3443,-0.015956,-0.0011358,0.0096841,0.0064395,0.024957,0.032632,0.12094,0.22067,0.29252,0.34945,0.4144,0.47432,0.52011,0.5577,0.61062,0.6634,0.68569,0.71343
0.3444,-0.017504,0.0050547,0.0019459,0.01263,0.021862,0.035727,0.11475,0.21758,0.29252,0.34945,0.40821,0.46813,0.51392,0.57008,0.60907,0.64793,0.68723,0.73665
0.3445,-0.012861,0.0050547,0.014327,0.014178,0.024957,0.041918,0.11165,0.21758,0.28633,0.34945,0.41594,0.45265,0.51856,0.5577,0.61217,0.65412,0.68878,0.732
0.3446,-0.003575,-0.0011358,0.0096841,0.025011,0.020314,0.035727,0.12094,0.21913,0.28633,0.35409,0.41904,0.44801,0.51702,0.56079,0.60134,0.64483,0.68878,0.72581
0.3447,-0.0020273,0.0066024,0.014327,0.023464,0.020314,0.029536,0.1132,0.21758,0.28168,0.35719,0.42833,0.44955,0.51547,0.56079,0.61681,0.64483,0.68414,0.72581
0.3448,-0.0051226,0.0066024,0.0096841,0.018821,0.026505,0.034179,0.10701,0.21913,0.27859,0.35719,0.42678,0.45574,0.52321,0.56389,0.61217,0.64948,0.67331,0.72581
0.3449,-0.0020273,0.0035071,0.0065888,0.020368,0.018766,0.035727,0.1132,0.21913,0.27859,0.33862,0.4144,0.46658,0.52166,0.54841,0.61062,0.65567,0.67485,0.72736
0.345,-0.0066702,0.0035071,0.0096841,0.020368,0.023409,0.034179,0.1101,0.22067,0.28168,0.351,0.41285,0.45884,0.52166,0.56079,0.61836,0.66031,0.67021,0.73046
0.3451,-0.0082179,-0.0011358,0.0065888,0.018821,0.026505,0.034179,0.11629,0.21913,0.28323,0.36183,0.4144,0.4542,0.52166,0.56544,0.61372,0.65412,0.67021,0.72891
0.3452,-0.0097655,0.0019594,0.0019459,0.015725,0.015671,0.04037,0.12094,0.22377,0.28323,0.36647,0.4113,0.4511,0.51856,0.57008,0.61372,0.65412,0.6764,0.73355
0.3453,-0.0097655,0.0066024,0.0034935,0.032749,0.020314,0.037275,0.1132,0.21448,0.28788,0.35409,0.40821,0.44801,0.52166,0.55306,0.61526,0.66031,0.66557,0.72272
0.3454,-0.012861,0.0004118,0.0019459,0.01263,0.021862,0.035727,0.10856,0.22067,0.28633,0.35564,0.41285,0.46658,0.52166,0.5546,0.61526,0.65102,0.66557,0.72891
0.3455,-0.012861,0.0019594,0.0096841,0.0064395,0.028052,0.031084,0.10237,0.22996,0.29097,0.35564,0.40821,0.46348,0.5294,0.5577,0.62455,0.64019,0.66557,0.73046
0.3456,-0.015956,0.0050547,0.0019459,0.0095347,0.018766,0.035727,0.1101,0.22377,0.28323,0.35874,0.40821,0.46039,0.53249,0.56544,0.623,0.64019,0.67176,0.72581
0.3457,-0.014408,0.0035071,0.0034935,0.018821,0.021862,0.027989,0.11165,0.21758,0.28633,0.36338,0.38809,0.45265,0.52475,0.56079,0.623,0.64483,0.67021,0.72736
0.3458,-0.015956,-0.0042311,0.0065888,0.023464,0.032695,0.027989,0.11939,0.22687,0.28478,0.36802,0.40975,0.46658,0.5263,0.56544,0.62919,0.63864,0.67331,0.72891
0.3459,-0.0097655,0.0035071,0.0050412,0.015725,0.024957,0.037275,0.11475,0.22532,0.28788,0.37267,0.42059,0.45574,0.51237,0.5577,0.63229,0.65102,0.68569,0.72427
0.346,-0.017504,0.0004118,0.0034935,0.020368,0.023409,0.029536,0.1101,0.22532,0.28942,0.36493,0.42368,0.45574,0.52475,0.56079,0.63538,0.63864,0.6795,0.74593
0.3461,-0.011313,0.0004118,0.0050412,0.028106,0.020314,0.032632,0.1132,0.20829,0.28014,0.36028,0.41594,0.4542,0.52166,0.56079,0.6261,0.64174,0.69343,0.74129
0.3462,-0.0066702,-0.0026835,0.0081364,0.021916,0.024957,0.031084,0.10546,0.22222,0.29097,0.35409,0.41749,0.46039,0.52166,0.55615,0.62919,0.65257,0.69497,0.73665
0.3463,-0.012861,-0.0026835,0.0050412,0.020368,0.020314,0.026441,0.1101,0.22532,0.28014,0.35564,0.41904,0.45574,0.51702,0.5546,0.62455,0.64948,0.69343,0.73819
0.3464,-0.0066702,-0.0057788,0.0081364,0.021916,0.021862,0.032632,0.10856,0.21603,0.28323,0.34326,0.4113,0.4542,0.52475,0.55615,0.623,0.64793,0.68723,0.74129
0.3465,-0.0082179,0.0019594,0.0096841,0.020368,0.026505,0.035727,0.11784,0.22532,0.28788,0.35255,0.41285,0.44955,0.54333,0.56079,0.62146,0.65876,0.6795,0.732
0.3466,-0.011313,0.0019594,0.0034935,0.021916,0.020314,0.032632,0.11475,0.22532,0.27395,0.36338,0.4113,0.4511,0.53404,0.55615,0.61681,0.66495,0.67485,0.7351
0.3467,-0.0051226,0.00815,0.0034935,0.020368,0.024957,0.032632,0.11475,0.21603,0.29407,0.35719,0.41285,0.4511,0.52166,0.56234,0.60753,0.65721,0.67795,0.74284
0.3468,-0.014408,0.0066024,0.00039822,0.025011,0.021862,0.034179,0.11629,0.22687,0.28478,0.35409,0.42523,0.45265,0.51547,0.56544,0.60443,0.66495,0.67795,0.73974
0.3469,-0.014408,0.00815,0.0050412,0.018821,0.021862,0.034179,0.11165,0.22532,0.28168,0.35564,0.41904,0.45884,0.51547,0.56698,0.60288,0.66495,0.6795,0.72891
0.347,-0.0082179,0.0066024,-0.0026971,0.011082,0.026505,0.035727,0.11475,0.22687,0.28478,0.36028,0.41749,0.46658,0.51702,0.57008,0.60443,0.65876,0.67021,0.72736
0.3471,-0.0066702,-0.0073264,0.00039822,0.023464,0.026505,0.035727,0.1132,0.22687,0.28633,0.35874,0.41594,0.46813,0.51392,0.56544,0.61526,0.64793,0.67485,0.73046
0.3472,-0.0097655,0.0066024,0.0034935,0.023464,0.024957,0.038822,0.10856,0.22687,0.28168,0.36183,0.4144,0.46658,0.51547,0.5577,0.61991,0.64019,0.69033,0.73819
0.3473,-0.011313,0.00815,0.0019459,0.018821,0.028052,0.037275,0.10701,0.21758,0.28633,0.37421,0.41594,0.47122,0.52166,0.55925,0.61217,0.65102,0.68259,0.732
0.3474,-0.0020273,0.011245,-0.0011494,0.021916,0.020314,0.029536,0.11165,0.22532,0.28942,0.37112,0.40666,0.46658,0.52166,0.57627,0.61526,0.66495,0.6795,0.72581
0.3475,-0.0051226,0.0035071,0.0050412,0.021916,0.018766,0.026441,0.1101,0.22841,0.29252,0.37112,0.40356,0.46348,0.52321,0.57318,0.60907,0.65876,0.69033,0.72891
0.3476,-0.0051226,-0.0011358,0.0096841,0.018821,0.015671,0.037275,0.10856,0.22377,0.28478,0.36028,0.40821,0.45574,0.52785,0.56234,0.59824,0.65721,0.6795,0.73046
0.3477,-0.0082179,-0.0011358,-0.0057923,0.0095347,0.015671,0.034179,0.11784,0.22996,0.28788,0.36802,0.41285,0.45265,0.53095,0.55151,0.58586,0.65876,0.68723,0.71807
0.3478,-0.0097655,0.0050547,0.0019459,0.011082,0.017219,0.038822,0.11784,0.23306,0.28788,0.36802,0.40356,0.44801,0.52785,0.55615,0.5936,0.65876,0.69497,0.72736
0.3479,-0.0097655,-0.0026835,0.00039822,0.020368,0.021862,0.027989,0.1101,0.22687,0.28788,0.36647,0.41285,0.4511,0.52166,0.54687,0.59979,0.64483,0.68878,0.71962
0.348,-0.0097655,-0.0026835,0.0065888,0.021916,0.024957,0.034179,0.10856,0.23306,0.28014,0.36647,0.4113,0.44646,0.5263,0.54687,0.59515,0.64019,0.68259,0.72272
0.3481,-0.012861,-0.0042311,0.011232,0.025011,0.018766,0.029536,0.11475,0.22841,0.27859,0.36028,0.41749,0.44336,0.51702,0.56698,0.60288,0.63864,0.69497,0.72736
0.3482,-0.014408,-0.0011358,0.01897,0.014178,0.020314,0.026441,0.1132,0.22067,0.28478,0.36338,0.41285,0.44801,0.51702,0.57472,0.60443,0.65567,0.69033,0.72581
0.3483,-0.0097655,-0.0011358,0.017422,0.018821,0.017219,0.031084,0.11475,0.22067,0.28478,0.36957,0.41749,0.44491,0.51392,0.57318,0.61217,0.65412,0.67331,0.7351
0.3484,-0.014408,0.0050547,0.015875,0.014178,0.021862,0.032632,0.11475,0.22377,0.28633,0.36028,0.42523,0.45574,0.52011,0.56698,0.60907,0.65876,0.68723,0.73046
0.3485,-0.0097655,0.0096977,0.011232,0.01263,0.026505,0.034179,0.12094,0.22687,0.28788,0.36028,0.4113,0.46813,0.52475,0.57008,0.61217,0.65102,0.68569,0.73046
0.3486,-0.0051226,0.0035071,0.0081364,0.021916,0.021862,0.035727,0.11475,0.22687,0.28788,0.36647,0.41594,0.46967,0.53249,0.57008,0.61217,0.66031,0.6795,0.732
0.3487,-0.014408,0.0019594,0.0050412,0.020368,0.018766,0.034179,0.11939,0.21603,0.28788,0.36338,0.41594,0.47122,0.54023,0.56079,0.61526,0.65412,0.67331,0.74593
0.3488,-0.012861,-0.0042311,0.0050412,0.018821,0.020314,0.035727,0.11629,0.22222,0.29252,0.36493,0.41749,0.45884,0.52475,0.56389,0.59979,0.65876,0.67331,0.75212
0.3489,-0.0097655,-0.0073264,0.0050412,0.015725,0.032695,0.038822,0.11165,0.22532,0.29407,0.36493,0.41594,0.46039,0.53095,0.54996,0.60288,0.6665,0.68723,0.74284
0.349,-0.0082179,-0.0011358,0.0081364,0.014178,0.018766,0.032632,0.10701,0.22687,0.28478,0.36183,0.41904,0.46658,0.53404,0.5546,0.61836,0.6634,0.68414,0.73974
0.3491,-0.0066702,0.0050547,0.0065888,0.014178,0.026505,0.032632,0.11165,0.23306,0.28788,0.37112,0.41594,0.46813,0.53868,0.56234,0.623,0.65876,0.69033,0.74438
0.3492,-0.0051226,0.00815,0.0034935,0.020368,0.018766,0.032632,0.11784,0.22377,0.28633,0.36028,0.40975,0.46658,0.52475,0.57318,0.61526,0.65567,0.69033,0.74438
0.3493,-0.012861,0.0019594,0.0019459,0.01263,0.018766,0.037275,0.11939,0.22067,0.29561,0.35874,0.40821,0.47122,0.52166,0.57008,0.61217,0.64793,0.67485,0.74129
0.3494,-0.0082179,0.0019594,0.0050412,0.011082,0.017219,0.031084,0.11939,0.23151,0.28478,0.36028,0.41285,0.47122,0.52321,0.55925,0.61681,0.64483,0.66247,0.74438
0.3495,-0.0097655,-0.0026835,0.0081364,0.015725,0.018766,0.034179,0.11475,0.22067,0.29097,0.35874,0.41904,0.46967,0.51392,0.5577,0.61062,0.64948,0.66712,0.74438
0.3496,-0.0097655,0.0019594,0.0019459,0.023464,0.023409,0.031084,0.11629,0.22841,0.28942,0.36028,0.43452,0.47277,0.51237,0.56544,0.61526,0.64174,0.67485,0.74903
0.3497,-0.012861,0.0035071,0.014327,0.015725,0.023409,0.032632,0.1132,0.22532,0.28323,0.37421,0.43142,0.46658,0.52011,0.56698,0.61372,0.64174,0.6764,0.74438
0.3498,-0.003575,0.0050547,0.0081364,0.020368,0.017219,0.032632,0.10701,0.22687,0.27704,0.36493,0.41594,0.45729,0.52321,0.57627,0.61372,0.63864,0.69033,0.74438
0.3499,-0.014408,0.0035071,0.011232,0.020368,0.024957,0.037275,0.11629,0.2346,0.28168,0.36647,0.4113,0.45729,0.52166,0.57318,0.61372,0.63709,0.68878,0.75057
0.35,-0.003575,0.0066024,0.0096841,0.015725,0.021862,0.035727,0.11475,0.23151,0.28633,0.36647,0.40511,0.45884,0.52321,0.56389,0.61681,0.63245,0.68723,0.74748
0.3501,-0.0066702,0.0019594,0.014327,0.018821,0.018766,0.034179,0.11629,0.2346,0.28633,0.36338,0.40821,0.47586,0.52475,0.55615,0.61836,0.63864,0.69033,0.74748
0.3502,-0.003575,0.0019594,0.0081364,0.014178,0.018766,0.035727,0.1132,0.22532,0.28942,0.36028,0.41285,0.47741,0.52011,0.56544,0.62455,0.64019,0.68723,0.74748
0.3503,-0.012861,-0.0026835,0.0081364,0.018821,0.023409,0.026441,0.11475,0.21913,0.29407,0.35719,0.4113,0.46503,0.52475,0.57008,0.61062,0.65102,0.69652,0.74284
0.3504,-0.014408,0.0035071,0.015875,0.014178,0.020314,0.023346,0.10546,0.22377,0.29097,0.36647,0.40975,0.46503,0.51547,0.56079,0.61372,0.64638,0.69188,0.74129
0.3505,-0.015956,0.0035071,0.017422,0.014178,0.021862,0.034179,0.1132,0.22841,0.29097,0.36647,0.41594,0.46348,0.52166,0.56079,0.61062,0.64638,0.68878,0.74903
0.3506,-0.0097655,-0.0011358,0.0081364,0.018821,0.018766,0.031084,0.10856,0.22841,0.29097,0.36028,0.41594,0.46348,0.52785,0.56389,0.60134,0.63245,0.68878,0.74593
0.3507,-0.0097655,0.0035071,0.0096841,0.01263,0.020314,0.034179,0.11784,0.22377,0.29252,0.36493,0.42368,0.45884,0.5294,0.57627,0.60907,0.63245,0.68569,0.75367
0.3508,-0.011313,0.0035071,0.014327,0.01263,0.014123,0.032632,0.12094,0.22841,0.28788,0.36338,0.42523,0.46503,0.52475,0.58246,0.61526,0.64793,0.69188,0.75522
0.3509,-0.014408,-0.0011358,0.0096841,0.021916,0.020314,0.034179,0.12249,0.22841,0.28478,0.36183,0.41285,0.46039,0.53404,0.57163,0.61062,0.64638,0.68723,0.74593
0.351,-0.0051226,0.0004118,0.0081364,0.018821,0.023409,0.037275,0.11475,0.21603,0.28478,0.36957,0.40975,0.45884,0.53714,0.57008,0.61681,0.63864,0.67331,0.75057
0.3511,-0.0097655,0.014341,0.0034935,0.020368,0.026505,0.032632,0.11165,0.22222,0.28168,0.36183,0.41285,0.45729,0.52166,0.57163,0.62146,0.64793,0.69497,0.74593
0.3512,-0.0082179,0.0066024,0.0096841,0.011082,0.021862,0.04037,0.1101,0.21603,0.28942,0.35874,0.41285,0.47122,0.5263,0.56544,0.60907,0.64638,0.68723,0.75057
0.3513,-0.0082179,0.0096977,0.015875,0.01263,0.023409,0.034179,0.1132,0.21758,0.28478,0.35874,0.40511,0.46967,0.53868,0.57627,0.59979,0.64174,0.68723,0.74748
0.3514,-0.011313,-0.0026835,0.0096841,0.014178,0.023409,0.032632,0.11165,0.23151,0.29252,0.36647,0.40511,0.46348,0.52166,0.57008,0.61836,0.65257,0.69652,0.74903
0.3515,-0.0066702,-0.0011358,0.0081364,0.023464,0.026505,0.038822,0.10701,0.23306,0.29407,0.36338,0.41285,0.45265,0.52011,0.56234,0.60443,0.65567,0.69033,0.74593
0.3516,-0.014408,0.0019594,0.00039822,0.020368,0.021862,0.034179,0.10856,0.23151,0.29407,0.36183,0.4113,0.45729,0.52011,0.5577,0.59669,0.65876,0.68414,0.74748
0.3517,-0.0097655,-0.0026835,0.0081364,0.015725,0.026505,0.037275,0.11165,0.22996,0.3049,0.36028,0.4144,0.4542,0.53095,0.56234,0.59669,0.64174,0.67331,0.75057
0.3518,-0.0082179,-0.0026835,0.0050412,0.0079871,0.026505,0.034179,0.1101,0.23306,0.29871,0.36028,0.42059,0.45729,0.52785,0.57163,0.59515,0.6309,0.67331,0.75212
0.3519,-0.012861,-0.0042311,0.0065888,0.020368,0.0296,0.041918,0.10237,0.23151,0.29871,0.35719,0.41904,0.46039,0.51392,0.56698,0.59979,0.634,0.67485,0.74129
0.352,-0.011313,-0.0011358,0.0081364,0.023464,0.015671,0.034179,0.10701,0.22067,0.29871,0.35409,0.4113,0.4542,0.52166,0.57008,0.60288,0.63709,0.69962,0.74129
0.3521,-0.020599,0.0035071,0.0065888,0.0079871,0.021862,0.045013,0.10546,0.22841,0.29407,0.36493,0.40511,0.45884,0.51856,0.56698,0.60134,0.64019,0.69497,0.73665
0.3522,-0.017504,0.0050547,0.0081364,0.020368,0.028052,0.041918,0.11784,0.22996,0.29252,0.36493,0.40511,0.46348,0.51702,0.56234,0.59824,0.63555,0.69188,0.73974
0.3523,-0.0082179,-0.0073264,0.0081364,0.021916,0.020314,0.035727,0.12094,0.22532,0.29407,0.35255,0.40047,0.46658,0.51856,0.56234,0.59824,0.64638,0.69343,0.73665
0.3524,-0.011313,0.0066024,0.0034935,0.018821,0.017219,0.032632,0.11165,0.22222,0.29561,0.34945,0.40202,0.46503,0.51702,0.56079,0.59669,0.64948,0.68414,0.72581
0.3525,-0.0066702,0.0066024,0.0065888,0.01263,0.026505,0.041918,0.10701,0.23151,0.28323,0.35719,0.40666,0.47122,0.5263,0.55615,0.5936,0.64948,0.67021,0.73974
0.3526,-0.0051226,0.0004118,0.0065888,0.0095347,0.028052,0.04037,0.1132,0.22067,0.28633,0.36493,0.40047,0.46039,0.52321,0.56698,0.5936,0.65721,0.68259,0.75212
0.3527,-0.012861,-0.0042311,0.0050412,0.0079871,0.023409,0.037275,0.11165,0.22687,0.29407,0.36028,0.40511,0.45729,0.52475,0.57008,0.60288,0.64638,0.69188,0.73974
0.3528,-0.0051226,0.0004118,0.0065888,0.0064395,0.021862,0.029536,0.11629,0.22222,0.28942,0.36028,0.41285,0.46503,0.5294,0.56544,0.61062,0.64638,0.67331,0.74748
0.3529,-0.0066702,0.0050547,0.015875,0.0033442,0.020314,0.035727,0.1101,0.22067,0.29871,0.35719,0.40356,0.46813,0.52475,0.57782,0.60443,0.634,0.67485,0.74903
0.353,-0.0097655,0.014341,0.0034935,0.0064395,0.031147,0.046561,0.10701,0.21758,0.29716,0.35409,0.40511,0.46658,0.52011,0.57163,0.59669,0.63555,0.68569,0.74903
0.3531,-0.003575,-0.0011358,0.0096841,0.018821,0.021862,0.038822,0.10856,0.21758,0.29407,0.35874,0.40202,0.46348,0.52321,0.55306,0.59515,0.64793,0.68259,0.75212
0.3532,-0.003575,0.0019594,0.017422,0.011082,0.023409,0.034179,0.11475,0.22841,0.28633,0.35874,0.40975,0.46503,0.5294,0.55306,0.61217,0.63864,0.66866,0.75057
0.3533,-0.011313,0.0050547,0.014327,0.0095347,0.024957,0.035727,0.11629,0.22996,0.28633,0.35409,0.4144,0.46658,0.52785,0.56389,0.60443,0.62162,0.66557,0.74438
0.3534,-0.0097655,0.0019594,0.015875,0.014178,0.023409,0.041918,0.11475,0.22687,0.28633,0.35719,0.40975,0.47432,0.52166,0.57008,0.60288,0.62007,0.66866,0.74903
0.3535,-0.014408,-0.0011358,0.015875,0.021916,0.0296,0.041918,0.11939,0.22067,0.29097,0.36647,0.40202,0.48205,0.52166,0.56544,0.60288,0.62007,0.66866,0.75212
0.3536,-0.0082179,0.0066024,0.0096841,0.020368,0.020314,0.04037,0.11939,0.21448,0.28942,0.36338,0.39273,0.46813,0.53095,0.56389,0.61062,0.63555,0.67021,0.74593
0.3537,-0.0066702,0.00815,0.015875,0.014178,0.017219,0.045013,0.1132,0.22377,0.28633,0.35409,0.38963,0.47277,0.52011,0.56234,0.61836,0.64638,0.65783,0.73974
0.3538,-0.0066702,0.0019594,0.0081364,0.01263,0.023409,0.038822,0.11165,0.22377,0.28942,0.35409,0.39118,0.46503,0.53404,0.57782,0.61217,0.63864,0.66247,0.74593
0.3539,-0.0097655,0.00815,0.0019459,0.020368,0.020314,0.041918,0.12249,0.21758,0.30026,0.35874,0.38963,0.46348,0.53095,0.58091,0.623,0.64174,0.66712,0.75212
0.354,-0.0082179,0.0004118,0.0034935,0.014178,0.026505,0.04037,0.11165,0.22996,0.29871,0.35564,0.39583,0.46348,0.51702,0.57318,0.6261,0.64019,0.67331,0.74129
0.3541,-0.0082179,-0.0011358,-0.0026971,0.021916,0.020314,0.041918,0.10856,0.22996,0.29097,0.34326,0.39737,0.45884,0.52166,0.57627,0.61681,0.64948,0.66557,0.74748
0.3542,-0.003575,0.0050547,-0.0026971,0.020368,0.015671,0.046561,0.11475,0.22377,0.29407,0.35874,0.41285,0.46348,0.52475,0.56389,0.60907,0.65412,0.67176,0.74748
0.3543,-0.0082179,0.0035071,-0.0042447,0.018821,0.020314,0.038822,0.10701,0.22687,0.29716,0.35564,0.40511,0.47122,0.51083,0.55306,0.59979,0.64174,0.67485,0.74748
0.3544,-0.012861,-0.0042311,0.00039822,0.011082,0.020314,0.035727,0.11165,0.22841,0.29097,0.35409,0.40356,0.47432,0.52011,0.56079,0.60753,0.64793,0.67795,0.75522
0.3545,-0.0051226,-0.0026835,0.0034935,0.021916,0.021862,0.035727,0.1101,0.22222,0.28633,0.36183,0.4113,0.47741,0.52475,0.55925,0.5936,0.64793,0.67021,0.74903
0.3546,-0.0082179,0.0004118,0.0081364,0.018821,0.020314,0.034179,0.11475,0.21603,0.28788,0.35874,0.4113,0.47277,0.53249,0.56698,0.59979,0.63864,0.66866,0.76296
0.3547,-0.012861,0.0019594,0.0019459,0.018821,0.024957,0.034179,0.11165,0.21603,0.3018,0.34945,0.40666,0.46813,0.53404,0.56698,0.60288,0.63864,0.66712,0.76141
0.3548,-0.0097655,-0.0042311,0.0050412,0.0095347,0.028052,0.037275,0.1132,0.22532,0.3049,0.351,0.40356,0.46658,0.52475,0.55925,0.59979,0.64174,0.6795,0.75522
0.3549,-0.011313,0.0004118,-0.0011494,0.0017965,0.023409,0.04037,0.11165,0.22377,0.30335,0.35409,0.40511,0.47432,0.52011,0.55925,0.60134,0.63555,0.67485,0.75367
0.355,-0.0082179,0.0004118,0.0019459,0.011082,0.026505,0.046561,0.1132,0.22222,0.29716,0.35409,0.4113,0.46813,0.53095,0.55306,0.59669,0.62317,0.68878,0.74593
0.3551,-0.0097655,0.0066024,0.0096841,0.021916,0.023409,0.04037,0.11475,0.22377,0.30335,0.35255,0.39892,0.46813,0.54023,0.5546,0.5936,0.63709,0.68569,0.75367
0.3552,-0.0066702,0.0004118,0.0050412,0.021916,0.023409,0.04037,0.10856,0.21448,0.30335,0.35409,0.40202,0.46967,0.53404,0.5577,0.58586,0.6309,0.68259,0.75522
0.3553,-0.0097655,-0.0088741,0.017422,0.020368,0.023409,0.034179,0.10856,0.21758,0.3018,0.351,0.40666,0.47277,0.53404,0.5577,0.59824,0.62162,0.66866,0.75212
0.3554,-0.0097655,-0.0011358,0.0034935,0.014178,0.020314,0.037275,0.1101,0.22067,0.29407,0.34171,0.40821,0.47896,0.53095,0.54377,0.59824,0.62626,0.66866,0.75522
0.3555,-0.0097655,0.0004118,0.0065888,0.025011,0.017219,0.035727,0.1132,0.22841,0.29871,0.35255,0.40202,0.46967,0.53095,0.54377,0.60288,0.62781,0.66712,0.74748
0.3556,-0.0097655,-0.0088741,0.0081364,0.015725,0.017219,0.04037,0.11475,0.22532,0.29407,0.35564,0.40975,0.47432,0.5263,0.54996,0.60134,0.634,0.67021,0.74748
0.3557,-0.014408,0.0004118,0.0096841,0.0095347,0.014123,0.041918,0.1101,0.21448,0.28168,0.35409,0.40821,0.47122,0.5294,0.54996,0.60443,0.64638,0.67021,0.7351
0.3558,-0.0097655,-0.0011358,0.0019459,0.014178,0.017219,0.035727,0.10856,0.22222,0.28323,0.34945,0.40356,0.47122,0.53095,0.54067,0.59515,0.634,0.6764,0.74438
0.3559,-0.011313,0.0004118,0.0065888,0.01263,0.018766,0.034179,0.10701,0.21913,0.29097,0.351,0.40821,0.46967,0.53868,0.54687,0.5936,0.63864,0.67021,0.75057
0.356,-0.012861,-0.0026835,-0.0042447,0.020368,0.018766,0.037275,0.1101,0.21294,0.28478,0.35255,0.40666,0.46967,0.54023,0.55615,0.59515,0.64638,0.65783,0.74748
0.3561,-0.0082179,0.0050547,0.0050412,0.020368,0.015671,0.04037,0.11784,0.22222,0.28323,0.34636,0.41285,0.47586,0.53868,0.5546,0.58586,0.64638,0.66247,0.75057
0.3562,-0.014408,0.0035071,0.0065888,0.021916,0.014123,0.037275,0.1132,0.21758,0.27859,0.33397,0.40821,0.47277,0.52785,0.55306,0.57967,0.63864,0.68259,0.75057
0.3563,-0.0082179,0.0096977,0.0096841,0.014178,0.021862,0.034179,0.10701,0.21758,0.28323,0.34945,0.40821,0.46967,0.5294,0.55925,0.59205,0.63709,0.67331,0.75057
0.3564,-0.003575,0.0035071,0.017422,0.021916,0.024957,0.041918,0.1132,0.21448,0.28633,0.33862,0.40202,0.47432,0.5294,0.5577,0.59205,0.6309,0.66557,0.75677
0.3565,-0.0066702,-0.0026835,0.014327,0.011082,0.020314,0.04037,0.12094,0.22067,0.28633,0.33707,0.40511,0.47277,0.53714,0.5577,0.60443,0.64019,0.6764,0.74284
0.3566,-0.0051226,-0.0057788,0.0081364,0.018821,0.021862,0.034179,0.1132,0.21448,0.28633,0.34171,0.39892,0.46503,0.53714,0.55306,0.60443,0.634,0.67485,0.732
0.3567,-0.0082179,0.0019594,0.0081364,0.023464,0.018766,0.035727,0.10391,0.21294,0.28788,0.35409,0.40202,0.47896,0.52321,0.56234,0.5936,0.634,0.67021,0.72891
0.3568,-0.0082179,-0.0042311,0.0034935,0.021916,0.024957,0.037275,0.10546,0.20675,0.28633,0.34326,0.41285,0.4836,0.51702,0.56234,0.59669,0.62936,0.6764,0.74284
0.3569,-0.011313,0.0019594,0.0081364,0.018821,0.023409,0.035727,0.11165,0.20984,0.28323,0.35564,0.40821,0.46967,0.52166,0.56698,0.58895,0.62936,0.67021,0.75057
0.357,-0.0066702,0.014341,0.0019459,0.021916,0.017219,0.045013,0.10701,0.22067,0.28633,0.35409,0.40356,0.45884,0.52011,0.55925,0.57812,0.63555,0.65009,0.74903
0.3571,-0.0097655,0.0050547,0.0034935,0.025011,0.023409,0.041918,0.10701,0.21603,0.28942,0.35874,0.40666,0.46813,0.53249,0.55925,0.57967,0.63555,0.65783,0.74284
0.3572,-0.0082179,0.0050547,0.0050412,0.020368,0.018766,0.037275,0.10546,0.21603,0.29561,0.35409,0.40821,0.46039,0.53095,0.55306,0.59515,0.62317,0.66866,0.73665
0.3573,-0.0066702,0.0096977,0.0096841,0.015725,0.015671,0.038822,0.1101,0.21603,0.29561,0.35255,0.40202,0.46039,0.53249,0.5546,0.59669,0.63245,0.6795,0.732
0.3574,-0.0097655,0.0066024,0.0065888,0.021916,0.021862,0.035727,0.10701,0.20675,0.29407,0.351,0.40202,0.46039,0.5263,0.56079,0.58741,0.63555,0.6764,0.72272
0.3575,-0.014408,-0.0057788,0.00039822,0.0095347,0.023409,0.04037,0.11165,0.20675,0.28633,0.34945,0.39428,0.46503,0.53249,0.55151,0.58586,0.63245,0.66712,0.72736
0.3576,-0.011313,0.0019594,0.015875,0.01263,0.026505,0.048108,0.10701,0.21294,0.29097,0.34481,0.40356,0.46503,0.53404,0.5577,0.5936,0.62626,0.66866,0.7351
0.3577,-0.00047968,0.0019594,0.0019459,0.023464,0.024957,0.038822,0.10237,0.21448,0.29561,0.35874,0.40666,0.46503,0.53095,0.55306,0.5936,0.62781,0.6795,0.74284
0.3578,-0.00047968,0.0019594,0.0019459,0.025011,0.020314,0.04037,0.10237,0.2021,0.28168,0.351,0.41285,0.46967,0.53404,0.56389,0.59669,0.63245,0.67331,0.732
0.3579,-0.003575,-0.0088741,0.0019459,0.0079871,0.020314,0.045013,0.10546,0.21448,0.28014,0.34636,0.40821,0.46039,0.54333,0.5546,0.58122,0.64019,0.66712,0.72272
0.358,-0.0051226,0.0035071,0.014327,0.0095347,0.023409,0.034179,0.10391,0.21758,0.28942,0.351,0.41904,0.46348,0.54023,0.55615,0.58741,0.62936,0.67331,0.72581
0.3581,-0.011313,0.0019594,0.0081364,0.011082,0.032695,0.043465,0.10391,0.21913,0.29097,0.35409,0.40356,0.46658,0.54023,0.5546,0.5936,0.61852,0.67331,0.72736
0.3582,-0.0082179,0.0004118,0.00039822,0.01263,0.0296,0.038822,0.10701,0.21603,0.28788,0.35255,0.40356,0.46658,0.54952,0.5577,0.58895,0.62471,0.67485,0.72736
0.3583,-0.0066702,-0.0026835,-0.0026971,0.018821,0.028052,0.04037,0.10701,0.22067,0.28168,0.34636,0.40821,0.46658,0.54178,0.56234,0.58895,0.6309,0.68569,0.72891
0.3584,-0.0082179,0.0019594,-0.0057923,0.01263,0.028052,0.038822,0.097723,0.21603,0.2724,0.351,0.40202,0.47586,0.54178,0.56079,0.58431,0.64019,0.6764,0.72581
0.3585,-0.0051226,0.0035071,-0.0026971,0.020368,0.017219,0.035727,0.10701,0.20984,0.28478,0.36338,0.40202,0.46967,0.53249,0.55925,0.58895,0.63864,0.67331,0.72736
0.3586,-0.0066702,0.0050547,0.0034935,0.015725,0.023409,0.041918,0.10546,0.21294,0.28788,0.35719,0.40511,0.46348,0.53868,0.55615,0.59205,0.63864,0.66712,0.73665
0.3587,-0.00047968,0.0004118,0.0096841,0.0095347,0.021862,0.041918,0.10546,0.21758,0.29097,0.34326,0.40511,0.46503,0.53868,0.55925,0.58431,0.62936,0.67485,0.73819
0.3588,-0.011313,0.0019594,0.0081364,0.01263,0.0296,0.045013,0.10546,0.21603,0.28478,0.33862,0.40202,0.46503,0.53714,0.5546,0.58586,0.64019,0.67176,0.74593
0.3589,-0.015956,0.0019594,0.0081364,0.0095347,0.028052,0.041918,0.10856,0.21603,0.28942,0.34016,0.39892,0.46348,0.54178,0.55615,0.58895,0.64483,0.66712,0.75057
0.359,-0.017504,-0.0057788,0.0050412,0.01263,0.018766,0.041918,0.10237,0.20984,0.29561,0.34171,0.40202,0.45884,0.54797,0.54841,0.59205,0.634,0.6795,0.73819
0.3591,-0.0082179,-0.0057788,0.0050412,0.018821,0.021862,0.041918,0.11475,0.21603,0.28788,0.351,0.40821,0.46967,0.53095,0.54067,0.58741,0.64019,0.67485,0.72891
0.3592,-0.012861,0.011245,0.0034935,0.014178,0.021862,0.041918,0.11475,0.22222,0.28633,0.34945,0.4113,0.48825,0.52011,0.55151,0.57812,0.65567,0.68569,0.732
0.3593,0.001068,0.0019594,0.0019459,0.0095347,0.018766,0.032632,0.1101,0.22532,0.28942,0.34945,0.41594,0.48205,0.52475,0.5546,0.57967,0.64793,0.6795,0.732
0.3594,-0.012861,0.0019594,0.0081364,0.0095347,0.018766,0.041918,0.1101,0.21758,0.29252,0.34171,0.40356,0.47586,0.52011,0.55615,0.58431,0.64483,0.6764,0.74129
0.3595,-0.0082179,0.0004118,0.011232,0.0079871,0.018766,0.037275,0.10391,0.21758,0.29561,0.33707,0.39892,0.47586,0.52321,0.54841,0.59669,0.64793,0.66866,0.73665
0.3596,-0.0097655,0.011245,0.014327,0.018821,0.018766,0.041918,0.10082,0.21758,0.29871,0.34016,0.39428,0.47432,0.53249,0.56079,0.58122,0.64948,0.6795,0.73665
0.3597,-0.0082179,0.0004118,0.014327,0.014178,0.023409,0.052751,0.10082,0.22532,0.28942,0.34636,0.39892,0.46813,0.53095,0.55151,0.58586,0.64019,0.67176,0.72891
0.3598,-0.0097655,0.0019594,0.0034935,0.01263,0.023409,0.04037,0.10082,0.21294,0.29252,0.34636,0.40511,0.47277,0.53095,0.55615,0.59205,0.62936,0.6764,0.73819
0.3599,-0.0082179,0.0096977,0.0019459,0.020368,0.020314,0.046561,0.097723,0.21603,0.28633,0.34945,0.40202,0.47122,0.53714,0.56234,0.60134,0.63555,0.66866,0.732
0.36,-0.0020273,0.0035071,0.0081364,0.014178,0.026505,0.049656,0.10237,0.21448,0.29407,0.34326,0.40356,0.47896,0.54333,0.57163,0.61217,0.64638,0.66092,0.7351
0.3601,-0.0097655,0.0050547,0.0065888,0.011082,0.021862,0.038822,0.10237,0.21448,0.28323,0.34016,0.40511,0.47586,0.53868,0.56079,0.60443,0.64019,0.67021,0.73665
0.3602,-0.0066702,0.00815,0.0050412,0.021916,0.015671,0.04037,0.10237,0.21448,0.28323,0.35874,0.40666,0.47896,0.53868,0.55615,0.60134,0.64638,0.68259,0.73819
0.3603,-0.0066702,0.0019594,0.0050412,0.0048918,0.021862,0.045013,0.10701,0.21448,0.29097,0.35409,0.40975,0.47122,0.53404,0.56079,0.59515,0.64019,0.68878,0.7351
0.3604,-0.0097655,0.0004118,0.0065888,0.014178,0.026505,0.046561,0.10856,0.21603,0.28478,0.34481,0.40666,0.46967,0.53249,0.5577,0.60753,0.65412,0.69033,0.732
0.3605,-0.0097655,0.0004118,0.0034935,0.023464,0.026505,0.043465,0.10701,0.21603,0.28633,0.33862,0.40202,0.47896,0.54487,0.55306,0.5936,0.64793,0.69033,0.73046
0.3606,-0.003575,0.0004118,0.0096841,0.021916,0.021862,0.046561,0.10856,0.21448,0.28478,0.351,0.40666,0.47277,0.54023,0.5577,0.58122,0.63245,0.69497,0.72891
0.3607,-0.011313,-0.0011358,0.0019459,0.018821,0.021862,0.04037,0.10546,0.21603,0.27395,0.35564,0.40666,0.48051,0.54178,0.56389,0.5905,0.634,0.69343,0.72891
0.3608,-0.0066702,0.0066024,0.0065888,0.011082,0.020314,0.043465,0.1101,0.20829,0.28323,0.34326,0.40356,0.47432,0.54333,0.55925,0.59979,0.64174,0.68259,0.732
0.3609,-0.003575,0.00815,0.0065888,0.023464,0.020314,0.049656,0.11165,0.20675,0.28633,0.351,0.39892,0.46813,0.54487,0.56389,0.60753,0.64948,0.69033,0.732
0.361,-0.0051226,-0.0011358,0.0081364,0.023464,0.020314,0.037275,0.10856,0.21758,0.28323,0.35409,0.40202,0.47122,0.53249,0.56079,0.60288,0.64948,0.6795,0.74284
0.3611,-0.0066702,-0.0042311,0.0081364,0.021916,0.017219,0.038822,0.1101,0.21294,0.28014,0.35874,0.39892,0.47122,0.52321,0.56698,0.61062,0.64793,0.67331,0.74438
0.3612,-0.0051226,0.0096977,0.0065888,0.028106,0.018766,0.035727,0.10391,0.20984,0.28478,0.351,0.39428,0.46658,0.52321,0.56389,0.61372,0.64948,0.66866,0.732
0.3613,-0.014408,0.0096977,0.00039822,0.021916,0.018766,0.037275,0.10391,0.20984,0.28633,0.35564,0.40047,0.46348,0.51702,0.55925,0.60288,0.64174,0.67331,0.75057
0.3614,-0.0097655,0.0066024,0.0081364,0.015725,0.021862,0.035727,0.10701,0.2052,0.28633,0.351,0.40356,0.46658,0.52166,0.5546,0.60443,0.64638,0.68259,0.75057
0.3615,-0.0066702,-0.0011358,0.01897,0.015725,0.017219,0.041918,0.11629,0.20984,0.28168,0.34326,0.40356,0.46348,0.52321,0.55615,0.59979,0.65102,0.67485,0.76141
0.3616,-0.0097655,-0.0042311,0.0019459,0.018821,0.017219,0.035727,0.10546,0.20675,0.28478,0.34481,0.40821,0.46658,0.53404,0.5577,0.59824,0.6634,0.6764,0.75522
0.3617,-0.012861,-0.0042311,0.0034935,0.021916,0.017219,0.037275,0.10237,0.21294,0.28014,0.34326,0.40202,0.46967,0.52785,0.56544,0.61372,0.65721,0.68259,0.74438
0.3618,-0.0051226,-0.0011358,0.01897,0.018821,0.017219,0.041918,0.10701,0.21294,0.28323,0.34016,0.40202,0.46658,0.52166,0.5577,0.60443,0.64483,0.68259,0.73819
0.3619,-0.0082179,-0.0026835,0.0065888,0.011082,0.017219,0.041918,0.10701,0.21758,0.28168,0.34171,0.40047,0.47122,0.51856,0.55925,0.60134,0.64793,0.69033,0.74284
0.362,-0.0097655,-0.0057788,0.0081364,0.014178,0.017219,0.035727,0.10856,0.21603,0.2724,0.34171,0.39273,0.47122,0.5294,0.56698,0.59669,0.64483,0.69033,0.73355
0.3621,-0.0082179,0.0019594,0.014327,0.020368,0.015671,0.034179,0.1132,0.21139,0.27859,0.33243,0.38809,0.47277,0.53868,0.5546,0.5905,0.64483,0.6795,0.74129
0.3622,-0.0082179,0.0050547,0.0081364,0.014178,0.014123,0.034179,0.10701,0.20984,0.28168,0.33707,0.39892,0.47432,0.5294,0.5546,0.5936,0.63864,0.66866,0.74129
0.3623,-0.0082179,0.0035071,0.011232,0.021916,0.020314,0.043465,0.10082,0.20829,0.27704,0.33397,0.40202,0.46967,0.53249,0.56234,0.59669,0.62936,0.66712,0.73355
0.3624,-0.012861,-0.0026835,0.0081364,0.01263,0.026505,0.04037,0.10391,0.2052,0.28168,0.33088,0.40511,0.46039,0.53095,0.56544,0.58276,0.64174,0.66557,0.73819
0.3625,-0.0020273,-0.0026835,0.0081364,0.011082,0.028052,0.04037,0.10856,0.20829,0.28788,0.34171,0.40202,0.44801,0.53249,0.57163,0.58586,0.64019,0.67331,0.732
0.3626,-0.00047968,0.0019594,0.0050412,0.0079871,0.028052,0.043465,0.10546,0.21294,0.28478,0.34171,0.39428,0.45265,0.52475,0.57008,0.58122,0.6309,0.67331,0.73046
0.3627,-0.011313,-0.0026835,0.014327,0.0048918,0.024957,0.045013,0.10546,0.21139,0.29097,0.34326,0.39428,0.45884,0.54023,0.54996,0.5905,0.64174,0.67021,0.7351
0.3628,-0.012861,0.00815,0.0034935,0.020368,0.017219,0.041918,0.10546,0.21294,0.28633,0.33862,0.41285,0.46348,0.53714,0.54996,0.58741,0.64483,0.67485,0.73046
0.3629,-0.0066702,0.0050547,0.0034935,0.023464,0.014123,0.037275,0.10546,0.21603,0.28633,0.33243,0.40202,0.45729,0.54333,0.56079,0.58276,0.63864,0.67021,0.72891
0.363,-0.0066702,-0.0042311,0.014327,0.021916,0.020314,0.034179,0.10701,0.21603,0.28788,0.32933,0.39428,0.46039,0.54333,0.57163,0.58431,0.65412,0.65783,0.73819
0.3631,-0.014408,-0.0026835,0.0034935,0.021916,0.015671,0.041918,0.1132,0.21448,0.27395,0.33088,0.39583,0.45265,0.54023,0.57472,0.59205,0.65721,0.67485,0.73974
0.3632,-0.0097655,0.0019594,0.0081364,0.025011,0.014123,0.04037,0.11165,0.21139,0.27085,0.34171,0.40666,0.45574,0.53714,0.5546,0.58741,0.64793,0.6795,0.74438
0.3633,-0.0097655,0.0096977,-0.0026971,0.015725,0.018766,0.032632,0.1132,0.21139,0.28168,0.34016,0.40821,0.46503,0.53714,0.54687,0.5905,0.64019,0.67331,0.75522
0.3634,-0.003575,0.0019594,-0.0042447,0.028106,0.021862,0.032632,0.1132,0.21448,0.28788,0.33862,0.40666,0.46039,0.53095,0.54222,0.58431,0.64174,0.68723,0.75212
0.3635,-0.0051226,0.014341,0.00039822,0.023464,0.026505,0.037275,0.11475,0.21139,0.28168,0.35255,0.41285,0.4542,0.52785,0.54841,0.59205,0.63709,0.67795,0.75522
0.3636,-0.015956,0.011245,-0.0011494,0.011082,0.024957,0.035727,0.11475,0.21448,0.27704,0.34481,0.40356,0.4542,0.53249,0.55925,0.58895,0.63245,0.68723,0.7645
0.3637,-0.012861,-0.0026835,0.011232,0.011082,0.020314,0.037275,0.10856,0.21294,0.28014,0.34171,0.40666,0.46503,0.52321,0.5546,0.57812,0.62471,0.6764,0.74903
0.3638,-0.0097655,-0.0057788,0.0034935,0.014178,0.020314,0.032632,0.11165,0.2052,0.28478,0.34326,0.40975,0.46348,0.53095,0.55615,0.58276,0.62936,0.6795,0.74129
0.3639,-0.012861,0.0096977,0.0050412,0.023464,0.023409,0.031084,0.11165,0.20984,0.28478,0.33707,0.39892,0.44955,0.53404,0.5546,0.58741,0.634,0.68569,0.74284
0.364,-0.0082179,0.0050547,0.0081364,0.026559,0.0296,0.038822,0.10546,0.20984,0.28942,0.33707,0.39892,0.44336,0.53095,0.5546,0.57967,0.62781,0.68414,0.73974
0.3641,-0.0066702,0.0019594,0.0065888,0.014178,0.015671,0.038822,0.10082,0.2052,0.28478,0.34171,0.40047,0.44801,0.52785,0.54687,0.58586,0.63245,0.68259,0.73819
0.3642,-0.017504,0.0050547,0.011232,0.01263,0.018766,0.04037,0.10546,0.20829,0.28323,0.34481,0.40511,0.45729,0.53249,0.54841,0.59824,0.63245,0.66402,0.7351
0.3643,-0.012861,0.0035071,0.0081364,0.014178,0.017219,0.049656,0.10391,0.21139,0.28323,0.34326,0.40975,0.45729,0.53714,0.54222,0.60753,0.6309,0.68569,0.72891
0.3644,-0.011313,-0.0073264,0.0096841,0.018821,0.0094804,0.04037,0.10546,0.21758,0.28633,0.33088,0.40821,0.45265,0.5263,0.54841,0.59824,0.63864,0.6795,0.72736
0.3645,-0.0097655,0.0004118,0.0065888,0.031202,0.015671,0.043465,0.10856,0.20984,0.27704,0.33397,0.40356,0.4511,0.53404,0.5577,0.60134,0.6309,0.6764,0.72891
0.3646,-0.0066702,0.011245,0.014327,0.018821,0.021862,0.038822,0.10391,0.19901,0.28168,0.33862,0.39892,0.45265,0.53868,0.55615,0.61372,0.64019,0.66402,0.73046
0.3647,-0.0051226,0.0050547,0.0096841,0.021916,0.0094804,0.035727,0.10237,0.20365,0.28168,0.33707,0.39428,0.44801,0.53095,0.56234,0.59979,0.64174,0.65938,0.73974
0.3648,-0.0082179,-0.0026835,0.0096841,0.025011,0.0079328,0.041918,0.10237,0.19591,0.28014,0.33862,0.40202,0.44646,0.54178,0.55615,0.58276,0.63864,0.66712,0.7351
0.3649,-0.0051226,0.0004118,0.0034935,0.014178,0.017219,0.035727,0.10856,0.20829,0.28478,0.34016,0.40356,0.45729,0.54487,0.55151,0.58741,0.62781,0.68414,0.73819
0.365,-0.0097655,0.0035071,0.0065888,0.011082,0.0063852,0.034179,0.1101,0.21139,0.28788,0.33862,0.40047,0.45884,0.53404,0.56079,0.58586,0.64019,0.67331,0.73819
0.3651,-0.012861,0.0050547,0.0096841,0.01263,0.014123,0.037275,0.10856,0.21448,0.28942,0.34016,0.39892,0.45729,0.53714,0.55925,0.5936,0.63709,0.66712,0.73355
0.3652,-0.0082179,-0.0073264,0.0065888,0.01263,0.020314,0.038822,0.099271,0.21139,0.28014,0.33862,0.39892,0.46348,0.54023,0.54996,0.59669,0.63709,0.67485,0.74129
0.3653,-0.003575,-0.0042311,0.0019459,0.011082,0.011028,0.034179,0.10701,0.21294,0.2724,0.33862,0.40975,0.4542,0.53714,0.55151,0.59979,0.634,0.66247,0.73665
0.3654,-0.00047968,-0.0011358,0.0019459,0.0064395,0.023409,0.04037,0.11165,0.21603,0.29097,0.34636,0.40666,0.44955,0.53868,0.55925,0.60134,0.65567,0.65628,0.73046
0.3655,-0.0020273,0.0035071,0.0096841,0.01263,0.023409,0.041918,0.1101,0.20984,0.28633,0.34636,0.40356,0.45729,0.54023,0.55925,0.59205,0.64793,0.66402,0.72427
0.3656,-0.003575,-0.0011358,0.015875,0.023464,0.021862,0.04037,0.11784,0.21294,0.28168,0.34636,0.39737,0.4511,0.54333,0.54687,0.5905,0.63245,0.66402,0.7351
0.3657,-0.0097655,0.0004118,0.014327,0.026559,0.020314,0.035727,0.1101,0.21603,0.28168,0.351,0.39583,0.4542,0.53095,0.55615,0.58895,0.6309,0.65938,0.73665
0.3658,-0.012861,-0.0026835,0.014327,0.026559,0.018766,0.035727,0.10082,0.21448,0.28633,0.35255,0.40356,0.44801,0.52321,0.56234,0.58895,0.63555,0.65783,0.73819
0.3659,-0.012861,-0.0042311,0.014327,0.014178,0.018766,0.04037,0.11165,0.21139,0.28788,0.35255,0.40047,0.44646,0.52166,0.54687,0.60134,0.634,0.66092,0.73046
0.366,-0.0082179,-0.0026835,0.0081364,0.0095347,0.018766,0.037275,0.11165,0.21758,0.28478,0.35564,0.40511,0.4511,0.53095,0.54377,0.58122,0.63864,0.66712,0.73355
0.3661,-0.0097655,-0.0011358,0.0034935,0.018821,0.015671,0.045013,0.1101,0.21294,0.28323,0.35255,0.4113,0.46348,0.53249,0.55306,0.58122,0.64483,0.66557,0.72581
0.3662,-0.0097655,-0.0026835,0.0034935,0.018821,0.015671,0.041918,0.1132,0.21139,0.28788,0.34171,0.4144,0.45265,0.53095,0.5546,0.58431,0.64019,0.65938,0.7351
0.3663,-0.0066702,0.0004118,0.0096841,0.018821,0.017219,0.045013,0.11784,0.21758,0.28323,0.34171,0.4113,0.45265,0.53404,0.54532,0.58741,0.63709,0.66092,0.72736
0.3664,-0.0097655,-0.0026835,0.0096841,0.023464,0.021862,0.041918,0.11165,0.20984,0.28633,0.34326,0.40975,0.44955,0.54178,0.54532,0.59205,0.63555,0.66866,0.7351
0.3665,-0.0082179,0.0004118,0.0034935,0.026559,0.023409,0.04037,0.10391,0.21294,0.27859,0.34326,0.39892,0.44955,0.53095,0.55306,0.59979,0.634,0.66866,0.73974
0.3666,-0.0097655,0.0004118,0.0034935,0.01263,0.020314,0.041918,0.10391,0.22222,0.2724,0.35564,0.39583,0.44955,0.52785,0.5577,0.60134,0.634,0.65164,0.73665
0.3667,-0.003575,0.0096977,0.0065888,0.023464,0.014123,0.038822,0.10546,0.20984,0.28168,0.35255,0.40666,0.45574,0.5294,0.55615,0.59669,0.62471,0.65164,0.74593
0.3668,-0.0082179,0.0035071,0.00039822,0.023464,0.0094804,0.04037,0.11165,0.20675,0.27859,0.34171,0.40202,0.46658,0.51856,0.55925,0.59669,0.63555,0.65164,0.73665
0.3669,-0.0051226,-0.0011358,0.0034935,0.028106,0.014123,0.043465,0.1132,0.21294,0.2693,0.34945,0.40202,0.46503,0.5263,0.56079,0.59824,0.64019,0.65628,0.7351
0.367,-0.0020273,0.0004118,0.0050412,0.021916,0.015671,0.046561,0.10856,0.20984,0.28014,0.34636,0.40356,0.47122,0.52475,0.55615,0.5936,0.64174,0.66247,0.7351
0.3671,-0.0051226,-0.0042311,0.0034935,0.020368,0.021862,0.034179,0.10856,0.20829,0.28633,0.33862,0.39583,0.45884,0.51547,0.56234,0.58895,0.63245,0.65783,0.72427
0.3672,-0.012861,0.0004118,0.0019459,0.01263,0.014123,0.034179,0.10856,0.21603,0.28788,0.34481,0.39583,0.46039,0.51392,0.55925,0.58741,0.62317,0.65938,0.71962
0.3673,-0.0097655,0.0004118,0.0081364,0.014178,0.021862,0.037275,0.10237,0.21294,0.27859,0.34326,0.40202,0.47586,0.50928,0.55925,0.58741,0.634,0.65473,0.73046
0.3674,-0.0097655,-0.0057788,0.011232,0.015725,0.018766,0.041918,0.1101,0.22222,0.27395,0.33707,0.40202,0.45884,0.50773,0.55925,0.58276,0.63245,0.66712,0.74438
0.3675,-0.0082179,-0.0011358,0.0096841,0.023464,0.028052,0.035727,0.1101,0.22067,0.28323,0.33552,0.40511,0.45574,0.51083,0.54996,0.58895,0.63864,0.66402,0.75057
0.3676,-0.015956,-0.0026835,0.0019459,0.023464,0.026505,0.031084,0.10701,0.21448,0.28478,0.33243,0.40202,0.46503,0.51856,0.56079,0.58431,0.65412,0.65783,0.73665
0.3677,-0.0097655,-0.0011358,0.0034935,0.018821,0.021862,0.041918,0.11165,0.20829,0.28323,0.33862,0.40202,0.46503,0.51547,0.56079,0.58276,0.65567,0.65473,0.732
0.3678,-0.0097655,0.0019594,0.014327,0.020368,0.021862,0.046561,0.10701,0.20984,0.28788,0.34016,0.40821,0.4511,0.51392,0.55615,0.58586,0.64793,0.65473,0.74593
0.3679,-0.0097655,-0.0026835,0.0065888,0.015725,0.020314,0.041918,0.10237,0.20675,0.28633,0.34945,0.40666,0.45729,0.50618,0.56079,0.5905,0.66031,0.65938,0.75057
0.368,-0.0066702,-0.0026835,0.0050412,0.01263,0.023409,0.041918,0.10237,0.21294,0.28942,0.351,0.40202,0.45729,0.50309,0.56234,0.59205,0.65876,0.65009,0.74593
0.3681,-0.0097655,-0.0026835,0.0096841,0.018821,0.020314,0.043465,0.10082,0.20829,0.28323,0.35409,0.40047,0.45884,0.50464,0.55306,0.59205,0.64019,0.66247,0.74903
0.3682,-0.0066702,-0.0026835,0.0019459,0.025011,0.0094804,0.041918,0.10082,0.21603,0.28478,0.35564,0.39737,0.45729,0.50773,0.5577,0.5905,0.64638,0.66402,0.73974
0.3683,-0.0082179,0.0019594,0.0050412,0.018821,0.0094804,0.038822,0.10237,0.21603,0.2724,0.35409,0.39583,0.45265,0.50464,0.55925,0.59515,0.64793,0.66402,0.74438
0.3684,-0.012861,-0.0011358,0.015875,0.018821,0.0032899,0.037275,0.10082,0.21603,0.26776,0.35564,0.40511,0.45574,0.50928,0.55925,0.58895,0.64019,0.66866,0.73974
0.3685,-0.0097655,0.0035071,0.015875,0.014178,0.014123,0.037275,0.10391,0.21448,0.27085,0.35255,0.40356,0.45884,0.50154,0.56234,0.58741,0.63555,0.66402,0.73819
0.3686,-0.0066702,0.0035071,0.0096841,0.011082,0.015671,0.04037,0.10391,0.22377,0.28168,0.35255,0.39273,0.4542,0.50309,0.56389,0.58895,0.63245,0.66866,0.72581
0.3687,-0.0097655,0.0004118,0.015875,0.018821,0.015671,0.041918,0.10856,0.21139,0.2724,0.34326,0.38963,0.45265,0.50928,0.56079,0.59515,0.6309,0.67176,0.71962
0.3688,-0.0097655,0.0035071,0.0096841,0.025011,0.014123,0.041918,0.10856,0.21139,0.27859,0.34481,0.39737,0.44955,0.51547,0.56079,0.5905,0.64483,0.67021,0.73355
0.3689,-0.015956,-0.0026835,0.0019459,0.026559,0.014123,0.045013,0.1132,0.20984,0.27395,0.33707,0.40356,0.45884,0.52011,0.56234,0.59515,0.65102,0.67485,0.72427
0.369,-0.017504,-0.0042311,0.011232,0.01263,0.0079328,0.031084,0.10701,0.21139,0.2693,0.33862,0.39892,0.47277,0.52011,0.56544,0.60288,0.63709,0.67331,0.72581
0.3691,-0.012861,-0.0011358,0.0081364,0.018821,0.011028,0.037275,0.097723,0.20984,0.2724,0.33552,0.39892,0.46658,0.50928,0.56234,0.60288,0.64948,0.67331,0.72581
0.3692,-0.0066702,0.0035071,0.0065888,0.0079871,0.021862,0.031084,0.10856,0.2052,0.28014,0.34326,0.39737,0.4542,0.51237,0.56234,0.59669,0.64948,0.68259,0.72736
0.3693,-0.0082179,-0.0042311,0.0034935,0.020368,0.020314,0.037275,0.10856,0.21139,0.27704,0.35255,0.38654,0.44955,0.51547,0.54687,0.60134,0.64793,0.65783,0.72891
0.3694,-0.003575,0.0004118,0.0096841,0.018821,0.020314,0.045013,0.10082,0.21758,0.28168,0.35255,0.39428,0.45574,0.52321,0.54222,0.5936,0.64174,0.65473,0.71962
0.3695,-0.0020273,-0.0011358,0.0065888,0.023464,0.021862,0.04037,0.10082,0.22222,0.28323,0.34636,0.39737,0.4542,0.52011,0.54532,0.58586,0.64174,0.67021,0.73046
0.3696,-0.00047968,-0.0026835,0.014327,0.01263,0.021862,0.041918,0.10546,0.21448,0.28323,0.35874,0.39428,0.45729,0.51702,0.55151,0.59205,0.64483,0.66712,0.7351
0.3697,-0.0066702,-0.0026835,0.0096841,0.020368,0.020314,0.043465,0.11165,0.21448,0.27859,0.36183,0.39737,0.45884,0.51237,0.5577,0.61062,0.63245,0.66712,0.73046
0.3698,-0.0020273,-0.0011358,0.0096841,0.014178,0.020314,0.041918,0.10546,0.21448,0.28014,0.35564,0.39428,0.45729,0.4969,0.54841,0.61217,0.62471,0.65938,0.72427
0.3699,-0.011313,-0.0073264,0.0019459,0.01263,0.020314,0.038822,0.10701,0.22067,0.28633,0.351,0.40047,0.44955,0.50309,0.55151,0.59515,0.62317,0.66866,0.72427
0.37,-0.0066702,-0.0057788,0.0096841,0.028106,0.021862,0.038822,0.10546,0.23306,0.27704,0.34171,0.38654,0.45574,0.51547,0.55615,0.57967,0.64638,0.66712,0.71498
0.3701,-0.003575,-0.0042311,0.014327,0.029654,0.023409,0.046561,0.096176,0.22222,0.26466,0.33862,0.3819,0.46039,0.51237,0.56698,0.57967,0.64019,0.66712,0.70105
0.3702,-0.003575,0.0019594,0.0050412,0.020368,0.021862,0.043465,0.1101,0.21139,0.2693,0.351,0.38963,0.45574,0.50773,0.55925,0.57657,0.63245,0.66092,0.6995
0.3703,-0.012861,-0.0042311,0.011232,0.018821,0.021862,0.043465,0.11939,0.21139,0.29097,0.34945,0.40821,0.44801,0.50928,0.55615,0.5905,0.63245,0.65473,0.70569
0.3704,-0.0051226,-0.0011358,0.0065888,0.020368,0.023409,0.034179,0.10391,0.21448,0.28788,0.351,0.40047,0.46658,0.51083,0.54067,0.59824,0.62936,0.66092,0.70879
0.3705,-0.0082179,0.00815,0.0019459,0.021916,0.021862,0.035727,0.11165,0.22067,0.28014,0.34326,0.39892,0.45729,0.50773,0.54067,0.60753,0.63864,0.65783,0.71343
0.3706,-0.0066702,0.0019594,0.0096841,0.01263,0.018766,0.027989,0.099271,0.21448,0.28014,0.351,0.39273,0.44801,0.49999,0.54532,0.61217,0.63555,0.65009,0.70569
0.3707,-0.015956,-0.0011358,0.011232,0.018821,0.018766,0.035727,0.1132,0.21603,0.28788,0.34326,0.39892,0.45265,0.49535,0.54532,0.61372,0.64174,0.64854,0.71188
0.3708,-0.0082179,0.0004118,0.011232,0.018821,0.021862,0.041918,0.11165,0.22532,0.27704,0.35255,0.40356,0.45884,0.50464,0.54532,0.61062,0.63555,0.66557,0.71962
0.3709,-0.0097655,-0.0011358,0.0050412,0.015725,0.023409,0.035727,0.10546,0.21758,0.28014,0.34636,0.40666,0.45265,0.50464,0.55306,0.61217,0.634,0.65319,0.71188
0.371,-0.0020273,-0.0026835,0.0081364,0.018821,0.014123,0.038822,0.10546,0.22222,0.28014,0.34326,0.39273,0.45265,0.49071,0.56544,0.5936,0.63555,0.65009,0.71653
0.3711,0.001068,0.0004118,0.0065888,0.014178,0.021862,0.043465,0.10856,0.23306,0.28633,0.35255,0.39273,0.44801,0.49535,0.56079,0.59515,0.6309,0.66092,0.71188
0.3712,-0.0066702,0.0004118,0.0034935,0.014178,0.021862,0.04037,0.10082,0.2346,0.28788,0.35874,0.39273,0.44955,0.4969,0.56079,0.5936,0.63245,0.64854,0.71807
0.3713,-0.014408,0.0019594,0.0050412,0.011082,0.020314,0.038822,0.10237,0.22687,0.28168,0.35874,0.39118,0.44646,0.4938,0.56234,0.58586,0.63555,0.63461,0.72427
0.3714,-0.003575,0.0050547,0.0081364,0.014178,0.023409,0.041918,0.10237,0.21758,0.28014,0.35719,0.40047,0.43563,0.50309,0.55925,0.59205,0.63709,0.647,0.73046
0.3715,-0.0020273,0.0004118,0.0096841,0.01263,0.017219,0.041918,0.10701,0.21758,0.27859,0.36183,0.40356,0.44955,0.4969,0.56698,0.59669,0.64793,0.647,0.732
0.3716,-0.0051226,0.0019594,0.022065,0.01263,0.026505,0.038822,0.1101,0.22222,0.28014,0.35874,0.40511,0.45574,0.49225,0.56544,0.60443,0.63709,0.65938,0.73046
0.3717,-0.003575,-0.0042311,0.014327,0.0095347,0.0296,0.041918,0.10701,0.22996,0.29097,0.35564,0.4113,0.4542,0.48916,0.5577,0.60288,0.62781,0.65938,0.72891
0.3718,0.001068,-0.0042311,0.0081364,0.020368,0.020314,0.043465,0.10391,0.21603,0.28168,0.35564,0.41749,0.45729,0.4938,0.54841,0.59515,0.61852,0.66092,0.72736
0.3719,-0.003575,0.0050547,0.0081364,0.021916,0.018766,0.037275,0.10856,0.22067,0.27704,0.35564,0.4113,0.45265,0.49535,0.55615,0.59669,0.61698,0.65783,0.73819
0.372,-0.003575,0.0019594,0.0065888,0.014178,0.023409,0.034179,0.1101,0.22067,0.2724,0.35874,0.40821,0.4542,0.4938,0.56079,0.5936,0.62471,0.65164,0.73046
0.3721,-0.0066702,-0.0042311,-0.0026971,0.01263,0.018766,0.04037,0.10856,0.21758,0.27859,0.35719,0.40511,0.46503,0.49071,0.55925,0.59205,0.61852,0.65783,0.72272
0.3722,-0.0097655,-0.0057788,0.0065888,0.014178,0.018766,0.037275,0.10856,0.21758,0.28323,0.34326,0.41285,0.44955,0.49999,0.55151,0.59669,0.62317,0.65938,0.72736
0.3723,-0.003575,-0.011969,0.0065888,0.028106,0.032695,0.037275,0.10856,0.22377,0.28788,0.351,0.4113,0.44646,0.50773,0.55151,0.58741,0.62936,0.65783,0.72427
0.3724,-0.0082179,0.0004118,0.017422,0.020368,0.021862,0.038822,0.10701,0.22222,0.27395,0.35564,0.4144,0.45729,0.50618,0.5577,0.58431,0.62162,0.65783,0.71962
0.3725,-0.0097655,0.0019594,0.015875,0.0048918,0.023409,0.035727,0.10701,0.22377,0.27859,0.35719,0.40511,0.46503,0.50154,0.56079,0.58276,0.62007,0.66092,0.71034
0.3726,-0.0051226,-0.0026835,0.00039822,0.014178,0.021862,0.037275,0.10546,0.22222,0.27704,0.35719,0.40202,0.46348,0.48916,0.5577,0.58895,0.62162,0.65319,0.72581
0.3727,-0.00047968,-0.0011358,0.00039822,0.021916,0.021862,0.038822,0.10391,0.22222,0.27395,0.35719,0.39428,0.44955,0.4969,0.56234,0.59824,0.61543,0.65783,0.7351
0.3728,-0.0097655,0.0050547,0.00039822,0.011082,0.021862,0.041918,0.10082,0.22996,0.28168,0.351,0.39428,0.4542,0.50773,0.57008,0.60907,0.62007,0.66712,0.73046
0.3729,-0.003575,-0.0057788,0.0050412,0.011082,0.020314,0.035727,0.10701,0.22687,0.27704,0.34945,0.40356,0.45574,0.50464,0.56079,0.60753,0.61698,0.66247,0.73819
0.373,-0.0051226,-0.0011358,0.0081364,0.020368,0.026505,0.037275,0.10856,0.22377,0.28014,0.34016,0.39892,0.44646,0.50773,0.5577,0.59515,0.62626,0.66557,0.732
0.3731,-0.012861,-0.0011358,0.0065888,0.020368,0.023409,0.034179,0.11629,0.22222,0.2724,0.34945,0.40975,0.45729,0.51083,0.55925,0.5936,0.61852,0.66712,0.72891
0.3732,-0.0097655,0.0035071,0.015875,0.01263,0.015671,0.035727,0.11784,0.22377,0.28168,0.34481,0.40821,0.45884,0.51083,0.56234,0.60134,0.62317,0.66866,0.72891
0.3733,-0.0051226,0.0004118,0.020518,0.014178,0.023409,0.035727,0.1132,0.22687,0.28478,0.34945,0.39428,0.45265,0.51547,0.54687,0.59515,0.62781,0.66247,0.72891
0.3734,-0.0082179,-0.0026835,0.0081364,0.014178,0.0296,0.04037,0.1132,0.23151,0.27395,0.33862,0.40047,0.44646,0.51547,0.54687,0.59824,0.62626,0.67485,0.72272
0.3735,-0.0066702,-0.0057788,0.0019459,0.014178,0.018766,0.037275,0.10701,0.22996,0.2724,0.34326,0.40821,0.45729,0.50464,0.54377,0.58895,0.62781,0.66402,0.72272
0.3736,-0.003575,-0.0042311,-0.0042447,0.020368,0.015671,0.041918,0.11165,0.22996,0.26776,0.34016,0.4113,0.45574,0.4969,0.53603,0.58586,0.62317,0.66402,0.71653
0.3737,-0.003575,-0.0011358,0.00039822,0.018821,0.0094804,0.035727,0.10391,0.22687,0.26776,0.33707,0.41904,0.4511,0.52011,0.53913,0.59669,0.61698,0.66402,0.71498
0.3738,-0.011313,0.0019594,0.014327,0.021916,0.014123,0.037275,0.1101,0.23151,0.26776,0.34326,0.41749,0.45265,0.50773,0.54996,0.61062,0.6309,0.65938,0.71343
0.3739,-0.003575,-0.010422,0.015875,0.025011,0.015671,0.034179,0.11165,0.23306,0.2724,0.34171,0.41285,0.44336,0.51237,0.54687,0.60288,0.64019,0.66712,0.72581
0.374,-0.0066702,-0.0011358,0.0019459,0.011082,0.028052,0.035727,0.1101,0.22841,0.27704,0.34016,0.39737,0.44646,0.50928,0.54377,0.59205,0.63864,0.6764,0.71962
0.3741,-0.017504,-0.011969,-0.0011494,0.021916,0.015671,0.041918,0.1101,0.22841,0.28478,0.34171,0.39892,0.44955,0.50928,0.55306,0.59515,0.63709,0.68723,0.72272
0.3742,-0.012861,-0.015065,0.0019459,0.011082,0.014123,0.04037,0.10856,0.21758,0.2724,0.34636,0.39583,0.46348,0.50773,0.54841,0.59205,0.63864,0.68414,0.72581
0.3743,-0.0097655,0.0004118,0.0019459,0.01263,0.014123,0.031084,0.10546,0.22222,0.27704,0.33552,0.39118,0.46967,0.50928,0.55306,0.58586,0.62626,0.67485,0.7351
0.3744,-0.0051226,0.0035071,0.0065888,0.01263,0.014123,0.032632,0.10701,0.22532,0.27395,0.33862,0.39118,0.46503,0.51392,0.5546,0.58276,0.63709,0.66866,0.72581
0.3745,-0.0051226,0.0035071,0.0019459,0.01263,0.011028,0.04037,0.11165,0.22841,0.27085,0.33862,0.39428,0.45574,0.51237,0.55151,0.57812,0.634,0.66712,0.71653
0.3746,-0.014408,-0.0042311,0.0096841,0.01263,0.023409,0.043465,0.1101,0.22377,0.28014,0.34016,0.39273,0.46039,0.51392,0.54532,0.58586,0.63555,0.67331,0.72272
0.3747,-0.0020273,0.0035071,0.0050412,0.011082,0.026505,0.04037,0.10237,0.22687,0.28942,0.34016,0.38654,0.46348,0.51547,0.54377,0.58741,0.64019,0.6795,0.72272
0.3748,-0.0051226,-0.010422,0.00039822,0.015725,0.021862,0.04037,0.11165,0.22841,0.28478,0.34945,0.40202,0.45265,0.51856,0.55306,0.58895,0.64019,0.66557,0.72736
0.3749,-0.0097655,-0.0026835,0.0081364,0.01263,0.024957,0.034179,0.11165,0.22996,0.28323,0.35409,0.40511,0.44491,0.51702,0.55925,0.59515,0.64019,0.66247,0.73665
0.375,-0.012861,-0.0026835,0.00039822,0.025011,0.023409,0.031084,0.1132,0.22532,0.28323,0.35255,0.41594,0.4542,0.51083,0.5546,0.58895,0.634,0.6795,0.732
0.3751,-0.012861,0.0004118,0.0050412,0.025011,0.021862,0.04037,0.10701,0.21758,0.28478,0.33707,0.40821,0.44491,0.50928,0.56079,0.58122,0.64638,0.67331,0.71962
0.3752,-0.0097655,-0.0026835,0.0019459,0.023464,0.018766,0.048108,0.1101,0.21448,0.28633,0.34016,0.40821,0.44801,0.51237,0.5546,0.58586,0.65567,0.68569,0.73046
0.3753,-0.012861,-0.0042311,0.014327,0.0095347,0.023409,0.041918,0.1101,0.22067,0.28014,0.34945,0.39118,0.45574,0.50618,0.55306,0.59669,0.65102,0.69497,0.71498
0.3754,-0.0097655,-0.0057788,0.0096841,0.020368,0.023409,0.037275,0.1132,0.22532,0.2693,0.34481,0.38963,0.45729,0.50928,0.56079,0.59824,0.65721,0.68569,0.71962
0.3755,-0.0020273,-0.0011358,0.015875,0.01263,0.026505,0.026441,0.11475,0.21758,0.2724,0.351,0.39892,0.46813,0.50928,0.55306,0.60907,0.65876,0.68259,0.71343
0.3756,-0.0020273,-0.0011358,0.0065888,0.014178,0.020314,0.034179,0.10391,0.22067,0.28014,0.34016,0.40821,0.45884,0.50928,0.55925,0.60907,0.65102,0.68414,0.71343
0.3757,-0.011313,-0.0042311,-0.0011494,0.023464,0.024957,0.04037,0.1101,0.22377,0.28478,0.33707,0.40975,0.46503,0.51392,0.55306,0.60134,0.65567,0.67176,0.70879
0.3758,-0.014408,-0.0057788,-0.0011494,0.01263,0.018766,0.035727,0.1101,0.21913,0.28014,0.351,0.40047,0.46348,0.51547,0.54996,0.60907,0.65412,0.67021,0.70569
0.3759,-0.014408,0.0035071,0.0050412,0.0095347,0.015671,0.034179,0.10546,0.21448,0.28168,0.34481,0.40202,0.46039,0.51392,0.55306,0.60288,0.62317,0.68414,0.70879
0.376,-0.015956,0.0019594,0.0034935,0.01263,0.015671,0.038822,0.10546,0.21603,0.28168,0.34326,0.40202,0.45574,0.51237,0.55615,0.61217,0.62936,0.68414,0.70415
0.3761,-0.0082179,0.0019594,0.0019459,0.014178,0.021862,0.045013,0.1132,0.21603,0.28168,0.34171,0.40975,0.46348,0.51083,0.5546,0.60443,0.64483,0.6795,0.71034
0.3762,-0.0051226,0.0096977,0.00039822,0.011082,0.021862,0.043465,0.11629,0.21758,0.28323,0.34945,0.41285,0.4542,0.51237,0.5546,0.59669,0.64019,0.6764,0.71188
0.3763,-0.0066702,-0.0042311,0.0019459,0.020368,0.015671,0.04037,0.10701,0.21294,0.2724,0.36028,0.40666,0.44801,0.51856,0.56234,0.59824,0.64019,0.67176,0.71962
0.3764,-0.003575,-0.0057788,0.0081364,0.021916,0.015671,0.041918,0.1132,0.22222,0.28478,0.35719,0.40047,0.45574,0.51392,0.56544,0.59669,0.64174,0.66866,0.71807
0.3765,-0.012861,0.0035071,0.0081364,0.021916,0.017219,0.038822,0.11939,0.22067,0.28168,0.34171,0.40511,0.45574,0.50928,0.5546,0.59515,0.63245,0.66712,0.71188
0.3766,-0.014408,0.0035071,0.0019459,0.018821,0.018766,0.035727,0.10546,0.21603,0.28323,0.33862,0.40975,0.4542,0.51392,0.54996,0.58895,0.63245,0.67331,0.71962
0.3767,-0.019051,-0.0042311,0.0019459,0.020368,0.024957,0.037275,0.10701,0.20829,0.28478,0.35255,0.40356,0.46039,0.4969,0.55615,0.59515,0.634,0.6764,0.71188
0.3768,-0.0097655,-0.0042311,0.0050412,0.021916,0.021862,0.034179,0.10856,0.21139,0.28168,0.35409,0.39892,0.45884,0.50773,0.55306,0.60443,0.63245,0.69033,0.71962
0.3769,-0.003575,-0.0042311,0.0096841,0.0095347,0.020314,0.035727,0.10546,0.22532,0.28014,0.35719,0.40511,0.46967,0.51392,0.5546,0.61217,0.63709,0.66712,0.71343
0.377,-0.012861,0.0019594,0.0034935,0.018821,0.018766,0.037275,0.1101,0.22222,0.28014,0.36028,0.40666,0.47122,0.52011,0.56234,0.60907,0.64638,0.67485,0.732
0.3771,-0.0051226,0.0050547,0.0050412,0.011082,0.020314,0.035727,0.1132,0.21294,0.27395,0.35874,0.40356,0.46658,0.51702,0.56698,0.60753,0.65876,0.67176,0.72736
0.3772,-0.0020273,-0.0011358,0.0065888,0.014178,0.015671,0.034179,0.10856,0.21603,0.27704,0.35874,0.40821,0.4542,0.51083,0.56389,0.61217,0.66031,0.66247,0.72581
0.3773,-0.0051226,-0.0026835,0.0034935,0.01263,0.014123,0.037275,0.10856,0.21448,0.27704,0.36338,0.41285,0.46813,0.51547,0.57472,0.60443,0.65567,0.6764,0.72272
0.3774,-0.00047968,-0.0073264,-0.0011494,0.0048918,0.024957,0.032632,0.10701,0.20984,0.28323,0.35719,0.40975,0.46658,0.51856,0.57008,0.60288,0.65102,0.68259,0.72272
0.3775,-0.0082179,-0.0011358,0.0019459,0.0033442,0.018766,0.04037,0.1101,0.21603,0.28168,0.33862,0.40511,0.46658,0.51856,0.55925,0.60288,0.65412,0.68414,0.72272
0.3776,-0.0097655,0.0035071,-0.0042447,0.018821,0.026505,0.043465,0.10391,0.22222,0.28168,0.34481,0.40666,0.46503,0.51702,0.54841,0.59515,0.64638,0.67176,0.71653
0.3777,-0.0097655,-0.0011358,0.0065888,0.023464,0.017219,0.041918,0.10856,0.21448,0.28323,0.36028,0.40821,0.46039,0.51547,0.55615,0.59669,0.64638,0.68569,0.71653
0.3778,-0.003575,0.0004118,0.0019459,0.018821,0.017219,0.041918,0.10856,0.2052,0.28633,0.351,0.40975,0.46503,0.52166,0.5577,0.58431,0.65257,0.68723,0.72891
0.3779,-0.0066702,0.0050547,0.0065888,0.011082,0.021862,0.04037,0.10391,0.21139,0.28633,0.34326,0.40202,0.45884,0.52011,0.55615,0.57967,0.64793,0.68414,0.72736
0.378,-0.0082179,0.0019594,0.0065888,0.021916,0.015671,0.041918,0.10701,0.21294,0.28168,0.33862,0.40202,0.46503,0.51392,0.56389,0.57812,0.65412,0.68259,0.72736
0.3781,-0.0097655,-0.0057788,0.0019459,0.018821,0.021862,0.04037,0.10391,0.21139,0.27704,0.33552,0.39892,0.46348,0.51083,0.56079,0.58895,0.64948,0.67021,0.71498
0.3782,-0.0082179,-0.0042311,0.0034935,0.018821,0.020314,0.035727,0.10546,0.2052,0.28168,0.33397,0.40821,0.45729,0.51392,0.57163,0.59515,0.65257,0.67021,0.71653
0.3783,-0.0051226,-0.0026835,0.00039822,0.0079871,0.021862,0.04037,0.10856,0.21139,0.28478,0.34945,0.40047,0.46503,0.51856,0.56389,0.60288,0.65257,0.67485,0.72581
0.3784,-0.0066702,0.0004118,-0.00734,0.020368,0.017219,0.035727,0.099271,0.21448,0.28168,0.34326,0.40356,0.46658,0.51083,0.56389,0.59979,0.65567,0.65938,0.71962
0.3785,-0.00047968,-0.0057788,0.0034935,0.018821,0.023409,0.037275,0.10701,0.21294,0.28168,0.33397,0.40511,0.46813,0.51083,0.56079,0.5936,0.66495,0.66092,0.71343
0.3786,-0.003575,0.0019594,0.0065888,0.01263,0.018766,0.035727,0.1132,0.21758,0.2724,0.34481,0.39273,0.47432,0.51856,0.56234,0.59205,0.65412,0.65783,0.72427
0.3787,-0.0020273,0.0004118,0.0050412,0.0095347,0.014123,0.037275,0.11475,0.20984,0.28478,0.33707,0.4144,0.46967,0.51702,0.56234,0.58586,0.66186,0.65783,0.73665
0.3788,-0.0020273,0.0019594,0.0050412,0.015725,0.014123,0.045013,0.1101,0.21139,0.28323,0.33397,0.41594,0.46967,0.51856,0.54996,0.59515,0.64174,0.65473,0.73046
0.3789,-0.019051,0.0035071,0.00039822,0.023464,0.028052,0.034179,0.10856,0.20829,0.28014,0.33552,0.4144,0.47122,0.51392,0.54532,0.59979,0.64793,0.66402,0.732
0.379,-0.019051,-0.0088741,0.0065888,0.014178,0.020314,0.032632,0.1132,0.21448,0.28478,0.32933,0.41285,0.46039,0.51392,0.55306,0.60753,0.64948,0.67021,0.72891
0.3791,-0.0097655,-0.0011358,-0.0011494,0.020368,0.021862,0.04037,0.10856,0.20984,0.28323,0.33088,0.40666,0.45729,0.52011,0.56234,0.59824,0.64793,0.66402,0.73046
0.3792,-0.0020273,-0.0057788,-0.0026971,0.021916,0.020314,0.04037,0.11165,0.2021,0.27859,0.33397,0.39892,0.45265,0.51702,0.56234,0.58741,0.65567,0.66247,0.73819
0.3793,-0.0066702,-0.0011358,-0.0026971,0.018821,0.024957,0.038822,0.10391,0.21913,0.27859,0.33552,0.40821,0.45574,0.51392,0.5546,0.59515,0.64638,0.66557,0.74593
0.3794,-0.0082179,0.0019594,-0.0026971,0.026559,0.024957,0.034179,0.11165,0.2052,0.28633,0.34016,0.41285,0.45265,0.52166,0.54841,0.59669,0.63864,0.67331,0.7351
0.3795,-0.00047968,0.0066024,0.0019459,0.01263,0.026505,0.034179,0.10856,0.20365,0.27395,0.34326,0.4113,0.4542,0.51547,0.54532,0.60288,0.634,0.67176,0.72736
0.3796,-0.012861,0.0050547,0.0019459,0.018821,0.020314,0.031084,0.10701,0.2052,0.28014,0.34326,0.40666,0.4542,0.51392,0.54841,0.61062,0.64638,0.66866,0.72581
0.3797,-0.014408,0.0066024,0.0019459,0.01263,0.0296,0.031084,0.10391,0.21139,0.28014,0.33707,0.40511,0.45574,0.52321,0.53758,0.61372,0.65102,0.65783,0.72736
0.3798,-0.0051226,-0.0011358,0.0050412,0.0064395,0.032695,0.032632,0.11165,0.21139,0.28014,0.33552,0.40666,0.46658,0.51856,0.54532,0.61991,0.65257,0.65938,0.72891
0.3799,-0.0066702,0.0004118,0.0034935,0.011082,0.018766,0.037275,0.12094,0.2052,0.27395,0.33243,0.40666,0.45729,0.50928,0.54841,0.61062,0.65876,0.65164,0.72272
0.38,-0.0097655,-0.0042311,0.0034935,0.0079871,0.018766,0.054299,0.10856,0.20829,0.28014,0.33862,0.4113,0.45884,0.50773,0.54377,0.61062,0.64019,0.65319,0.72736
0.3801,-0.0097655,-0.0011358,0.0034935,0.014178,0.021862,0.052751,0.10391,0.21448,0.27395,0.34326,0.40821,0.46658,0.51856,0.54841,0.60907,0.64019,0.66247,0.73046
0.3802,-0.012861,0.0019594,0.0081364,0.020368,0.015671,0.04037,0.11784,0.21139,0.27085,0.33243,0.40666,0.47586,0.51856,0.54841,0.60907,0.634,0.66557,0.72581
0.3803,-0.0097655,-0.0042311,0.0081364,0.021916,0.024957,0.035727,0.10391,0.20984,0.27859,0.33397,0.40202,0.47122,0.52011,0.55151,0.61062,0.62317,0.66092,0.732
0.3804,-0.0066702,0.0066024,0.0050412,0.028106,0.028052,0.041918,0.10391,0.20984,0.28323,0.32469,0.39892,0.47122,0.51237,0.54841,0.59205,0.62317,0.65473,0.73046
0.3805,-0.0066702,0.00815,-0.0042447,0.014178,0.021862,0.04037,0.10856,0.20984,0.28323,0.32314,0.39892,0.47896,0.51392,0.53913,0.59824,0.62317,0.66402,0.72891
0.3806,-0.0051226,0.0004118,0.0019459,0.0095347,0.014123,0.04037,0.10546,0.2052,0.2724,0.32933,0.40356,0.47586,0.50928,0.55151,0.60443,0.64638,0.66557,0.71498
0.3807,-0.0020273,0.0096977,0.0034935,0.011082,0.021862,0.037275,0.1101,0.20829,0.26776,0.32933,0.40047,0.47432,0.52321,0.5577,0.61217,0.64638,0.67176,0.71188
0.3808,-0.0066702,0.0035071,0.0081364,0.023464,0.021862,0.04037,0.097723,0.22222,0.27395,0.32933,0.40975,0.47432,0.51392,0.55925,0.61217,0.63709,0.66092,0.71034
0.3809,-0.015956,0.0004118,0.0081364,0.018821,0.024957,0.038822,0.10546,0.21294,0.28323,0.33243,0.40511,0.47896,0.51702,0.57008,0.60134,0.63555,0.66402,0.71653
0.381,-0.015956,-0.0026835,0.00039822,0.0095347,0.024957,0.031084,0.10082,0.2052,0.27395,0.33243,0.40666,0.47122,0.51392,0.56389,0.61062,0.64019,0.67331,0.71343
0.3811,-0.012861,0.0050547,0.0065888,0.015725,0.028052,0.037275,0.099271,0.2052,0.27085,0.33243,0.40975,0.46967,0.51237,0.55615,0.60753,0.64638,0.68878,0.72581
0.3812,-0.0051226,0.014341,0.0065888,0.026559,0.015671,0.04037,0.10391,0.21913,0.2693,0.33243,0.40975,0.47896,0.51547,0.55151,0.60288,0.64174,0.69033,0.73665
0.3813,-0.0097655,0.0004118,0.011232,0.028106,0.015671,0.046561,0.10701,0.21448,0.26776,0.33088,0.40666,0.47432,0.52011,0.54067,0.59824,0.63864,0.68414,0.74438
0.3814,-0.0082179,-0.0057788,0.0096841,0.020368,0.021862,0.043465,0.1132,0.20984,0.28014,0.32624,0.40047,0.46503,0.5263,0.54532,0.60288,0.64174,0.68878,0.73974
0.3815,-0.0051226,-0.0026835,-0.0011494,0.023464,0.020314,0.043465,0.1101,0.20675,0.2724,0.33243,0.40356,0.46348,0.51856,0.53448,0.61062,0.63245,0.69033,0.73046
0.3816,0.001068,0.00815,-0.0026971,0.021916,0.028052,0.048108,0.11165,0.20829,0.2724,0.33862,0.40202,0.46813,0.51083,0.53448,0.60134,0.634,0.70116,0.72272
0.3817,-0.0097655,0.0066024,0.0034935,0.021916,0.020314,0.041918,0.099271,0.21758,0.27859,0.33552,0.38963,0.47432,0.51392,0.53758,0.60134,0.62162,0.68723,0.71653
0.3818,-0.0097655,0.0066024,0.0050412,0.015725,0.015671,0.04037,0.10391,0.21603,0.27395,0.33088,0.40356,0.46967,0.50309,0.54067,0.59979,0.62781,0.68259,0.70879
0.3819,-0.011313,0.0004118,0.0096841,0.018821,0.021862,0.038822,0.10701,0.21294,0.28633,0.33397,0.39892,0.48051,0.50464,0.54377,0.60753,0.62936,0.68878,0.71807
0.382,-0.012861,-0.0042311,0.0081364,0.0079871,0.0296,0.043465,0.1101,0.22222,0.28168,0.33552,0.39583,0.48051,0.51392,0.52984,0.61836,0.62626,0.69652,0.73046
0.3821,-0.0097655,0.0004118,0.00039822,0.021916,0.020314,0.035727,0.10546,0.22377,0.28323,0.33552,0.40047,0.4836,0.51702,0.53448,0.61526,0.634,0.68723,0.71343
0.3822,-0.0082179,-0.0026835,0.0096841,0.018821,0.017219,0.034179,0.10546,0.22222,0.28323,0.33243,0.40047,0.47432,0.52166,0.53294,0.61062,0.63864,0.68414,0.71498
0.3823,-0.003575,-0.0042311,0.0081364,0.018821,0.021862,0.046561,0.10237,0.21758,0.28633,0.33088,0.39273,0.47741,0.51856,0.53603,0.60907,0.63864,0.68259,0.71962
0.3824,-0.014408,0.00815,0.00039822,0.01263,0.014123,0.049656,0.10856,0.22222,0.28168,0.32469,0.39428,0.47741,0.51083,0.53448,0.60443,0.64638,0.68723,0.73046
0.3825,-0.014408,0.0004118,0.00039822,0.021916,0.017219,0.046561,0.10082,0.21913,0.28788,0.32933,0.40047,0.46967,0.51083,0.54222,0.60907,0.64793,0.68723,0.72272
0.3826,-0.0051226,-0.0042311,0.0050412,0.025011,0.017219,0.043465,0.10546,0.20984,0.28633,0.33243,0.39892,0.46503,0.51547,0.54377,0.60443,0.64948,0.67331,0.72427
0.3827,-0.014408,0.0035071,0.0019459,0.014178,0.017219,0.041918,0.1101,0.20365,0.28478,0.33088,0.40356,0.45574,0.52166,0.53913,0.59979,0.64638,0.6764,0.71498
0.3828,-0.0097655,-0.0011358,0.0065888,0.018821,0.014123,0.043465,0.11475,0.20675,0.28478,0.33088,0.40975,0.4542,0.52321,0.53913,0.60443,0.64174,0.6764,0.72272
0.3829,-0.0082179,-0.0057788,0.0019459,0.014178,0.020314,0.045013,0.10856,0.21294,0.29252,0.33397,0.40356,0.46039,0.51392,0.53294,0.60443,0.6309,0.67176,0.72272
0.383,-0.0051226,-0.0088741,0.0065888,0.0064395,0.021862,0.04037,0.10856,0.21448,0.29252,0.33243,0.40047,0.46813,0.51547,0.53603,0.59824,0.64019,0.68723,0.71962
0.3831,-0.00047968,-0.0011358,0.0050412,0.0079871,0.021862,0.034179,0.10391,0.21139,0.28323,0.34016,0.40356,0.45729,0.51237,0.53603,0.60288,0.64019,0.68414,0.70879
0.3832,-0.0097655,0.0019594,0.0096841,0.01263,0.024957,0.04037,0.1132,0.21139,0.28478,0.33552,0.40511,0.44801,0.51547,0.52675,0.59979,0.63245,0.6795,0.71188
0.3833,-0.0051226,0.0004118,0.0081364,0.018821,0.017219,0.04037,0.1101,0.22067,0.28633,0.33088,0.40666,0.44646,0.51702,0.53603,0.60288,0.62471,0.67331,0.6995
0.3834,-0.0097655,0.0019594,0.0034935,0.020368,0.018766,0.037275,0.10546,0.21758,0.28788,0.32469,0.40511,0.44801,0.51702,0.54841,0.59824,0.63245,0.68569,0.71034
0.3835,-0.012861,-0.0026835,0.0034935,0.01263,0.015671,0.034179,0.10546,0.21139,0.27859,0.33088,0.40356,0.44955,0.51237,0.53758,0.5936,0.634,0.68723,0.72272
0.3836,-0.0066702,0.0050547,0.0081364,0.011082,0.021862,0.038822,0.10856,0.21139,0.28942,0.33552,0.38963,0.46967,0.4969,0.54067,0.58895,0.63709,0.68878,0.72891
0.3837,-0.00047968,0.0035071,0.0050412,0.0095347,0.018766,0.04037,0.10856,0.21603,0.28788,0.34945,0.38963,0.47122,0.51237,0.54996,0.58741,0.63245,0.69033,0.73819
0.3838,-0.0051226,-0.0073264,0.0081364,0.021916,0.011028,0.038822,0.1101,0.21294,0.2724,0.351,0.39428,0.46658,0.51702,0.54532,0.5936,0.63245,0.69188,0.73665
0.3839,-0.0082179,-0.0042311,0.00039822,0.018821,0.018766,0.052751,0.1132,0.20984,0.28168,0.33862,0.40511,0.45884,0.51237,0.54841,0.59979,0.64948,0.69033,0.71962
0.384,-0.0097655,-0.0042311,0.00039822,0.0095347,0.020314,0.035727,0.11939,0.21758,0.28478,0.33243,0.40356,0.44955,0.52011,0.5546,0.60753,0.64793,0.68723,0.71962
0.3841,-0.0082179,-0.0011358,0.0065888,0.014178,0.020314,0.043465,0.1101,0.21603,0.2724,0.34481,0.40511,0.44491,0.51856,0.55306,0.60288,0.65567,0.69652,0.72427
0.3842,-0.011313,0.0004118,0.0050412,0.01263,0.028052,0.048108,0.10856,0.21294,0.28014,0.33707,0.40821,0.44801,0.52011,0.5546,0.60443,0.64793,0.68569,0.72891
0.3843,-0.011313,0.0019594,0.00039822,0.0095347,0.015671,0.046561,0.10856,0.22067,0.28633,0.33243,0.40356,0.44491,0.52011,0.55615,0.61062,0.64638,0.65938,0.71807
0.3844,-0.0097655,0.0004118,0.0034935,0.014178,0.018766,0.048108,0.1101,0.21294,0.28788,0.33552,0.39892,0.43872,0.51547,0.55615,0.59979,0.65876,0.66402,0.71343
0.3845,-0.0097655,0.0035071,0.0050412,0.021916,0.017219,0.04037,0.11165,0.20829,0.27859,0.33862,0.40047,0.44646,0.51547,0.53913,0.60288,0.64793,0.6764,0.72427
0.3846,-0.0066702,0.0004118,0.0034935,0.020368,0.017219,0.038822,0.1101,0.21294,0.27859,0.33397,0.40821,0.44646,0.51392,0.53758,0.59669,0.64019,0.66866,0.71807
0.3847,-0.012861,-0.0011358,0.00039822,0.014178,0.020314,0.041918,0.12094,0.21758,0.28942,0.33397,0.40666,0.44336,0.51237,0.53758,0.59669,0.64019,0.67176,0.72272
0.3848,-0.0051226,-0.0042311,0.0034935,0.01263,0.020314,0.045013,0.11784,0.20675,0.28323,0.35255,0.40511,0.44955,0.51702,0.53758,0.59979,0.64793,0.68723,0.72736
0.3849,-0.0051226,-0.0042311,0.0081364,0.01263,0.017219,0.035727,0.12249,0.21294,0.27704,0.36183,0.40511,0.45574,0.5294,0.53758,0.59515,0.65412,0.68723,0.70415
0.385,-0.0020273,-0.0026835,0.00039822,0.01263,0.015671,0.045013,0.11939,0.22532,0.28168,0.35255,0.40821,0.45574,0.53404,0.53913,0.59515,0.6634,0.6795,0.69796
0.3851,-0.0082179,-0.0011358,0.0034935,0.0064395,0.018766,0.041918,0.11784,0.21448,0.28014,0.34945,0.4113,0.4542,0.51856,0.54532,0.58895,0.65412,0.68259,0.70415
0.3852,-0.0082179,0.0004118,0.0034935,0.015725,0.023409,0.04037,0.11475,0.2052,0.28168,0.351,0.41594,0.44646,0.5294,0.54687,0.58741,0.64019,0.68569,0.6995
0.3853,-0.0082179,-0.0042311,0.00039822,0.014178,0.026505,0.04037,0.11475,0.21139,0.27859,0.351,0.40666,0.44491,0.53249,0.55151,0.59669,0.63245,0.6795,0.71188
0.3854,-0.0020273,0.0050547,0.00039822,0.0079871,0.023409,0.038822,0.11475,0.20984,0.27704,0.34636,0.4113,0.45265,0.52166,0.54996,0.59824,0.6309,0.67331,0.71962
0.3855,-0.003575,0.0004118,-0.0011494,0.01263,0.018766,0.048108,0.1132,0.21448,0.28323,0.33707,0.40356,0.4542,0.51856,0.55151,0.60288,0.63245,0.66866,0.71807
0.3856,-0.00047968,0.00815,0.0050412,0.020368,0.018766,0.041918,0.11784,0.20984,0.28633,0.34171,0.40511,0.45729,0.51702,0.54841,0.60907,0.64638,0.66712,0.73046
0.3857,0.0041632,0.0019594,0.015875,0.025011,0.023409,0.043465,0.11629,0.20984,0.29097,0.34171,0.42523,0.44801,0.51547,0.55306,0.60443,0.64483,0.66402,0.72891
0.3858,-0.0066702,-0.0011358,0.0081364,0.020368,0.018766,0.04037,0.11165,0.20984,0.28014,0.34016,0.41594,0.46348,0.50773,0.54377,0.60753,0.634,0.68259,0.73355
0.3859,-0.012861,0.0004118,0.0034935,0.0064395,0.0079328,0.037275,0.1101,0.21758,0.27704,0.34945,0.4113,0.45729,0.51237,0.54841,0.60443,0.63864,0.68569,0.72891
0.386,-0.0097655,0.0004118,-0.0011494,0.018821,0.018766,0.04037,0.1132,0.20829,0.28168,0.351,0.40666,0.45884,0.51237,0.54841,0.60288,0.64483,0.68414,0.72581
0.3861,-0.0020273,0.0004118,0.0034935,0.015725,0.021862,0.038822,0.11165,0.20829,0.28633,0.35255,0.40666,0.46348,0.50154,0.55306,0.5936,0.63709,0.67795,0.72427
0.3862,-0.0082179,-0.0011358,0.0050412,0.020368,0.017219,0.034179,0.10856,0.20675,0.28014,0.34481,0.41285,0.46503,0.50618,0.54996,0.58586,0.634,0.68569,0.71343
0.3863,-0.0066702,-0.0057788,0.0019459,0.021916,0.015671,0.041918,0.11784,0.20675,0.28014,0.33552,0.4144,0.47122,0.51856,0.54841,0.58741,0.63864,0.68878,0.72427
0.3864,-0.012861,-0.0026835,0.0081364,0.023464,0.018766,0.04037,0.11629,0.19901,0.28168,0.33862,0.41594,0.47586,0.51702,0.5577,0.5936,0.634,0.68414,0.72736
0.3865,-0.0097655,0.0019594,0.014327,0.01263,0.018766,0.032632,0.10856,0.19591,0.28323,0.33552,0.4113,0.46039,0.52321,0.55151,0.5905,0.634,0.67021,0.72427
0.3866,-0.0051226,-0.0011358,-0.0026971,0.023464,0.015671,0.034179,0.1101,0.20675,0.27395,0.33552,0.41285,0.46039,0.52166,0.54222,0.58895,0.64174,0.68723,0.732
0.3867,-0.0097655,-0.0026835,-0.0042447,0.023464,0.021862,0.041918,0.10701,0.20984,0.28168,0.33707,0.41749,0.44955,0.51083,0.55925,0.58895,0.63709,0.68723,0.73046
0.3868,-0.012861,0.0019594,0.0065888,0.018821,0.020314,0.037275,0.10856,0.20984,0.28014,0.33243,0.4113,0.46039,0.50773,0.55615,0.59205,0.63245,0.67331,0.72427
0.3869,-0.003575,-0.0026835,0.0050412,0.020368,0.018766,0.038822,0.11165,0.20984,0.27395,0.34171,0.40047,0.46503,0.51237,0.55306,0.58895,0.62317,0.66402,0.71498
0.387,-0.0051226,0.0050547,0.0050412,0.018821,0.018766,0.041918,0.11939,0.20984,0.2724,0.34945,0.40666,0.45884,0.50773,0.55306,0.5936,0.62781,0.66866,0.71498
0.3871,-0.0082179,0.0004118,0.0065888,0.018821,0.017219,0.043465,0.11629,0.20829,0.28323,0.34945,0.40356,0.45574,0.50928,0.56079,0.59515,0.62936,0.67485,0.71962
0.3872,-0.011313,-0.0011358,0.0065888,0.018821,0.020314,0.046561,0.11165,0.19901,0.28168,0.33862,0.4113,0.45574,0.50773,0.56079,0.58895,0.62162,0.66092,0.69486
0.3873,-0.012861,0.0035071,0.0096841,0.0079871,0.020314,0.049656,0.11165,0.19746,0.28942,0.34326,0.40821,0.45574,0.50928,0.54841,0.60134,0.6309,0.66866,0.70415
0.3874,-0.015956,0.0035071,0.0034935,0.0064395,0.020314,0.041918,0.11165,0.2021,0.28014,0.34326,0.40666,0.45265,0.51547,0.5546,0.58895,0.63555,0.67176,0.71962
0.3875,-0.0051226,-0.0011358,0.0065888,0.011082,0.015671,0.04037,0.11165,0.2052,0.27704,0.33862,0.4113,0.46039,0.50928,0.54996,0.57967,0.62471,0.67021,0.71188
0.3876,-0.003575,0.0004118,0.0019459,0.0079871,0.020314,0.035727,0.11939,0.20829,0.28014,0.34481,0.40975,0.45884,0.49999,0.56389,0.58741,0.62162,0.66092,0.70415
0.3877,-0.012861,0.0019594,0.0081364,0.011082,0.017219,0.045013,0.1101,0.20984,0.27085,0.34171,0.4144,0.45729,0.51083,0.55925,0.58431,0.63555,0.65473,0.71807
0.3878,-0.0082179,0.0004118,0.00039822,0.0079871,0.023409,0.041918,0.11784,0.2021,0.27859,0.34016,0.4144,0.45574,0.50464,0.56079,0.58431,0.63864,0.65783,0.71962
0.3879,-0.0066702,-0.0026835,-0.0026971,0.020368,0.026505,0.035727,0.11784,0.20675,0.27859,0.33552,0.4113,0.45884,0.50773,0.56234,0.58586,0.62936,0.66247,0.71807
0.388,-0.015956,-0.010422,0.0065888,0.023464,0.023409,0.037275,0.11165,0.20829,0.2724,0.33862,0.41904,0.46039,0.49999,0.55151,0.5936,0.62317,0.66712,0.71498
0.3881,-0.011313,-0.0026835,-0.0011494,0.01263,0.017219,0.034179,0.11784,0.20829,0.27859,0.34481,0.40047,0.46348,0.50618,0.54377,0.58895,0.62471,0.67021,0.70879
0.3882,-0.014408,-0.0011358,0.00039822,0.018821,0.018766,0.038822,0.11784,0.20365,0.28014,0.34481,0.40975,0.45884,0.50773,0.5546,0.59515,0.62781,0.66557,0.72272
0.3883,-0.015956,0.0004118,-0.0011494,0.020368,0.021862,0.04037,0.1132,0.2021,0.28168,0.34945,0.41285,0.4542,0.50618,0.56234,0.58741,0.62471,0.66866,0.72736
0.3884,-0.0082179,0.0035071,0.0065888,0.011082,0.023409,0.035727,0.1101,0.19436,0.28323,0.34171,0.4113,0.45265,0.51392,0.56234,0.58895,0.62162,0.65938,0.72272
0.3885,-0.0097655,-0.0011358,0.0019459,0.0095347,0.020314,0.037275,0.1132,0.19436,0.28014,0.35255,0.40821,0.44646,0.51856,0.55925,0.59205,0.62007,0.67795,0.71962
0.3886,-0.0082179,-0.0073264,0.0034935,0.011082,0.018766,0.041918,0.11629,0.19901,0.2693,0.34326,0.4113,0.4542,0.51547,0.55615,0.58895,0.61852,0.67021,0.72272
0.3887,-0.0082179,0.0019594,0.0096841,0.0095347,0.026505,0.035727,0.11165,0.19901,0.27085,0.34171,0.4144,0.44491,0.51392,0.55306,0.59824,0.62317,0.66866,0.732
0.3888,-0.0020273,-0.0026835,0.0096841,0.014178,0.015671,0.031084,0.1101,0.2021,0.27704,0.33552,0.4113,0.44955,0.52166,0.5546,0.59979,0.63555,0.67485,0.732
0.3889,0.0041632,-0.0026835,0.0065888,0.01263,0.024957,0.04037,0.10391,0.19436,0.27395,0.33707,0.40356,0.44955,0.52011,0.54687,0.58895,0.64948,0.67485,0.72736
0.389,-0.0020273,-0.0011358,0.0034935,0.015725,0.015671,0.045013,0.10391,0.20365,0.28168,0.33707,0.40666,0.44801,0.50773,0.54687,0.58431,0.63709,0.67485,0.71807
0.3891,-0.011313,-0.0026835,0.0050412,0.014178,0.021862,0.043465,0.11165,0.2052,0.28168,0.351,0.40356,0.44491,0.49999,0.5546,0.58586,0.6309,0.6764,0.72272
0.3892,-0.0082179,-0.0026835,0.0050412,0.014178,0.017219,0.041918,0.10391,0.20365,0.28323,0.35409,0.40975,0.44491,0.4969,0.56234,0.59205,0.634,0.67021,0.72891
0.3893,-0.0051226,0.0004118,-0.0026971,0.015725,0.020314,0.048108,0.10546,0.19901,0.28478,0.34945,0.4113,0.45729,0.50928,0.55306,0.5905,0.63245,0.65783,0.73974
0.3894,-0.003575,0.0004118,0.00039822,0.014178,0.021862,0.04037,0.1101,0.20675,0.28323,0.34171,0.4144,0.44801,0.52011,0.54996,0.5905,0.64174,0.65164,0.74903
0.3895,-0.015956,0.0035071,-0.0011494,0.015725,0.018766,0.031084,0.11629,0.20829,0.27704,0.34016,0.40975,0.4542,0.51856,0.54687,0.58586,0.63864,0.66557,0.73355
0.3896,-0.0066702,0.0035071,-0.0011494,0.011082,0.021862,0.031084,0.1101,0.20675,0.2724,0.33862,0.40666,0.46348,0.51547,0.54687,0.58741,0.64019,0.67331,0.7351
0.3897,-0.00047968,0.0019594,0.0034935,0.0095347,0.015671,0.038822,0.1132,0.20829,0.28014,0.33552,0.40666,0.46658,0.50928,0.54067,0.58122,0.63864,0.67021,0.72736
0.3898,-0.011313,0.0019594,0.0034935,0.023464,0.021862,0.041918,0.11165,0.21139,0.28633,0.34171,0.4113,0.46039,0.51547,0.54067,0.60288,0.64483,0.66866,0.72581
0.3899,-0.0082179,0.0066024,0.011232,0.01263,0.017219,0.038822,0.11165,0.20365,0.2693,0.33243,0.4113,0.45265,0.52011,0.55306,0.60907,0.63555,0.66557,0.72581
0.39,-0.012861,0.0004118,0.0081364,0.0064395,0.020314,0.038822,0.11629,0.19746,0.28478,0.32933,0.40511,0.44955,0.51547,0.55151,0.59979,0.62781,0.67485,0.7351
0.3901,-0.019051,0.0050547,-0.0026971,0.011082,0.023409,0.04037,0.1132,0.19591,0.28014,0.33707,0.40202,0.44801,0.51702,0.55306,0.60443,0.63555,0.68414,0.73046
0.3902,-0.0082179,0.0019594,0.0050412,0.025011,0.015671,0.032632,0.11165,0.20829,0.27085,0.33552,0.40047,0.45265,0.51702,0.55925,0.59669,0.63709,0.67331,0.72736
0.3903,-0.012861,-0.0042311,0.011232,0.011082,0.015671,0.032632,0.11165,0.20365,0.27859,0.33552,0.40202,0.45729,0.51702,0.54687,0.60134,0.63709,0.67331,0.73355
0.3904,-0.019051,-0.0042311,0.0019459,0.01263,0.020314,0.038822,0.11475,0.2021,0.27395,0.34016,0.39737,0.4542,0.51237,0.54222,0.60134,0.63245,0.67176,0.73974
0.3905,-0.0082179,0.0066024,0.0065888,0.015725,0.015671,0.035727,0.11165,0.2021,0.28014,0.34481,0.40047,0.44955,0.50618,0.54841,0.59979,0.62781,0.67021,0.74129
0.3906,-0.0097655,0.0019594,0.0050412,0.011082,0.020314,0.034179,0.11784,0.2052,0.28014,0.34016,0.41285,0.4542,0.50928,0.55151,0.60907,0.63245,0.66247,0.74129
0.3907,-0.015956,0.0019594,0.0019459,0.0064395,0.017219,0.043465,0.1132,0.20675,0.27704,0.351,0.41594,0.45884,0.51856,0.54996,0.60753,0.634,0.66092,0.73974
0.3908,-0.015956,0.0066024,0.0050412,0.01263,0.023409,0.046561,0.12403,0.21448,0.27395,0.34171,0.4113,0.44646,0.51237,0.54687,0.59979,0.63555,0.66402,0.73665
0.3909,-0.012861,-0.0042311,0.014327,0.020368,0.021862,0.045013,0.12868,0.21139,0.28014,0.351,0.4113,0.45884,0.50928,0.54222,0.5936,0.62317,0.66712,0.7351
0.391,-0.0082179,-0.0073264,0.0034935,0.026559,0.015671,0.046561,0.11475,0.20829,0.28788,0.34945,0.40975,0.45729,0.51237,0.53603,0.60753,0.62471,0.66866,0.72427
0.3911,-0.0020273,0.0004118,0.0050412,0.014178,0.020314,0.041918,0.1132,0.20675,0.28478,0.33707,0.40356,0.4511,0.52321,0.53603,0.60907,0.62317,0.67331,0.72891
0.3912,-0.003575,0.0004118,0.0019459,0.014178,0.014123,0.038822,0.12249,0.2021,0.2724,0.33397,0.40047,0.45265,0.52475,0.52984,0.60907,0.62317,0.68723,0.73355
0.3913,-0.011313,0.0004118,0.0096841,0.018821,0.023409,0.046561,0.1132,0.19746,0.28014,0.34016,0.39892,0.44336,0.52475,0.53913,0.60134,0.62162,0.6764,0.73974
0.3914,-0.0051226,0.0066024,0.0065888,0.0095347,0.0296,0.041918,0.10701,0.2052,0.28168,0.34016,0.40356,0.44955,0.52166,0.5546,0.59669,0.62471,0.66402,0.73046
0.3915,-0.0082179,0.0035071,0.0050412,0.018821,0.026505,0.029536,0.10391,0.19436,0.27859,0.34171,0.4144,0.45265,0.51547,0.54687,0.60907,0.62781,0.6764,0.73665
0.3916,-0.0097655,0.0004118,0.011232,0.018821,0.018766,0.034179,0.10856,0.20365,0.27395,0.34636,0.41749,0.45884,0.52011,0.53603,0.60443,0.62162,0.67021,0.7351
0.3917,-0.0097655,-0.0011358,0.0065888,0.018821,0.026505,0.037275,0.10701,0.20365,0.27704,0.35409,0.42059,0.44955,0.52166,0.53758,0.60907,0.63245,0.65628,0.71498
0.3918,-0.014408,-0.0011358,0.0034935,0.023464,0.028052,0.041918,0.10856,0.19127,0.28478,0.34636,0.41285,0.44027,0.51083,0.54532,0.60753,0.64174,0.66092,0.72736
0.3919,-0.017504,-0.0042311,0.0050412,0.0079871,0.0296,0.037275,0.1132,0.19282,0.28323,0.34481,0.40356,0.44336,0.51237,0.55151,0.60753,0.64483,0.66092,0.72427
0.392,-0.012861,-0.0011358,0.0065888,0.011082,0.021862,0.034179,0.10701,0.20829,0.2724,0.33862,0.40511,0.44646,0.51237,0.54532,0.60753,0.62936,0.66866,0.71653
0.3921,-0.00047968,-0.0057788,0.0065888,0.018821,0.017219,0.043465,0.11475,0.2021,0.2724,0.33397,0.40666,0.45265,0.49535,0.54377,0.60288,0.63709,0.66092,0.72427
0.3922,-0.0066702,0.0004118,0.0050412,0.01263,0.023409,0.041918,0.10701,0.20675,0.27859,0.34016,0.40047,0.45265,0.50154,0.55615,0.60443,0.634,0.65628,0.71807
0.3923,-0.003575,-0.0011358,0.0019459,0.015725,0.026505,0.043465,0.1101,0.2021,0.2724,0.33707,0.40821,0.44955,0.51237,0.55925,0.59515,0.62936,0.65938,0.71498
0.3924,-0.0020273,0.0019594,0.0019459,0.014178,0.023409,0.041918,0.1101,0.19746,0.27859,0.33552,0.41285,0.44801,0.50464,0.56079,0.59824,0.62317,0.65938,0.71498
0.3925,0.001068,-0.0026835,0.0081364,0.018821,0.020314,0.043465,0.10546,0.20365,0.26776,0.34326,0.40975,0.44491,0.50154,0.55615,0.60288,0.6309,0.65783,0.71962
0.3926,-0.0051226,0.0004118,0.0065888,0.0079871,0.015671,0.041918,0.11165,0.21294,0.2693,0.33397,0.4113,0.44646,0.50309,0.54841,0.61217,0.6309,0.65473,0.72581
0.3927,-0.0066702,-0.0026835,0.0096841,0.0079871,0.018766,0.037275,0.1132,0.20675,0.27395,0.34945,0.40975,0.4542,0.49225,0.54996,0.61526,0.63245,0.65473,0.71498
0.3928,-0.00047968,-0.0057788,0.011232,0.01263,0.017219,0.032632,0.10701,0.19901,0.28168,0.35564,0.40047,0.45265,0.49071,0.54377,0.62146,0.634,0.65473,0.71188
0.3929,-0.003575,-0.0057788,0.0096841,0.0095347,0.017219,0.041918,0.11475,0.2021,0.28168,0.33707,0.41285,0.44646,0.49535,0.54841,0.60907,0.64174,0.65783,0.71343
0.393,-0.00047968,0.0019594,0.0050412,0.018821,0.017219,0.04037,0.11475,0.20365,0.28014,0.33707,0.40821,0.44646,0.50618,0.54067,0.60443,0.63709,0.64854,0.71343
0.3931,0.0041632,-0.0011358,0.0034935,0.018821,0.023409,0.041918,0.11784,0.20829,0.2724,0.33862,0.40202,0.44027,0.49999,0.53603,0.59979,0.64638,0.66866,0.70879
0.3932,0.0057109,-0.0026835,0.0050412,0.01263,0.034243,0.04037,0.10856,0.20365,0.28323,0.34016,0.40202,0.44491,0.50618,0.53603,0.59669,0.62936,0.66866,0.7026
0.3933,0.0026156,-0.0026835,0.0065888,0.020368,0.023409,0.04037,0.11165,0.21294,0.27859,0.34016,0.40202,0.44955,0.50464,0.53294,0.58741,0.63555,0.66402,0.70415
0.3934,-0.0082179,0.0019594,0.0081364,0.020368,0.018766,0.049656,0.10701,0.2052,0.2724,0.34016,0.40975,0.44182,0.50928,0.53758,0.58586,0.64638,0.65473,0.70879
0.3935,-0.00047968,-0.0011358,0.0019459,0.018821,0.024957,0.04037,0.1101,0.19746,0.27395,0.33707,0.39583,0.44491,0.51856,0.54377,0.5936,0.65567,0.65628,0.70724
0.3936,0.0026156,0.0004118,0.0019459,0.0095347,0.028052,0.035727,0.10856,0.2021,0.26776,0.34171,0.39892,0.44027,0.51547,0.55151,0.59669,0.65412,0.65783,0.71498
0.3937,-0.003575,0.0004118,0.0050412,0.020368,0.026505,0.029536,0.10546,0.19746,0.28788,0.34016,0.4113,0.45884,0.51547,0.5577,0.60288,0.65102,0.66247,0.73046
0.3938,-0.0082179,-0.0026835,0.015875,0.021916,0.026505,0.04037,0.10546,0.21139,0.28942,0.34171,0.40821,0.46039,0.51702,0.55151,0.59515,0.64638,0.65473,0.72581
0.3939,-0.014408,0.0035071,0.011232,0.01263,0.026505,0.041918,0.10701,0.21139,0.28478,0.34016,0.40511,0.4542,0.52166,0.52829,0.59515,0.64174,0.65938,0.732
0.394,-0.0097655,0.0035071,0.0096841,0.018821,0.020314,0.041918,0.1101,0.21139,0.2724,0.33707,0.41285,0.45265,0.52166,0.53448,0.59979,0.63245,0.66557,0.73046
0.3941,-0.00047968,0.0035071,0.0050412,0.01263,0.021862,0.046561,0.11165,0.21294,0.28014,0.33397,0.40821,0.45729,0.51083,0.53758,0.60443,0.634,0.66557,0.72736
0.3942,-0.011313,0.0004118,0.0081364,0.015725,0.020314,0.038822,0.1101,0.2052,0.28788,0.33243,0.40202,0.46967,0.50928,0.53758,0.60288,0.634,0.65938,0.7351
0.3943,-0.0066702,-0.0011358,0.0050412,0.01263,0.017219,0.029536,0.1132,0.2052,0.28168,0.33243,0.40047,0.46658,0.51856,0.54532,0.60288,0.64019,0.65783,0.73819
0.3944,-0.0097655,0.0050547,0.014327,0.01263,0.026505,0.038822,0.11165,0.2052,0.28788,0.33862,0.40356,0.47586,0.51392,0.54996,0.60443,0.634,0.65628,0.72427
0.3945,-0.012861,0.0035071,0.017422,0.023464,0.026505,0.041918,0.11475,0.20675,0.28014,0.33243,0.40511,0.46039,0.52166,0.54067,0.61372,0.63864,0.65164,0.73046
0.3946,-0.0082179,-0.0057788,0.015875,0.014178,0.020314,0.043465,0.10701,0.2021,0.27859,0.32624,0.39737,0.46813,0.51856,0.52984,0.61991,0.64483,0.65628,0.73046
0.3947,-0.014408,-0.0057788,0.0065888,0.018821,0.020314,0.045013,0.096176,0.19746,0.27859,0.32469,0.40047,0.45729,0.51702,0.54222,0.61062,0.63709,0.66247,0.73974
0.3948,-0.012861,0.0019594,0.0096841,0.0095347,0.021862,0.032632,0.11165,0.19436,0.28014,0.32933,0.39428,0.45574,0.51392,0.52675,0.60443,0.65102,0.66866,0.73046
0.3949,-0.012861,-0.0042311,0.0081364,0.015725,0.021862,0.035727,0.1101,0.21294,0.28323,0.33707,0.40047,0.4542,0.51392,0.53758,0.60907,0.65257,0.65473,0.7351
0.395,-0.0020273,-0.0042311,0.0096841,0.025011,0.015671,0.046561,0.11165,0.20675,0.28168,0.33707,0.40202,0.45884,0.52011,0.53913,0.60753,0.64948,0.66402,0.73819
0.3951,-0.0051226,0.0004118,0.0065888,0.021916,0.018766,0.041918,0.12094,0.19436,0.28014,0.33707,0.39737,0.45729,0.51083,0.54532,0.60907,0.634,0.66402,0.74129
0.3952,-0.003575,0.0035071,0.014327,0.023464,0.018766,0.043465,0.12403,0.19591,0.27395,0.33707,0.39583,0.45265,0.51083,0.54377,0.60134,0.62162,0.65473,0.73046
0.3953,-0.0082179,0.0035071,0.0081364,0.0095347,0.015671,0.048108,0.12249,0.20365,0.27395,0.34016,0.40666,0.4511,0.50618,0.54067,0.59979,0.62317,0.65164,0.73046
0.3954,-0.0051226,0.0019594,0.0081364,0.01263,0.018766,0.037275,0.11475,0.20365,0.2693,0.33707,0.40666,0.44801,0.51392,0.54067,0.59824,0.62471,0.64854,0.72891
0.3955,-0.00047968,-0.0042311,0.0034935,0.0079871,0.017219,0.045013,0.11165,0.20365,0.27395,0.33243,0.39118,0.45729,0.51702,0.54377,0.59205,0.63709,0.65473,0.72891
0.3956,-0.0066702,0.0019594,0.015875,0.0064395,0.021862,0.038822,0.11939,0.2052,0.2724,0.33243,0.39273,0.45884,0.51392,0.54222,0.59669,0.62781,0.65164,0.73046
0.3957,-0.014408,0.00815,0.0081364,0.01263,0.018766,0.032632,0.10856,0.20365,0.28168,0.33088,0.40047,0.45265,0.51856,0.54222,0.59669,0.63245,0.65164,0.73974
0.3958,-0.0082179,0.0019594,0.0050412,0.015725,0.018766,0.035727,0.11629,0.20829,0.27859,0.33088,0.39892,0.44646,0.51547,0.54377,0.58586,0.63245,0.65473,0.73355
0.3959,-0.015956,0.0004118,0.0065888,0.01263,0.026505,0.029536,0.11475,0.19901,0.26776,0.32469,0.40821,0.44801,0.51547,0.55306,0.59669,0.62162,0.64235,0.7351
0.396,-0.0082179,0.0096977,0.0050412,0.014178,0.0296,0.035727,0.11475,0.20829,0.27704,0.32159,0.40666,0.46348,0.51237,0.5577,0.61217,0.61852,0.647,0.72736
0.3961,-0.0051226,0.0050547,0.0096841,0.020368,0.024957,0.032632,0.10546,0.20829,0.27859,0.32159,0.40511,0.45574,0.51237,0.55306,0.60288,0.61233,0.647,0.732
0.3962,-0.0082179,-0.0011358,0.0050412,0.01263,0.023409,0.037275,0.11475,0.20829,0.2693,0.32159,0.40202,0.43872,0.51392,0.54222,0.59979,0.61388,0.63926,0.73046
0.3963,-0.0051226,-0.0026835,0.0065888,0.015725,0.0296,0.04037,0.11629,0.21294,0.27859,0.33088,0.39428,0.44646,0.51237,0.53603,0.59669,0.60769,0.64081,0.7351
0.3964,-0.014408,-0.0042311,0.0096841,0.011082,0.026505,0.048108,0.11165,0.20984,0.2693,0.33088,0.39273,0.46503,0.52011,0.54377,0.60288,0.60924,0.647,0.7351
0.3965,-0.0066702,-0.0057788,0.00039822,0.014178,0.023409,0.038822,0.11475,0.20829,0.27395,0.32778,0.40047,0.45729,0.51547,0.54532,0.5936,0.61543,0.64081,0.732
0.3966,-0.00047968,0.0019594,0.0034935,0.018821,0.017219,0.046561,0.11165,0.21294,0.27395,0.31695,0.40975,0.45574,0.52166,0.54996,0.5936,0.62007,0.63771,0.73974
0.3967,-0.0066702,-0.0026835,0.0050412,0.014178,0.018766,0.043465,0.11475,0.20984,0.26621,0.32159,0.40511,0.45574,0.51237,0.54996,0.58276,0.63245,0.63926,0.73819
0.3968,-0.0066702,-0.010422,0.0034935,0.018821,0.023409,0.035727,0.11784,0.21139,0.26776,0.33243,0.40511,0.45729,0.50928,0.54687,0.58431,0.63709,0.65473,0.73046
0.3969,-0.003575,0.0004118,0.0050412,0.020368,0.018766,0.046561,0.10856,0.19901,0.2724,0.32159,0.41904,0.44646,0.51392,0.54687,0.59205,0.63245,0.647,0.72891
0.397,-0.0097655,0.0004118,-0.0011494,0.023464,0.017219,0.043465,0.10546,0.2052,0.26621,0.31695,0.41904,0.44955,0.51702,0.54841,0.59515,0.62317,0.63616,0.72891
0.3971,-0.0097655,0.0019594,0.0034935,0.020368,0.021862,0.046561,0.1132,0.20829,0.26466,0.32469,0.40511,0.44955,0.52166,0.55151,0.60288,0.62317,0.64235,0.72891
0.3972,-0.0082179,0.0019594,0.0019459,0.015725,0.011028,0.043465,0.10546,0.2052,0.28014,0.33243,0.40975,0.45265,0.51856,0.54377,0.60443,0.62317,0.64545,0.72427
0.3973,-0.00047968,0.0035071,0.0050412,0.015725,0.014123,0.046561,0.1101,0.19436,0.27395,0.32624,0.41594,0.43717,0.52166,0.53603,0.59515,0.62781,0.65473,0.72891
0.3974,-0.0066702,0.0035071,0.0065888,0.011082,0.015671,0.041918,0.1101,0.19591,0.2693,0.32778,0.40047,0.44182,0.51856,0.53913,0.61372,0.63555,0.65009,0.73819
0.3975,-0.015956,0.0019594,0.0065888,0.020368,0.015671,0.04037,0.11784,0.19901,0.2724,0.31695,0.39737,0.44646,0.50773,0.54222,0.60753,0.64483,0.64854,0.732
0.3976,-0.0082179,0.0004118,0.014327,0.01263,0.021862,0.038822,0.11784,0.19901,0.26776,0.32159,0.40975,0.45574,0.51083,0.54067,0.5905,0.64483,0.65009,0.72736
0.3977,-0.0051226,-0.0011358,0.011232,0.014178,0.0296,0.046561,0.1101,0.20365,0.26466,0.32933,0.40356,0.45729,0.51083,0.53603,0.59669,0.64174,0.64235,0.73665
0.3978,-0.0020273,-0.0011358,0.011232,0.020368,0.018766,0.038822,0.11784,0.20365,0.2724,0.32778,0.4113,0.45265,0.51237,0.53758,0.60134,0.63709,0.63771,0.73355
0.3979,-0.0082179,-0.0011358,0.0050412,0.020368,0.020314,0.035727,0.11629,0.19901,0.26776,0.32624,0.40975,0.44646,0.51547,0.53603,0.61062,0.634,0.64081,0.73974
0.398,-0.0097655,-0.0026835,0.0050412,0.021916,0.018766,0.04037,0.1132,0.19591,0.26466,0.32624,0.40666,0.4542,0.52011,0.54532,0.60753,0.63245,0.647,0.72736
0.3981,-0.003575,-0.0026835,0.0065888,0.014178,0.020314,0.041918,0.11475,0.19901,0.2693,0.32624,0.4144,0.4542,0.52321,0.55306,0.59515,0.634,0.64545,0.72891
0.3982,-0.0066702,0.0035071,0.015875,0.020368,0.023409,0.043465,0.10856,0.19591,0.27395,0.32005,0.42059,0.44801,0.5294,0.54067,0.59205,0.634,0.65473,0.72272
0.3983,-0.00047968,0.0019594,0.0050412,0.021916,0.018766,0.045013,0.1132,0.19746,0.26621,0.32159,0.41904,0.45265,0.53095,0.54532,0.59515,0.64174,0.66092,0.72427
0.3984,-0.0051226,-0.0057788,0.0065888,0.015725,0.021862,0.038822,0.11629,0.19591,0.26621,0.33397,0.42678,0.45729,0.51083,0.54222,0.59669,0.63555,0.64545,0.72427
0.3985,-0.0051226,-0.0042311,0.0019459,0.01263,0.023409,0.035727,0.11784,0.19901,0.2693,0.32933,0.42523,0.45729,0.49535,0.54532,0.60288,0.634,0.65628,0.71653
0.3986,-0.0020273,-0.0042311,0.0096841,0.01263,0.017219,0.043465,0.11629,0.2021,0.27395,0.32933,0.41749,0.45265,0.49535,0.54996,0.61217,0.6309,0.65938,0.71034
0.3987,-0.0051226,0.0004118,0.0096841,0.0079871,0.018766,0.038822,0.11165,0.19746,0.2693,0.33088,0.4144,0.44646,0.50464,0.54532,0.61526,0.62936,0.66402,0.71498
0.3988,-0.003575,0.0004118,0.0019459,0.011082,0.021862,0.038822,0.10546,0.19591,0.27395,0.33088,0.42059,0.44491,0.49071,0.53603,0.60907,0.6309,0.647,0.71188
0.3989,-0.003575,-0.0057788,0.017422,0.018821,0.020314,0.037275,0.10237,0.19591,0.27395,0.32778,0.41904,0.45265,0.50464,0.54377,0.59205,0.64483,0.65009,0.71188
0.399,-0.0020273,-0.0042311,0.0065888,0.018821,0.024957,0.037275,0.10391,0.19591,0.28014,0.32778,0.42059,0.45265,0.50154,0.54841,0.59205,0.64019,0.63616,0.71807
0.3991,0.001068,-0.0057788,0.0065888,0.018821,0.021862,0.038822,0.1101,0.2021,0.27395,0.32624,0.42678,0.44955,0.51702,0.55615,0.60443,0.63864,0.64545,0.70879
0.3992,-0.003575,-0.0042311,0.0050412,0.014178,0.020314,0.04037,0.1101,0.19901,0.28014,0.32159,0.42833,0.46039,0.51547,0.54532,0.60443,0.63555,0.64235,0.71962
0.3993,-0.0082179,0.0004118,0.014327,0.018821,0.023409,0.038822,0.1132,0.20365,0.27859,0.33088,0.42368,0.46503,0.52011,0.54067,0.59824,0.63709,0.64545,0.71807
0.3994,-0.0082179,-0.0011358,0.0019459,0.011082,0.017219,0.04037,0.10237,0.19746,0.27859,0.32778,0.4144,0.44955,0.51702,0.54377,0.59669,0.63245,0.65009,0.72736
0.3995,-0.003575,-0.0026835,0.0065888,0.014178,0.028052,0.04037,0.10701,0.2021,0.27395,0.32933,0.40821,0.44801,0.51392,0.54532,0.59824,0.63864,0.65938,0.72427
0.3996,-0.0051226,0.0050547,0.0081364,0.0095347,0.028052,0.041918,0.10856,0.20675,0.28014,0.32933,0.40975,0.45265,0.50773,0.54532,0.61372,0.63864,0.66247,0.71962
0.3997,-0.003575,0.0035071,0.0034935,0.01263,0.028052,0.038822,0.10701,0.19901,0.27859,0.32469,0.4144,0.44801,0.51083,0.5546,0.61217,0.64948,0.65164,0.71498
0.3998,-0.00047968,0.0004118,0.0050412,0.014178,0.020314,0.04037,0.11939,0.19436,0.28168,0.32469,0.40975,0.44491,0.51856,0.55615,0.60907,0.65102,0.62997,0.71498
0.3999,-0.0066702,0.0004118,0.0065888,0.020368,0.021862,0.043465,0.10701,0.2052,0.2724,0.32469,0.40047,0.44955,0.53095,0.54687,0.60907,0.63709,0.62842,0.72891
0.4,-0.0082179,-0.0026835,0.014327,0.014178,0.021862,0.043465,0.10391,0.19591,0.28323,0.32314,0.40047,0.44182,0.52011,0.55151,0.61681,0.63555,0.64235,0.72427
0.4001,-0.0051226,0.0035071,0.0019459,0.0079871,0.026505,0.046561,0.11165,0.19746,0.28323,0.32314,0.40666,0.44955,0.51547,0.54996,0.60753,0.63864,0.65009,0.72736
0.4002,-0.003575,0.0066024,0.00039822,0.015725,0.026505,0.041918,0.11165,0.19591,0.28478,0.32624,0.41285,0.44955,0.52166,0.5546,0.59824,0.64019,0.64081,0.72736
0.4003,-0.0020273,-0.0042311,0.0034935,0.018821,0.026505,0.045013,0.1132,0.19591,0.28168,0.33397,0.41594,0.44801,0.51702,0.55925,0.61372,0.64948,0.63461,0.74129
0.4004,-0.003575,0.0050547,0.0019459,0.018821,0.026505,0.04037,0.11165,0.19591,0.27704,0.33243,0.41285,0.4542,0.51856,0.54532,0.61526,0.65412,0.63771,0.73355
0.4005,-0.003575,0.0004118,0.011232,0.020368,0.024957,0.048108,0.11784,0.19436,0.28168,0.32005,0.41285,0.44955,0.52475,0.53913,0.60443,0.66031,0.64081,0.71498
0.4006,0.001068,-0.0073264,0.0034935,0.011082,0.026505,0.034179,0.11165,0.19127,0.28478,0.32933,0.40975,0.44491,0.52011,0.56234,0.59669,0.65412,0.63926,0.71807
0.4007,-0.003575,-0.0088741,0.00039822,0.014178,0.031147,0.034179,0.1101,0.19746,0.28323,0.33397,0.41285,0.44027,0.51392,0.5577,0.59979,0.65721,0.63152,0.70569
0.4008,-0.0097655,0.0019594,0.0081364,0.025011,0.021862,0.038822,0.11475,0.20675,0.28014,0.32933,0.41594,0.44182,0.51392,0.55925,0.59824,0.65412,0.63152,0.70569
0.4009,-0.0020273,0.0004118,0.014327,0.018821,0.015671,0.04037,0.11165,0.20675,0.27085,0.33552,0.40666,0.45574,0.52166,0.5577,0.60288,0.64483,0.63152,0.70879
0.401,0.001068,-0.0042311,0.0096841,0.01263,0.021862,0.04037,0.11784,0.2021,0.2693,0.33552,0.41749,0.4542,0.51547,0.5546,0.61526,0.63245,0.62997,0.72427
0.4011,-0.0097655,0.0004118,0.0019459,0.014178,0.021862,0.045013,0.10701,0.19901,0.27395,0.33552,0.41285,0.44646,0.5263,0.54222,0.61836,0.62936,0.63771,0.73046
0.4012,-0.0051226,0.0004118,0.0019459,0.01263,0.021862,0.037275,0.11165,0.19746,0.27859,0.32624,0.41594,0.4542,0.51547,0.54377,0.60753,0.64483,0.63461,0.71343
0.4013,0.001068,-0.0011358,0.0096841,0.018821,0.020314,0.041918,0.1101,0.19591,0.28323,0.32778,0.42523,0.4511,0.52166,0.54067,0.61217,0.64174,0.63926,0.71653
0.4014,-0.00047968,0.0004118,0.0050412,0.021916,0.015671,0.04037,0.1101,0.2052,0.27395,0.32624,0.41749,0.4511,0.53714,0.54067,0.61526,0.64638,0.65009,0.70724
0.4015,-0.0066702,0.0066024,0.0096841,0.021916,0.017219,0.04037,0.10546,0.19591,0.27859,0.33088,0.41285,0.4542,0.53714,0.54377,0.60443,0.64793,0.62997,0.71343
0.4016,-0.0082179,0.0019594,0.0081364,0.021916,0.020314,0.038822,0.11165,0.19127,0.28168,0.33243,0.42059,0.44955,0.52321,0.53758,0.59669,0.64638,0.63461,0.72272
0.4017,-0.00047968,-0.0042311,0.0034935,0.014178,0.0296,0.04037,0.10546,0.19746,0.27395,0.33397,0.42368,0.45884,0.52166,0.54377,0.59979,0.64174,0.63926,0.71343
0.4018,-0.003575,-0.0026835,0.0034935,0.014178,0.021862,0.049656,0.10237,0.2021,0.28014,0.33397,0.4113,0.45265,0.51702,0.54377,0.59979,0.634,0.63771,0.72736
0.4019,-0.0066702,0.0050547,0.0096841,0.023464,0.024957,0.04037,0.11165,0.20829,0.28633,0.33397,0.41285,0.46039,0.51702,0.54841,0.58431,0.64638,0.647,0.72272
0.402,-0.0051226,-0.0057788,0.0096841,0.021916,0.015671,0.041918,0.10701,0.20675,0.28633,0.33397,0.41594,0.46039,0.52475,0.54996,0.59979,0.65102,0.63926,0.72891
0.4021,-0.003575,-0.010422,0.0065888,0.025011,0.018766,0.041918,0.10546,0.19746,0.28323,0.32624,0.4113,0.4542,0.51856,0.55306,0.59824,0.64638,0.64235,0.732
0.4022,-0.0082179,0.0019594,0.0050412,0.020368,0.017219,0.052751,0.11165,0.20829,0.27704,0.32778,0.41594,0.45574,0.52321,0.55925,0.60753,0.64793,0.64854,0.73665
0.4023,-0.0097655,-0.0026835,0.0065888,0.021916,0.015671,0.043465,0.1132,0.21139,0.28323,0.32159,0.4144,0.46813,0.52011,0.55306,0.60288,0.64638,0.64235,0.73819
0.4024,-0.0066702,0.0004118,0.0034935,0.014178,0.018766,0.037275,0.11629,0.19746,0.27704,0.32469,0.41285,0.46503,0.52321,0.5546,0.59824,0.64174,0.64235,0.732
0.4025,-0.0066702,-0.0073264,-0.0026971,0.021916,0.028052,0.045013,0.1132,0.2021,0.26776,0.32778,0.40356,0.45884,0.52166,0.54841,0.59979,0.64174,0.64854,0.72891
0.4026,-0.0097655,-0.0042311,0.014327,0.020368,0.026505,0.045013,0.11475,0.20675,0.2724,0.32314,0.40511,0.45884,0.52321,0.53294,0.61372,0.64019,0.64854,0.71343
0.4027,-0.0097655,-0.0011358,0.014327,0.023464,0.031147,0.048108,0.12713,0.2052,0.28633,0.32005,0.40356,0.46348,0.51856,0.53448,0.61062,0.63864,0.65473,0.71962
0.4028,-0.017504,-0.0011358,0.0081364,0.01263,0.021862,0.041918,0.11165,0.2052,0.27395,0.31231,0.40511,0.45574,0.5294,0.54687,0.59824,0.63555,0.65628,0.72427
0.4029,-0.0082179,-0.0088741,0.0081364,0.014178,0.023409,0.035727,0.1132,0.21294,0.28323,0.32159,0.40821,0.45729,0.52475,0.54996,0.60134,0.63245,0.65628,0.71653
0.403,-0.015956,-0.0088741,0.0096841,0.0095347,0.023409,0.04037,0.11165,0.21758,0.28633,0.33243,0.40356,0.44491,0.51547,0.55151,0.61681,0.62936,0.65783,0.73665
0.4031,-0.0097655,-0.011969,0.0081364,0.020368,0.018766,0.038822,0.12094,0.20365,0.28014,0.32778,0.4113,0.44027,0.5263,0.55306,0.60288,0.63245,0.65783,0.71962
0.4032,-0.0082179,-0.0057788,0.011232,0.020368,0.017219,0.04037,0.1101,0.2021,0.27704,0.33397,0.41749,0.43872,0.52475,0.53603,0.61526,0.62626,0.66557,0.72581
0.4033,-0.0082179,-0.0057788,-0.0011494,0.021916,0.021862,0.041918,0.11165,0.2021,0.27395,0.32469,0.41594,0.44027,0.52166,0.54222,0.61062,0.62781,0.66712,0.73046
0.4034,-0.0051226,-0.0073264,0.00039822,0.014178,0.014123,0.04037,0.1132,0.21448,0.28168,0.32314,0.41904,0.44336,0.53095,0.54687,0.59979,0.62936,0.68414,0.73819
0.4035,-0.003575,0.0019594,-0.0042447,0.018821,0.011028,0.035727,0.11784,0.21448,0.28323,0.32624,0.41904,0.43872,0.51702,0.53758,0.59824,0.6309,0.66712,0.73665
0.4036,-0.003575,0.0019594,0.0019459,0.0095347,0.018766,0.031084,0.11784,0.2021,0.28168,0.32624,0.41285,0.43563,0.51237,0.52984,0.60288,0.62317,0.66402,0.732
0.4037,-0.003575,0.0019594,0.0065888,0.011082,0.020314,0.041918,0.10856,0.19436,0.28014,0.33088,0.40356,0.44801,0.51392,0.5252,0.60753,0.63245,0.65473,0.73665
0.4038,-0.0097655,-0.0057788,0.014327,0.014178,0.021862,0.038822,0.10391,0.19901,0.27859,0.32314,0.40202,0.44801,0.51856,0.52675,0.60134,0.62936,0.65628,0.73819
0.4039,-0.0051226,-0.0026835,0.0050412,0.0064395,0.020314,0.037275,0.11475,0.20675,0.28323,0.32469,0.41285,0.44491,0.53095,0.52829,0.5936,0.6309,0.647,0.73046
0.404,-0.0082179,-0.010422,0.0096841,0.0064395,0.020314,0.041918,0.11939,0.21294,0.27859,0.32933,0.42059,0.44955,0.53095,0.52829,0.60443,0.62781,0.63771,0.71962
0.4041,-0.0097655,0.0019594,0.0050412,0.0095347,0.021862,0.048108,0.10856,0.20829,0.27859,0.33243,0.4113,0.45265,0.52785,0.53294,0.61991,0.62781,0.63461,0.71807
0.4042,-0.017504,-0.0088741,0.0081364,0.0064395,0.023409,0.035727,0.1101,0.21139,0.28014,0.32314,0.40821,0.45574,0.51702,0.52984,0.60753,0.62317,0.65164,0.71653
0.4043,-0.00047968,-0.0088741,0.015875,0.018821,0.020314,0.041918,0.10856,0.21139,0.28168,0.32005,0.40666,0.44955,0.51547,0.53294,0.59669,0.62781,0.65009,0.72736
0.4044,-0.0051226,-0.0026835,0.025161,0.023464,0.021862,0.04037,0.1132,0.20829,0.2693,0.33707,0.4113,0.45574,0.52011,0.53294,0.5905,0.61852,0.65628,0.72891
0.4045,-0.003575,-0.011969,0.023613,0.018821,0.028052,0.035727,0.12094,0.20984,0.27859,0.33552,0.4113,0.46348,0.52011,0.54067,0.59205,0.61698,0.65009,0.73819
0.4046,-0.003575,0.0035071,0.0065888,0.01263,0.020314,0.041918,0.1132,0.21139,0.28478,0.33243,0.4144,0.46658,0.5263,0.53758,0.59824,0.61852,0.64081,0.72427
0.4047,-0.0066702,0.0035071,0.0065888,0.020368,0.0079328,0.037275,0.10856,0.20829,0.27859,0.32469,0.4113,0.45884,0.52785,0.53603,0.60907,0.62007,0.65164,0.72272
0.4048,-0.0097655,-0.010422,0.0081364,0.018821,0.018766,0.041918,0.11165,0.21448,0.27704,0.33088,0.40975,0.45884,0.5294,0.53758,0.61062,0.634,0.66247,0.72581
0.4049,-0.0051226,-0.0073264,0.0065888,0.0033442,0.021862,0.041918,0.10701,0.21758,0.27859,0.33862,0.40356,0.46039,0.5263,0.53758,0.61062,0.63555,0.65783,0.73355
0.405,-0.011313,0.00815,0.0019459,0.0095347,0.021862,0.052751,0.10856,0.21139,0.27859,0.32778,0.39892,0.45574,0.5263,0.5221,0.60753,0.64174,0.65938,0.7351
0.4051,-0.0066702,0.0004118,0.0034935,0.011082,0.028052,0.041918,0.10701,0.21139,0.28478,0.33552,0.40202,0.44955,0.53095,0.5252,0.60907,0.64483,0.65783,0.73665
0.4052,-0.0097655,-0.0011358,0.015875,0.011082,0.026505,0.043465,0.11475,0.21448,0.28014,0.32933,0.39892,0.45729,0.53404,0.53294,0.61217,0.62471,0.64545,0.72581
0.4053,-0.0082179,0.0004118,0.014327,0.021916,0.020314,0.046561,0.11165,0.20984,0.27395,0.33552,0.40202,0.45574,0.52321,0.54067,0.62146,0.62317,0.64545,0.73046
0.4054,-0.003575,-0.0042311,0.011232,0.014178,0.021862,0.04037,0.11165,0.21294,0.27704,0.33088,0.40356,0.45265,0.51392,0.53913,0.61372,0.62936,0.64854,0.73355
0.4055,-0.00047968,-0.0026835,0.0081364,0.011082,0.023409,0.045013,0.10856,0.20984,0.27859,0.33243,0.40666,0.44801,0.52321,0.54067,0.61217,0.63864,0.65009,0.72272
0.4056,-0.0051226,0.0019594,0.0081364,0.01263,0.023409,0.046561,0.1132,0.21294,0.28168,0.33088,0.42678,0.45574,0.52321,0.54222,0.59979,0.64019,0.64545,0.72891
0.4057,-0.0051226,0.0050547,0.0065888,0.014178,0.021862,0.041918,0.10701,0.20675,0.28942,0.33552,0.4144,0.4511,0.51392,0.54377,0.59669,0.64174,0.64081,0.72581
0.4058,-0.0051226,0.0019594,0.0034935,0.021916,0.023409,0.04037,0.10391,0.19436,0.28014,0.33243,0.40511,0.45574,0.50773,0.53758,0.59669,0.62781,0.63461,0.71188
0.4059,-0.00047968,-0.0042311,0.0034935,0.018821,0.017219,0.04037,0.10701,0.2021,0.28478,0.32778,0.40047,0.44801,0.51237,0.53448,0.59824,0.61233,0.64854,0.71653
0.406,-0.003575,-0.0011358,0.014327,0.014178,0.018766,0.04037,0.11165,0.20829,0.28323,0.33243,0.40511,0.44801,0.52166,0.53448,0.60288,0.61852,0.64081,0.71498
0.4061,-0.0066702,-0.0057788,0.014327,0.0079871,0.018766,0.034179,0.11475,0.2052,0.28168,0.32933,0.41285,0.44336,0.52475,0.53758,0.60443,0.62007,0.64235,0.70415
0.4062,-0.003575,0.0019594,0.0096841,0.015725,0.015671,0.034179,0.1101,0.20365,0.28788,0.33397,0.40666,0.43563,0.52011,0.53603,0.5936,0.62936,0.64081,0.7026
0.4063,-0.0097655,-0.0073264,0.0050412,0.018821,0.018766,0.038822,0.10856,0.2052,0.28633,0.33243,0.39118,0.43563,0.51547,0.53758,0.59669,0.63555,0.647,0.71034
0.4064,-0.017504,-0.010422,0.0034935,0.025011,0.024957,0.038822,0.10856,0.21139,0.28633,0.33707,0.40047,0.44336,0.52321,0.54067,0.59669,0.63245,0.65319,0.71498
0.4065,0.0026156,-0.0042311,0.00039822,0.023464,0.028052,0.037275,0.11165,0.20675,0.28323,0.33243,0.40511,0.44491,0.5263,0.54377,0.60443,0.634,0.63926,0.72272
0.4066,-0.003575,-0.0057788,-0.0011494,0.01263,0.028052,0.037275,0.1132,0.19591,0.28942,0.33243,0.40202,0.45265,0.5263,0.54067,0.59824,0.634,0.65009,0.71498
0.4067,-0.015956,-0.0073264,0.0096841,0.021916,0.021862,0.038822,0.10546,0.20829,0.28478,0.33862,0.40356,0.4511,0.53095,0.5252,0.58586,0.62781,0.66092,0.71343
0.4068,-0.00047968,-0.0026835,0.0050412,0.018821,0.020314,0.035727,0.11939,0.20984,0.28323,0.33397,0.40356,0.44801,0.52475,0.53603,0.59824,0.62007,0.66557,0.70105
0.4069,-0.00047968,-0.0011358,0.0019459,0.021916,0.018766,0.035727,0.10856,0.2052,0.27704,0.33552,0.40511,0.44801,0.51702,0.53603,0.60288,0.63555,0.65009,0.69796
0.407,-0.0082179,0.00815,0.0034935,0.028106,0.018766,0.04037,0.10856,0.20365,0.27395,0.33243,0.40356,0.44336,0.51547,0.53913,0.60443,0.63709,0.65319,0.70105
0.4071,-0.0082179,0.0004118,0.0034935,0.020368,0.021862,0.032632,0.10856,0.20365,0.2724,0.33088,0.40047,0.44955,0.53095,0.54067,0.60134,0.63555,0.647,0.69641
0.4072,-0.003575,-0.0057788,0.0065888,0.014178,0.017219,0.045013,0.10546,0.2052,0.28942,0.33397,0.40666,0.45574,0.52011,0.54067,0.5936,0.63245,0.65473,0.70879
0.4073,0.0026156,-0.0011358,0.014327,0.014178,0.020314,0.04037,0.10391,0.20829,0.28633,0.34171,0.40821,0.45265,0.51702,0.54687,0.59979,0.63245,0.65628,0.70569
0.4074,-0.00047968,0.0066024,0.0034935,0.0064395,0.023409,0.038822,0.10856,0.21448,0.28168,0.33088,0.39428,0.45265,0.51392,0.53913,0.59515,0.63555,0.64235,0.71188
0.4075,-0.0066702,0.00815,0.00039822,0.020368,0.021862,0.04037,0.10237,0.20675,0.28788,0.32624,0.40047,0.45265,0.52166,0.54377,0.59824,0.62626,0.63461,0.71034
0.4076,-0.0097655,-0.0026835,0.0050412,0.014178,0.021862,0.037275,0.099271,0.2021,0.28633,0.33088,0.40202,0.44182,0.52166,0.54687,0.59979,0.61852,0.63461,0.7026
0.4077,-0.003575,0.0004118,0.0034935,0.011082,0.023409,0.035727,0.097723,0.21448,0.28168,0.33243,0.40666,0.44336,0.52166,0.53448,0.60753,0.62007,0.63616,0.69641
0.4078,-0.0066702,-0.0057788,0.0034935,0.020368,0.015671,0.048108,0.10391,0.21294,0.28168,0.32314,0.40511,0.44646,0.52785,0.53758,0.59824,0.62471,0.647,0.6995
0.4079,-0.0082179,-0.0011358,0.0096841,0.018821,0.023409,0.048108,0.11165,0.21139,0.27395,0.32469,0.41594,0.45265,0.52321,0.53758,0.59669,0.62936,0.64854,0.6995
0.408,-0.003575,-0.010422,0.0019459,0.018821,0.021862,0.043465,0.10701,0.20829,0.2724,0.33243,0.40666,0.45265,0.5294,0.53448,0.58741,0.63555,0.64235,0.70569
0.4081,-0.0051226,-0.0042311,0.0034935,0.01263,0.020314,0.04037,0.10856,0.21139,0.28168,0.33088,0.40356,0.45265,0.53714,0.53603,0.58586,0.64019,0.63461,0.69641
0.4082,-0.0082179,-0.0026835,0.0019459,0.021916,0.024957,0.034179,0.11165,0.20675,0.27395,0.3185,0.40356,0.4542,0.53095,0.53758,0.58586,0.63709,0.63616,0.70415
0.4083,-0.0051226,-0.0057788,0.0081364,0.01263,0.020314,0.041918,0.10701,0.20984,0.2724,0.32314,0.40511,0.45574,0.52785,0.52675,0.58431,0.63245,0.64545,0.71188
0.4084,-0.0051226,-0.0042311,0.0081364,0.011082,0.015671,0.041918,0.10391,0.21294,0.27085,0.32469,0.40821,0.4511,0.5294,0.51591,0.5936,0.62007,0.65783,0.71653
0.4085,-0.00047968,-0.0026835,0.0034935,0.01263,0.014123,0.041918,0.1101,0.21448,0.27704,0.32159,0.40821,0.44027,0.53868,0.51436,0.5936,0.61388,0.66402,0.71188
0.4086,-0.0020273,0.0004118,-0.0042447,0.01263,0.020314,0.052751,0.10701,0.21913,0.27085,0.32314,0.40666,0.44491,0.52321,0.51901,0.5936,0.61543,0.65473,0.70879
0.4087,-0.0082179,0.0035071,0.00039822,0.020368,0.015671,0.04037,0.096176,0.21294,0.28014,0.33243,0.40821,0.44646,0.51856,0.51901,0.59669,0.62007,0.65938,0.70415
0.4088,0.001068,-0.0011358,0.0050412,0.011082,0.018766,0.041918,0.096176,0.21294,0.28168,0.32778,0.40666,0.4542,0.53095,0.5221,0.59669,0.62007,0.65319,0.69641
0.4089,-0.00047968,-0.011969,0.0096841,0.0079871,0.017219,0.046561,0.10082,0.21139,0.28478,0.32314,0.40511,0.44027,0.53249,0.5221,0.60907,0.62471,0.65783,0.69486
0.409,-0.0082179,0.0004118,0.0065888,0.0064395,0.017219,0.035727,0.10701,0.21139,0.28014,0.32469,0.40202,0.44182,0.52166,0.50972,0.59979,0.62781,0.65009,0.7026
0.4091,-0.0051226,0.0035071,0.014327,0.0064395,0.021862,0.038822,0.1101,0.21603,0.28633,0.32314,0.4144,0.44182,0.51856,0.52056,0.59979,0.63555,0.64545,0.69176
0.4092,-0.0082179,-0.0011358,0.014327,0.011082,0.028052,0.032632,0.099271,0.21758,0.28014,0.31695,0.41285,0.43717,0.52321,0.53294,0.59979,0.64948,0.64081,0.69022
0.4093,-0.0082179,-0.0026835,0.0034935,0.011082,0.026505,0.041918,0.10082,0.20675,0.27704,0.32005,0.40821,0.44801,0.52475,0.52984,0.61062,0.63709,0.63926,0.69486
0.4094,-0.003575,0.0004118,0.0019459,0.011082,0.018766,0.041918,0.10856,0.21139,0.27859,0.3185,0.4144,0.44491,0.52321,0.53758,0.61681,0.62471,0.63926,0.69796
0.4095,-0.0082179,0.0004118,0.0019459,0.0048918,0.020314,0.046561,0.1101,0.21603,0.28633,0.30921,0.42523,0.44955,0.52475,0.52829,0.59824,0.63245,0.65164,0.71188
0.4096,-0.00047968,0.0004118,-0.0011494,0.0079871,0.028052,0.041918,0.10391,0.20984,0.29252,0.30766,0.41594,0.44646,0.53095,0.52365,0.60443,0.62626,0.64235,0.71653
0.4097,-0.003575,0.0096977,-0.0026971,0.01263,0.024957,0.043465,0.10391,0.20675,0.29097,0.32469,0.41285,0.44801,0.52785,0.51591,0.59515,0.63245,0.65164,0.70569
0.4098,-0.0066702,-0.0042311,0.0050412,0.018821,0.018766,0.04037,0.1101,0.21294,0.28788,0.31695,0.40511,0.45574,0.5263,0.51436,0.5936,0.6309,0.65473,0.71034
0.4099,-0.0066702,-0.0042311,0.00039822,0.011082,0.024957,0.034179,0.10237,0.20829,0.28788,0.32314,0.40666,0.44336,0.53095,0.51591,0.5905,0.6309,0.65473,0.71034
0.41,-0.011313,0.0035071,0.0019459,0.021916,0.024957,0.04037,0.10856,0.2052,0.29097,0.3185,0.40666,0.44491,0.53095,0.50817,0.59205,0.62936,0.65783,0.70105
0.4101,-0.0082179,-0.0011358,0.0050412,0.01263,0.020314,0.04037,0.10082,0.20829,0.28788,0.32314,0.40202,0.44801,0.53249,0.51282,0.58895,0.62781,0.64235,0.69176
0.4102,-0.0051226,0.0050547,0.00039822,0.0095347,0.023409,0.034179,0.10701,0.20829,0.28633,0.32469,0.40821,0.45729,0.51856,0.51127,0.5936,0.63555,0.64081,0.68867
0.4103,-0.0066702,0.0050547,0.0034935,0.018821,0.018766,0.04037,0.10082,0.19746,0.29097,0.32933,0.40975,0.45884,0.51547,0.51282,0.59979,0.64174,0.63152,0.70105
0.4104,-0.0097655,-0.0026835,0.0034935,0.015725,0.020314,0.038822,0.10391,0.20829,0.29407,0.33862,0.41285,0.46039,0.52011,0.5221,0.61062,0.63245,0.63461,0.70105
0.4105,-0.0066702,0.0004118,0.0065888,0.021916,0.024957,0.038822,0.10237,0.20829,0.28788,0.33243,0.40047,0.44955,0.52166,0.51127,0.61681,0.61698,0.63616,0.69796
0.4106,0.001068,-0.0026835,0.0096841,0.023464,0.017219,0.045013,0.1101,0.21139,0.28633,0.32778,0.40666,0.44801,0.51702,0.52056,0.61372,0.61852,0.63616,0.6995
0.4107,-0.0082179,0.0019594,0.014327,0.018821,0.017219,0.043465,0.10701,0.21139,0.28478,0.32933,0.39428,0.45729,0.5294,0.53758,0.60443,0.62317,0.63926,0.69331
0.4108,-0.0097655,0.0035071,-0.0026971,0.018821,0.024957,0.034179,0.10391,0.22222,0.28633,0.33397,0.40047,0.46039,0.52166,0.52056,0.60753,0.62936,0.63771,0.69331
0.4109,-0.0097655,0.0019594,0.0019459,0.014178,0.021862,0.038822,0.10391,0.21139,0.28323,0.33088,0.41285,0.45265,0.51237,0.5252,0.60443,0.62317,0.63616,0.68557
0.411,-0.0097655,0.0035071,0.0065888,0.0095347,0.024957,0.038822,0.1101,0.21294,0.28478,0.33088,0.40356,0.45884,0.51547,0.52829,0.59515,0.6309,0.63461,0.67474
0.4111,-0.0082179,-0.0011358,0.0050412,0.01263,0.024957,0.035727,0.1101,0.20829,0.28788,0.32933,0.41904,0.45574,0.5263,0.52829,0.58431,0.63555,0.63307,0.69176
0.4112,-0.00047968,0.0066024,0.0065888,0.018821,0.017219,0.043465,0.10082,0.20365,0.28168,0.32933,0.41594,0.45265,0.51856,0.53603,0.5936,0.63709,0.63616,0.69022
0.4113,-0.003575,0.0035071,0.00039822,0.0079871,0.023409,0.04037,0.10701,0.20829,0.28323,0.33243,0.40511,0.4542,0.52011,0.52675,0.5905,0.62936,0.63926,0.68712
0.4114,-0.0020273,0.0035071,0.0050412,0.011082,0.014123,0.043465,0.10856,0.20675,0.28788,0.33088,0.40047,0.44646,0.52321,0.51282,0.58741,0.62936,0.63461,0.67784
0.4115,-0.003575,0.0004118,0.0081364,0.011082,0.020314,0.041918,0.10391,0.20365,0.28478,0.32624,0.4113,0.44646,0.52321,0.51591,0.59205,0.62781,0.63926,0.69641
0.4116,-0.003575,0.0050547,0.0019459,0.0079871,0.020314,0.045013,0.1101,0.20365,0.28168,0.32933,0.40975,0.4511,0.53249,0.53448,0.58586,0.62936,0.64545,0.70569
0.4117,-0.0066702,-0.0011358,0.0065888,0.0095347,0.020314,0.038822,0.11475,0.2052,0.27859,0.33243,0.40356,0.44182,0.53404,0.5252,0.5905,0.63245,0.64854,0.7026
0.4118,-0.0051226,-0.0042311,0.0065888,0.020368,0.023409,0.041918,0.10701,0.20365,0.28323,0.33397,0.40666,0.43253,0.52166,0.52365,0.59515,0.634,0.65938,0.70415
0.4119,-0.0097655,-0.0026835,0.0065888,0.020368,0.015671,0.048108,0.10856,0.20675,0.28014,0.32933,0.40511,0.43563,0.51237,0.52984,0.59979,0.62781,0.65164,0.71343
0.412,-0.0051226,-0.0057788,0.0034935,0.021916,0.017219,0.043465,0.10701,0.20984,0.28478,0.32314,0.40047,0.43717,0.52166,0.53758,0.59205,0.63555,0.64235,0.71188
0.4121,-0.0020273,-0.0011358,0.0065888,0.023464,0.024957,0.043465,0.11165,0.19746,0.28788,0.32469,0.39583,0.44336,0.52166,0.53603,0.58431,0.63245,0.65009,0.71034
0.4122,-0.014408,0.0066024,0.0050412,0.020368,0.017219,0.04037,0.10856,0.19901,0.28633,0.32778,0.40047,0.44646,0.52475,0.53294,0.58276,0.62936,0.647,0.70105
0.4123,-0.0082179,0.0035071,0.00039822,0.020368,0.023409,0.043465,0.11165,0.20829,0.28788,0.33243,0.40356,0.44646,0.52166,0.53603,0.58586,0.634,0.65473,0.6995
0.4124,-0.0066702,-0.0057788,0.0050412,0.011082,0.023409,0.038822,0.11939,0.21758,0.29407,0.33088,0.40202,0.42943,0.52475,0.53448,0.5936,0.63245,0.65938,0.70569
0.4125,-0.011313,0.0004118,0.0096841,0.015725,0.020314,0.04037,0.10701,0.20984,0.29097,0.32933,0.40821,0.43717,0.51547,0.53448,0.58895,0.62781,0.66092,0.71343
0.4126,-0.003575,0.0004118,0.0050412,0.0095347,0.023409,0.043465,0.10546,0.21139,0.28323,0.32933,0.4144,0.44182,0.51702,0.53758,0.58122,0.62471,0.65628,0.71653
0.4127,-0.015956,-0.0026835,0.0065888,0.014178,0.020314,0.045013,0.1101,0.20829,0.28014,0.33088,0.4113,0.44027,0.53095,0.53448,0.58895,0.62471,0.65473,0.71653
0.4128,-0.015956,0.0019594,0.0081364,0.015725,0.023409,0.049656,0.10546,0.21139,0.28323,0.34016,0.40356,0.44491,0.53095,0.53294,0.59515,0.60769,0.65473,0.71653
0.4129,-0.012861,0.0019594,0.0096841,0.020368,0.020314,0.041918,0.1101,0.20365,0.28633,0.33552,0.40047,0.44336,0.51083,0.53448,0.59824,0.6015,0.65319,0.71188
0.413,-0.0082179,0.0050547,0.0096841,0.014178,0.021862,0.035727,0.10856,0.20365,0.28168,0.33552,0.39428,0.43717,0.50773,0.5252,0.58431,0.61852,0.65473,0.71653
0.4131,0.001068,-0.0057788,0.00039822,0.021916,0.026505,0.037275,0.10856,0.2052,0.28323,0.33243,0.39892,0.4511,0.51547,0.52984,0.58122,0.62162,0.65938,0.71498
0.4132,-0.0020273,-0.0088741,0.0065888,0.01263,0.024957,0.041918,0.097723,0.20365,0.28168,0.33243,0.40666,0.44955,0.51237,0.53603,0.58741,0.62471,0.65938,0.70879
0.4133,-0.0082179,0.0004118,0.0050412,0.014178,0.032695,0.04037,0.10237,0.21294,0.28478,0.33552,0.40975,0.44491,0.52011,0.52984,0.59669,0.62317,0.65473,0.70105
0.4134,-0.0082179,-0.0042311,0.0081364,0.0048918,0.0296,0.038822,0.11475,0.2052,0.28633,0.33552,0.40975,0.44801,0.52785,0.5221,0.58431,0.6309,0.65473,0.69176
0.4135,-0.003575,-0.0026835,0.0034935,0.011082,0.024957,0.038822,0.11475,0.19901,0.28323,0.34171,0.40202,0.44182,0.53249,0.5252,0.58741,0.63245,0.65628,0.70569
0.4136,-0.003575,0.0050547,-0.0026971,0.014178,0.023409,0.043465,0.11784,0.20365,0.29252,0.33707,0.40356,0.43717,0.52011,0.5221,0.59515,0.62781,0.64854,0.71034
0.4137,-0.0051226,0.0004118,0.0050412,0.014178,0.020314,0.041918,0.10701,0.2021,0.28478,0.33707,0.40356,0.42789,0.51237,0.51901,0.59515,0.63555,0.64545,0.71807
0.4138,-0.0082179,-0.0026835,0.0019459,0.020368,0.018766,0.04037,0.10546,0.19901,0.28942,0.32933,0.41285,0.43098,0.52166,0.50817,0.60134,0.63864,0.647,0.70879
0.4139,-0.0051226,-0.0042311,0.0081364,0.023464,0.024957,0.037275,0.10546,0.20675,0.27395,0.33397,0.40821,0.43408,0.52321,0.51282,0.59824,0.63245,0.63771,0.70415
0.414,-0.0097655,-0.0042311,0.0050412,0.020368,0.018766,0.032632,0.10391,0.21139,0.28633,0.33397,0.40821,0.43872,0.51702,0.51746,0.59205,0.634,0.64081,0.69486
0.4141,-0.019051,-0.0026835,0.015875,0.021916,0.018766,0.037275,0.11165,0.19746,0.28168,0.32933,0.40356,0.43717,0.51856,0.51746,0.59669,0.64019,0.65628,0.69176
0.4142,-0.011313,0.0035071,0.014327,0.018821,0.026505,0.037275,0.10856,0.19591,0.28323,0.32933,0.42368,0.43717,0.5294,0.52056,0.58895,0.63555,0.65473,0.69641
0.4143,-0.003575,-0.0011358,0.0065888,0.020368,0.018766,0.046561,0.10856,0.19591,0.28014,0.33552,0.40666,0.44336,0.52166,0.5252,0.59515,0.63864,0.65473,0.69486
0.4144,-0.00047968,-0.0042311,0.0065888,0.0095347,0.020314,0.038822,0.11165,0.2052,0.28478,0.34326,0.40666,0.43717,0.51083,0.5221,0.59824,0.63555,0.64854,0.68867
0.4145,-0.014408,0.0004118,0.0019459,0.01263,0.014123,0.037275,0.10391,0.19746,0.28478,0.35564,0.41285,0.43717,0.51856,0.51746,0.59205,0.63245,0.64235,0.68557
0.4146,-0.0082179,-0.0011358,-0.0011494,0.0079871,0.018766,0.041918,0.10391,0.2052,0.28478,0.34016,0.40666,0.43717,0.51547,0.52675,0.58431,0.62162,0.65164,0.69176
0.4147,-0.0082179,0.0019594,0.00039822,0.00024889,0.024957,0.041918,0.096176,0.19901,0.28168,0.33552,0.40356,0.44182,0.52475,0.53448,0.58122,0.63245,0.65938,0.69796
0.4148,-0.0097655,0.0019594,0.0034935,0.011082,0.028052,0.041918,0.10082,0.20984,0.28478,0.33397,0.40511,0.44801,0.52011,0.54222,0.59824,0.63245,0.65938,0.71188
0.4149,-0.003575,0.0035071,0.0065888,0.011082,0.023409,0.04037,0.096176,0.20829,0.27395,0.33088,0.4113,0.44801,0.52011,0.53913,0.60907,0.64793,0.65164,0.7026
0.415,-0.0051226,-0.0026835,0.0019459,0.015725,0.020314,0.041918,0.10391,0.20365,0.2724,0.32469,0.40975,0.45574,0.51547,0.52675,0.59669,0.64793,0.65319,0.70879
0.4151,-0.003575,-0.0026835,0.0019459,0.021916,0.018766,0.035727,0.10701,0.20365,0.27704,0.33088,0.41285,0.45729,0.51702,0.53448,0.59979,0.63864,0.65783,0.70415
0.4152,-0.00047968,0.0035071,0.0096841,0.0095347,0.026505,0.041918,0.10546,0.2052,0.28323,0.33088,0.40047,0.46658,0.51547,0.52984,0.58895,0.64483,0.66402,0.70415
0.4153,-0.0097655,0.0019594,0.0050412,0.011082,0.024957,0.037275,0.10856,0.21294,0.28942,0.32314,0.39273,0.4542,0.51392,0.52675,0.59205,0.65102,0.65628,0.70415
0.4154,-0.0051226,-0.0042311,0.0050412,0.011082,0.028052,0.043465,0.1101,0.20829,0.28168,0.32005,0.40666,0.45729,0.51856,0.52829,0.59824,0.64019,0.647,0.69796
0.4155,-0.0097655,0.00815,0.0096841,0.01263,0.024957,0.041918,0.1132,0.21139,0.28014,0.32624,0.40356,0.44182,0.52475,0.53913,0.60753,0.64638,0.65473,0.69641
0.4156,-0.0097655,-0.0011358,0.0081364,0.014178,0.020314,0.038822,0.10546,0.21294,0.28633,0.32778,0.39892,0.43872,0.5263,0.52984,0.60443,0.64483,0.65628,0.70415
0.4157,-0.0020273,0.0066024,0.011232,0.0079871,0.020314,0.034179,0.10082,0.20829,0.28168,0.33397,0.40202,0.44182,0.52321,0.52675,0.60443,0.63709,0.65628,0.70879
0.4158,-0.0051226,0.0019594,0.0081364,0.011082,0.020314,0.04037,0.10701,0.20984,0.28323,0.32778,0.40202,0.43253,0.51083,0.5252,0.60134,0.63864,0.64854,0.71034
0.4159,-0.012861,0.0019594,0.014327,0.020368,0.020314,0.04037,0.10856,0.21294,0.28788,0.32469,0.40511,0.43253,0.51083,0.52365,0.59515,0.64948,0.64235,0.71343
0.416,-0.0097655,-0.0011358,0.0096841,0.015725,0.020314,0.046561,0.1132,0.21139,0.28633,0.32778,0.40356,0.43408,0.51547,0.51436,0.58895,0.63555,0.64235,0.70724
0.4161,-0.0020273,-0.0026835,0.0050412,0.018821,0.023409,0.043465,0.11165,0.21448,0.29097,0.33707,0.40202,0.44027,0.52011,0.51746,0.5936,0.64019,0.65164,0.70105
0.4162,0.0041632,0.0019594,-0.0011494,0.021916,0.028052,0.045013,0.10391,0.21448,0.28323,0.33397,0.40666,0.44027,0.51547,0.52829,0.59979,0.64174,0.65628,0.70415
0.4163,0.0072585,-0.0026835,0.00039822,0.015725,0.018766,0.038822,0.10856,0.20365,0.26776,0.34326,0.4144,0.44027,0.51392,0.52675,0.59669,0.63864,0.64235,0.71498
0.4164,0.001068,0.0004118,0.0096841,0.015725,0.018766,0.04037,0.10701,0.21448,0.28168,0.33552,0.40202,0.43717,0.51392,0.52984,0.58741,0.63864,0.63461,0.71962
0.4165,-0.003575,-0.0026835,0.0096841,0.018821,0.018766,0.043465,0.10546,0.20675,0.27704,0.33707,0.39118,0.43253,0.51856,0.53758,0.58586,0.634,0.63926,0.71962
0.4166,-0.0082179,-0.0057788,0.0096841,0.01263,0.020314,0.045013,0.10856,0.21139,0.2724,0.33862,0.40202,0.44027,0.51083,0.52675,0.5936,0.634,0.647,0.71498
0.4167,-0.003575,-0.0042311,0.015875,0.0095347,0.023409,0.043465,0.1101,0.21448,0.2693,0.34016,0.40975,0.43253,0.50773,0.51901,0.59824,0.62781,0.65783,0.71653
0.4168,-0.00047968,-0.0073264,0.0065888,0.0095347,0.018766,0.04037,0.1132,0.21448,0.2693,0.33243,0.40356,0.43253,0.51392,0.52675,0.59979,0.634,0.65473,0.71034
0.4169,-0.0066702,0.0019594,0.0050412,0.0064395,0.023409,0.034179,0.10856,0.20984,0.2724,0.33397,0.40975,0.43098,0.51392,0.52056,0.5936,0.62471,0.65473,0.71653
0.417,-0.0051226,-0.0042311,0.0034935,0.01263,0.020314,0.041918,0.11784,0.21448,0.27085,0.33397,0.40511,0.43563,0.51856,0.52056,0.59515,0.634,0.65164,0.71498
0.4171,-0.003575,-0.0026835,0.0019459,0.01263,0.028052,0.038822,0.1132,0.21603,0.28478,0.32933,0.40511,0.43563,0.51856,0.52365,0.5905,0.63555,0.65164,0.71498
0.4172,-0.003575,0.0035071,0.0019459,0.011082,0.024957,0.04037,0.10546,0.21139,0.29097,0.33862,0.40821,0.43098,0.52011,0.51746,0.59205,0.634,0.64545,0.70105
0.4173,-0.00047968,0.0050547,0.014327,0.014178,0.021862,0.045013,0.1101,0.21913,0.28478,0.33862,0.4113,0.42789,0.51237,0.53603,0.58741,0.63245,0.647,0.70105
0.4174,-0.003575,-0.0026835,0.011232,0.021916,0.0296,0.043465,0.10546,0.22067,0.27395,0.33707,0.40666,0.42943,0.50309,0.53603,0.59515,0.6309,0.647,0.71343
0.4175,-0.0051226,0.0066024,0.0050412,0.014178,0.024957,0.037275,0.1101,0.21448,0.28014,0.33552,0.40356,0.43098,0.50773,0.52365,0.59515,0.63864,0.65473,0.71188
0.4176,-0.0066702,-0.0057788,0.011232,0.014178,0.024957,0.04037,0.10546,0.21603,0.28788,0.34016,0.40975,0.43563,0.51702,0.51901,0.58586,0.63555,0.65473,0.71498
0.4177,-0.0097655,-0.0073264,0.0034935,0.021916,0.015671,0.04037,0.10546,0.21294,0.28633,0.34945,0.40356,0.42943,0.52321,0.51436,0.5905,0.63555,0.66247,0.71034
0.4178,-0.0020273,-0.0042311,-0.0011494,0.01263,0.018766,0.045013,0.10546,0.21294,0.28788,0.33397,0.39273,0.41396,0.5263,0.51901,0.58741,0.64019,0.65164,0.71343
0.4179,0.0041632,-0.0088741,-0.0026971,0.023464,0.0296,0.04037,0.10856,0.21294,0.28788,0.33707,0.39428,0.42943,0.51702,0.51282,0.59824,0.63555,0.65628,0.71343
0.418,-0.0051226,-0.0011358,0.0034935,0.01263,0.038886,0.035727,0.1132,0.21448,0.29407,0.33552,0.39892,0.42015,0.51237,0.51127,0.58741,0.64483,0.66247,0.71962
0.4181,-0.0082179,0.0019594,0.0034935,0.0095347,0.031147,0.04037,0.10391,0.21448,0.28633,0.32933,0.39737,0.4217,0.51392,0.52675,0.58122,0.64638,0.65164,0.72736
0.4182,-0.0066702,0.0035071,0.0065888,0.0095347,0.021862,0.037275,0.10701,0.20984,0.28942,0.33552,0.39583,0.42324,0.50928,0.53448,0.58431,0.65412,0.66092,0.72581
0.4183,-0.0066702,0.0019594,0.015875,0.01263,0.015671,0.045013,0.11784,0.21448,0.28942,0.34016,0.40202,0.42943,0.51547,0.52984,0.58895,0.65412,0.65938,0.72272
0.4184,-0.0082179,-0.0042311,0.0019459,0.0095347,0.015671,0.043465,0.11165,0.20984,0.29561,0.32778,0.39737,0.43253,0.51083,0.5252,0.5936,0.64948,0.63926,0.71653
0.4185,-0.003575,-0.0042311,0.0050412,0.018821,0.017219,0.043465,0.10856,0.20984,0.28788,0.33243,0.39428,0.44182,0.51392,0.52984,0.5905,0.63555,0.64081,0.72272
0.4186,-0.0051226,0.0035071,0.0034935,0.023464,0.021862,0.041918,0.1132,0.21294,0.29097,0.33088,0.40511,0.44027,0.50773,0.52829,0.5905,0.62936,0.63771,0.71962
0.4187,-0.0051226,0.0019594,-0.0011494,0.021916,0.024957,0.04037,0.10856,0.20365,0.29252,0.33243,0.40666,0.44646,0.4969,0.52675,0.59205,0.63709,0.63771,0.71034
0.4188,-0.0082179,-0.0057788,0.011232,0.014178,0.0296,0.045013,0.1101,0.20675,0.29097,0.33862,0.39892,0.45265,0.51856,0.5252,0.59669,0.63555,0.64235,0.70879
0.4189,0.0026156,-0.0011358,0.0065888,0.011082,0.023409,0.049656,0.1132,0.20829,0.29252,0.34945,0.39428,0.46039,0.53249,0.52675,0.58431,0.63864,0.65009,0.71188
0.419,-0.003575,-0.0026835,0.0034935,0.021916,0.021862,0.037275,0.1132,0.21913,0.29097,0.33552,0.39273,0.44182,0.52321,0.53294,0.59515,0.63245,0.63461,0.71498
0.4191,0.0026156,-0.0088741,0.0019459,0.0095347,0.026505,0.037275,0.11165,0.21448,0.28788,0.33397,0.40666,0.44336,0.51237,0.5252,0.59669,0.62162,0.62842,0.71807
0.4192,0.001068,-0.0042311,0.0065888,0.018821,0.023409,0.043465,0.10701,0.21294,0.28478,0.33552,0.40666,0.44027,0.51392,0.53294,0.58276,0.62007,0.62842,0.71188
0.4193,-0.0097655,0.0004118,0.0019459,0.018821,0.026505,0.046561,0.10701,0.20675,0.28633,0.34016,0.40202,0.43872,0.51083,0.52984,0.58741,0.62007,0.63307,0.71188
0.4194,-0.0097655,-0.0011358,0.0034935,0.018821,0.018766,0.04037,0.1101,0.21913,0.28788,0.32778,0.39273,0.44801,0.51856,0.52829,0.58895,0.62162,0.62533,0.70879
0.4195,-0.0066702,0.0019594,0.0065888,0.020368,0.028052,0.038822,0.11475,0.21294,0.28014,0.32469,0.40821,0.44491,0.51702,0.5252,0.58276,0.61698,0.61759,0.7026
0.4196,-0.0082179,0.0035071,0.0019459,0.020368,0.026505,0.04037,0.11165,0.21448,0.28323,0.32005,0.40202,0.44336,0.51392,0.5221,0.57812,0.62317,0.62223,0.7026
0.4197,-0.0097655,0.0019594,0.0050412,0.021916,0.023409,0.038822,0.10856,0.19591,0.28168,0.32314,0.39583,0.44182,0.50928,0.52056,0.57193,0.6309,0.62533,0.70105
0.4198,-0.014408,0.011245,0.015875,0.015725,0.021862,0.045013,0.10546,0.2052,0.28788,0.33862,0.39583,0.44646,0.51392,0.52056,0.58276,0.62626,0.63307,0.70569
0.4199,-0.0066702,0.0050547,0.0096841,0.014178,0.0296,0.038822,0.10701,0.21294,0.29252,0.34016,0.40047,0.44336,0.50154,0.5252,0.58276,0.63555,0.63461,0.70724
0.42,-0.003575,0.0035071,0.011232,0.021916,0.018766,0.041918,0.10701,0.20365,0.29097,0.33862,0.40202,0.44491,0.50618,0.52056,0.59205,0.64174,0.62842,0.71343
0.4201,-0.003575,-0.0042311,0.0096841,0.014178,0.023409,0.041918,0.1101,0.20365,0.28633,0.34016,0.40202,0.45265,0.50773,0.53448,0.58431,0.6309,0.62223,0.71188
0.4202,-0.0097655,-0.0011358,0.00039822,0.023464,0.024957,0.037275,0.10856,0.19746,0.28323,0.33552,0.40666,0.45729,0.51083,0.52984,0.57967,0.62781,0.63307,0.71962
0.4203,-0.0066702,-0.0042311,0.0081364,0.014178,0.023409,0.035727,0.11165,0.19591,0.28323,0.33243,0.40511,0.45729,0.51237,0.53603,0.58276,0.62471,0.62223,0.72272
0.4204,-0.0097655,0.0096977,0.015875,0.018821,0.021862,0.041918,0.11165,0.2052,0.28014,0.33088,0.39428,0.45574,0.50309,0.53448,0.59205,0.63245,0.62842,0.71343
0.4205,-0.0066702,0.0035071,0.015875,0.015725,0.018766,0.037275,0.11165,0.21139,0.28014,0.33707,0.39118,0.44027,0.4938,0.52675,0.58741,0.62936,0.62997,0.71807
0.4206,-0.00047968,0.0096977,0.0019459,0.020368,0.023409,0.035727,0.11165,0.21448,0.28633,0.33397,0.40511,0.44336,0.51083,0.51746,0.59515,0.61543,0.62378,0.72272
0.4207,-0.0051226,0.0035071,0.0081364,0.020368,0.015671,0.035727,0.11165,0.2052,0.28942,0.33243,0.39583,0.44182,0.4938,0.51591,0.5936,0.62162,0.62997,0.72736
0.4208,-0.0097655,0.00815,0.0081364,0.018821,0.018766,0.038822,0.1132,0.21294,0.28942,0.32778,0.39273,0.44182,0.50618,0.52056,0.59515,0.6309,0.62842,0.72581
0.4209,-0.0020273,0.00815,0.017422,0.01263,0.020314,0.037275,0.11165,0.2052,0.29561,0.33243,0.40202,0.43872,0.50773,0.51127,0.59515,0.62781,0.63152,0.71034
0.421,-0.00047968,0.0066024,0.01897,0.0064395,0.023409,0.041918,0.11475,0.19901,0.29407,0.33552,0.40511,0.45574,0.4969,0.52365,0.60443,0.62007,0.63461,0.70879
0.4211,-0.0051226,-0.0026835,0.0096841,0.018821,0.021862,0.052751,0.10856,0.20365,0.28633,0.33397,0.39428,0.46039,0.50309,0.52829,0.59515,0.61698,0.63461,0.70879
0.4212,-0.015956,0.0035071,0.0050412,0.01263,0.024957,0.043465,0.1101,0.19901,0.28168,0.33088,0.38963,0.44491,0.50464,0.52056,0.58895,0.61078,0.63616,0.72272
0.4213,-0.0066702,0.0050547,0.014327,0.020368,0.024957,0.037275,0.1101,0.20829,0.28323,0.33088,0.40356,0.44491,0.49535,0.51746,0.58895,0.62471,0.65319,0.73046
0.4214,-0.0051226,-0.0026835,0.0050412,0.018821,0.028052,0.035727,0.1101,0.20829,0.28478,0.33397,0.39892,0.44801,0.49999,0.51591,0.58586,0.62007,0.64235,0.72272
0.4215,-0.012861,0.0019594,0.0019459,0.023464,0.020314,0.048108,0.11475,0.2052,0.28478,0.33397,0.40356,0.46348,0.50928,0.52056,0.57657,0.62007,0.63926,0.71498
0.4216,-0.0097655,0.0019594,0.0034935,0.020368,0.020314,0.045013,0.1132,0.20675,0.28478,0.33397,0.4113,0.44801,0.51237,0.5252,0.58122,0.61078,0.63771,0.72736
0.4217,-0.003575,0.0066024,0.0081364,0.018821,0.021862,0.037275,0.1132,0.2052,0.28478,0.32624,0.41594,0.43563,0.49071,0.52829,0.57812,0.62007,0.63461,0.732
0.4218,-0.0051226,0.0019594,0.0050412,0.018821,0.018766,0.04037,0.11784,0.19901,0.27704,0.32933,0.40356,0.43563,0.49071,0.52365,0.59205,0.62007,0.62842,0.73046
0.4219,-0.0097655,-0.0026835,0.00039822,0.020368,0.017219,0.035727,0.10856,0.19436,0.27704,0.32624,0.39583,0.43408,0.50464,0.51127,0.59979,0.61852,0.63616,0.72427
0.422,-0.0082179,-0.0011358,-0.0011494,0.018821,0.021862,0.037275,0.1132,0.19282,0.28014,0.32933,0.39892,0.43717,0.51392,0.52056,0.58895,0.62007,0.63461,0.71188
0.4221,-0.0097655,0.0004118,-0.0042447,0.015725,0.023409,0.038822,0.1132,0.2021,0.28788,0.33862,0.39892,0.44955,0.51237,0.52365,0.58895,0.62317,0.64235,0.70569
0.4222,-0.0082179,0.0050547,0.0050412,0.01263,0.015671,0.035727,0.11629,0.20365,0.28788,0.351,0.39892,0.44801,0.50773,0.51901,0.58741,0.61698,0.64545,0.71807
0.4223,-0.0097655,-0.0011358,0.0096841,0.01263,0.014123,0.035727,0.12249,0.19436,0.28788,0.33552,0.40821,0.44336,0.51083,0.53294,0.58586,0.62781,0.64081,0.72891
0.4224,-0.0082179,-0.0042311,0.0019459,0.014178,0.023409,0.034179,0.12403,0.20365,0.28788,0.33088,0.40975,0.44801,0.51702,0.53913,0.58431,0.62936,0.64235,0.73665
0.4225,-0.0082179,-0.0057788,-0.0042447,0.021916,0.018766,0.04037,0.11784,0.2021,0.28014,0.34016,0.4113,0.44801,0.51547,0.53294,0.58895,0.62471,0.63771,0.74284
0.4226,-0.0051226,-0.0026835,0.014327,0.0064395,0.021862,0.04037,0.1101,0.20675,0.28478,0.33397,0.40821,0.44955,0.4969,0.53294,0.56729,0.62317,0.63461,0.73046
0.4227,-0.0066702,-0.0026835,0.011232,0.014178,0.023409,0.041918,0.11475,0.20675,0.28323,0.33707,0.40202,0.4542,0.49999,0.54377,0.57503,0.61233,0.63307,0.72272
0.4228,-0.00047968,0.0004118,0.0081364,0.020368,0.023409,0.037275,0.11629,0.2052,0.28323,0.32624,0.40511,0.44491,0.51083,0.53603,0.57503,0.61852,0.62997,0.71343
0.4229,-0.00047968,0.0019594,0.014327,0.018821,0.026505,0.038822,0.10701,0.19746,0.27395,0.32933,0.4113,0.44336,0.50773,0.52056,0.57967,0.62781,0.63152,0.71653
0.423,-0.0020273,0.0004118,0.0096841,0.018821,0.023409,0.04037,0.1132,0.19746,0.28168,0.33397,0.40975,0.44027,0.51083,0.51746,0.57348,0.62317,0.62842,0.72736
0.4231,-0.003575,0.0004118,0.0096841,0.018821,0.020314,0.04037,0.12249,0.19901,0.28942,0.33397,0.40975,0.44336,0.50773,0.51591,0.57348,0.61233,0.63152,0.732
0.4232,-0.0020273,0.0035071,0.015875,0.020368,0.023409,0.037275,0.11475,0.20675,0.28478,0.33397,0.4113,0.44182,0.50309,0.51901,0.5936,0.62162,0.63616,0.7351
0.4233,-0.00047968,-0.0026835,0.0081364,0.014178,0.020314,0.043465,0.12094,0.2052,0.28168,0.33088,0.41594,0.44027,0.49999,0.51127,0.59515,0.62471,0.63616,0.72736
0.4234,0.001068,0.0035071,0.0096841,0.020368,0.0094804,0.04037,0.1132,0.2021,0.28014,0.33862,0.41285,0.44801,0.51237,0.50044,0.58895,0.62007,0.63926,0.72891
0.4235,-0.0082179,0.0004118,0.0096841,0.025011,0.018766,0.038822,0.11939,0.2021,0.28014,0.33243,0.40975,0.44801,0.50773,0.49889,0.5905,0.61852,0.64545,0.72736
0.4236,-0.014408,0.0096977,0.0050412,0.020368,0.020314,0.043465,0.12249,0.20365,0.28323,0.33862,0.40511,0.43563,0.51237,0.51746,0.57657,0.62162,0.64545,0.72891
0.4237,-0.0082179,0.0004118,0.0034935,0.021916,0.0296,0.043465,0.11939,0.20365,0.28168,0.33088,0.40511,0.43872,0.51547,0.51436,0.58586,0.62471,0.64235,0.71962
0.4238,-0.011313,0.0004118,0.0034935,0.0079871,0.020314,0.035727,0.11165,0.2052,0.28323,0.33243,0.40821,0.44801,0.51237,0.51127,0.58741,0.61698,0.64545,0.71653
0.4239,-0.0066702,-0.0011358,0.0050412,0.0095347,0.014123,0.035727,0.11165,0.19436,0.28942,0.33243,0.40356,0.43563,0.50928,0.52675,0.58431,0.62936,0.63616,0.71807
0.424,-0.003575,-0.0011358,0.0081364,0.015725,0.020314,0.031084,0.11784,0.20365,0.28942,0.33707,0.40511,0.43098,0.51547,0.51591,0.58276,0.63245,0.63616,0.71807
0.4241,-0.012861,0.0035071,0.0019459,0.015725,0.026505,0.038822,0.1132,0.21448,0.29097,0.32624,0.40666,0.44027,0.52321,0.51282,0.58895,0.62936,0.63771,0.73046
0.4242,-0.003575,0.0050547,0.0034935,0.018821,0.018766,0.041918,0.11939,0.20365,0.28323,0.32778,0.40356,0.43563,0.51856,0.50353,0.5905,0.62317,0.647,0.72891
0.4243,-0.014408,0.0004118,0.0050412,0.025011,0.020314,0.04037,0.11629,0.19901,0.26776,0.32469,0.4113,0.44027,0.51547,0.51282,0.58586,0.62781,0.63926,0.71962
0.4244,-0.014408,0.0050547,0.011232,0.023464,0.011028,0.032632,0.12868,0.2021,0.26776,0.32469,0.40821,0.44955,0.50464,0.5252,0.58586,0.634,0.63616,0.72427
0.4245,-0.011313,0.0035071,0.017422,0.020368,0.020314,0.041918,0.11784,0.20829,0.27395,0.33243,0.40511,0.44646,0.49999,0.52056,0.59515,0.62471,0.62688,0.71807
0.4246,-0.00047968,0.00815,0.0081364,0.018821,0.020314,0.043465,0.11939,0.19901,0.2724,0.32624,0.40666,0.44646,0.51237,0.51901,0.58895,0.62007,0.62997,0.71498
0.4247,-0.0020273,0.0035071,0.0050412,0.021916,0.020314,0.041918,0.1132,0.18817,0.27085,0.32933,0.40975,0.44646,0.50464,0.51591,0.5905,0.61852,0.63307,0.71034
0.4248,-0.012861,-0.0026835,0.0096841,0.015725,0.020314,0.045013,0.11784,0.19746,0.2693,0.32624,0.41285,0.45265,0.5263,0.52675,0.57657,0.6309,0.63461,0.70415
0.4249,-0.012861,-0.0057788,0.017422,0.025011,0.021862,0.048108,0.12868,0.20365,0.27085,0.32469,0.41749,0.44182,0.51547,0.52056,0.58276,0.62936,0.63616,0.71653
0.425,-0.017504,0.0050547,0.0081364,0.020368,0.018766,0.049656,0.11939,0.20829,0.27395,0.32933,0.40666,0.44955,0.51702,0.52056,0.58586,0.62781,0.64081,0.71034
0.4251,-0.0051226,-0.0011358,0.0050412,0.025011,0.021862,0.038822,0.11784,0.2021,0.28014,0.32624,0.40202,0.44336,0.51237,0.51436,0.58276,0.6309,0.65473,0.71807
0.4252,-0.0097655,-0.0088741,0.00039822,0.01263,0.028052,0.034179,0.12249,0.19746,0.28788,0.33552,0.40975,0.42789,0.52011,0.52056,0.58741,0.61852,0.647,0.732
0.4253,-0.003575,-0.0011358,-0.00734,0.021916,0.020314,0.037275,0.12249,0.2021,0.28323,0.33243,0.40666,0.43717,0.51547,0.51436,0.59824,0.62317,0.64854,0.732
0.4254,-0.0082179,-0.0011358,0.0034935,0.01263,0.0079328,0.037275,0.11939,0.19901,0.28168,0.32624,0.40975,0.43717,0.50928,0.51746,0.59515,0.62781,0.65473,0.71343
0.4255,-0.0097655,0.0004118,0.011232,0.014178,0.017219,0.043465,0.11784,0.19901,0.2693,0.31695,0.40356,0.43563,0.50773,0.52675,0.5936,0.6309,0.65938,0.71188
0.4256,-0.017504,0.0004118,0.0081364,0.025011,0.020314,0.041918,0.10546,0.20365,0.27704,0.32469,0.40202,0.44336,0.50773,0.51901,0.58895,0.6309,0.64545,0.72427
0.4257,-0.0051226,0.0035071,0.0065888,0.023464,0.017219,0.037275,0.1101,0.19591,0.28014,0.33243,0.40821,0.43098,0.50773,0.51282,0.58895,0.634,0.65009,0.73046
0.4258,-0.0082179,0.0050547,0.014327,0.015725,0.015671,0.032632,0.11784,0.19901,0.27859,0.33088,0.40047,0.43098,0.49535,0.52056,0.59824,0.63555,0.63771,0.71653
0.4259,-0.0066702,0.0096977,0.017422,0.020368,0.017219,0.032632,0.11629,0.20829,0.28788,0.33552,0.39118,0.43872,0.49535,0.52984,0.58895,0.63864,0.63461,0.71653
0.426,-0.012861,-0.0011358,0.0050412,0.015725,0.026505,0.04037,0.11784,0.2052,0.28168,0.33088,0.39118,0.44491,0.4938,0.52675,0.58895,0.64019,0.63307,0.7026
0.4261,-0.014408,-0.0042311,0.0050412,0.0095347,0.018766,0.038822,0.11784,0.2021,0.2724,0.32624,0.38809,0.44027,0.50773,0.53758,0.5905,0.62626,0.63926,0.7026
0.4262,-0.0082179,-0.0042311,0.0081364,0.0064395,0.023409,0.038822,0.1132,0.2021,0.27859,0.32469,0.38963,0.44801,0.50618,0.52675,0.59205,0.62936,0.65009,0.69796
0.4263,-0.0082179,-0.0042311,-0.0011494,0.011082,0.023409,0.034179,0.11475,0.20829,0.27859,0.32933,0.38809,0.44027,0.51237,0.51591,0.60134,0.63555,0.64854,0.70879
0.4264,-0.012861,0.0050547,0.0065888,0.014178,0.021862,0.041918,0.1132,0.2052,0.27859,0.32933,0.39273,0.43717,0.50773,0.53294,0.60443,0.63555,0.65009,0.71962
0.4265,-0.0097655,0.0004118,0.0065888,0.011082,0.023409,0.037275,0.10856,0.20365,0.27704,0.33088,0.40356,0.43872,0.4969,0.54067,0.58586,0.62317,0.65473,0.71653
0.4266,-0.019051,-0.0042311,0.0081364,0.014178,0.028052,0.043465,0.1101,0.20829,0.28014,0.32005,0.40975,0.45265,0.4938,0.5252,0.58895,0.61852,0.66247,0.72891
0.4267,-0.015956,-0.0057788,0.0065888,0.015725,0.018766,0.04037,0.1101,0.20984,0.27704,0.32778,0.40356,0.44027,0.49999,0.5252,0.5936,0.62317,0.65938,0.71188
0.4268,-0.0082179,-0.0042311,0.0096841,0.023464,0.021862,0.04037,0.11784,0.20675,0.27395,0.32469,0.40202,0.44182,0.50154,0.52984,0.59515,0.62471,0.65783,0.71807
0.4269,-0.00047968,-0.0011358,0.0081364,0.023464,0.026505,0.041918,0.10701,0.19746,0.27704,0.33552,0.40511,0.44182,0.50618,0.53603,0.59205,0.62162,0.65938,0.72272
0.427,-0.0066702,0.0035071,0.0034935,0.018821,0.020314,0.038822,0.099271,0.20365,0.28942,0.32624,0.40975,0.44027,0.51547,0.54067,0.58895,0.62781,0.66557,0.72736
0.4271,-0.0082179,0.0035071,0.0065888,0.015725,0.020314,0.034179,0.11165,0.19746,0.28478,0.3185,0.39583,0.44182,0.51083,0.54687,0.58276,0.634,0.65628,0.71962
0.4272,-0.012861,0.0066024,-0.0042447,0.01263,0.020314,0.031084,0.10856,0.2052,0.28323,0.32314,0.40047,0.44491,0.51702,0.54067,0.59205,0.6309,0.64854,0.72272
0.4273,-0.0097655,0.0035071,0.0050412,0.025011,0.020314,0.035727,0.11784,0.20829,0.27395,0.33088,0.40511,0.44491,0.51237,0.53294,0.59205,0.64174,0.647,0.72736
0.4274,-0.011313,0.0035071,0.0034935,0.020368,0.024957,0.04037,0.11165,0.19591,0.2724,0.32624,0.39583,0.44182,0.52166,0.54067,0.59205,0.6309,0.65473,0.73665
0.4275,-0.014408,-0.0011358,0.0050412,0.011082,0.018766,0.035727,0.10546,0.20675,0.2724,0.32933,0.38963,0.45265,0.51702,0.53913,0.60753,0.62317,0.64854,0.72736
0.4276,-0.003575,0.011245,0.0019459,0.015725,0.017219,0.037275,0.11165,0.19901,0.28168,0.32933,0.40047,0.4511,0.51237,0.53294,0.59669,0.63864,0.63461,0.71343
0.4277,-0.011313,0.0096977,0.0096841,0.021916,0.017219,0.034179,0.11784,0.19436,0.28633,0.32624,0.40202,0.44336,0.51392,0.52829,0.5905,0.62781,0.64854,0.72581
0.4278,-0.003575,-0.0011358,0.0034935,0.018821,0.021862,0.032632,0.1101,0.19746,0.28323,0.33088,0.39892,0.44182,0.51547,0.52056,0.59205,0.62471,0.64545,0.73665
0.4279,-0.00047968,-0.0011358,0.00039822,0.01263,0.026505,0.032632,0.1101,0.2021,0.28323,0.32778,0.40202,0.43717,0.51237,0.50508,0.58895,0.6309,0.63926,0.72427
0.428,-0.003575,-0.016612,0.0050412,0.020368,0.015671,0.034179,0.1101,0.20365,0.28168,0.33552,0.39118,0.44027,0.50618,0.51746,0.59205,0.62936,0.63461,0.71962
0.4281,-0.0051226,-0.015065,0.0081364,0.023464,0.014123,0.037275,0.1101,0.20365,0.28788,0.33552,0.40821,0.44336,0.51083,0.52829,0.58741,0.62007,0.62842,0.71498
0.4282,-0.0020273,-0.0042311,0.0065888,0.021916,0.028052,0.035727,0.11165,0.18817,0.29097,0.32933,0.4113,0.43717,0.50154,0.5252,0.59205,0.6309,0.63771,0.72272
0.4283,-0.0020273,0.0019594,0.0034935,0.01263,0.017219,0.032632,0.11165,0.19282,0.28633,0.32778,0.40047,0.44027,0.50309,0.52675,0.5936,0.62471,0.63616,0.71807
0.4284,-0.003575,0.0050547,0.0019459,0.020368,0.0079328,0.04037,0.11475,0.2052,0.29097,0.33088,0.39737,0.44027,0.50464,0.53294,0.5936,0.61698,0.63926,0.70569
0.4285,-0.00047968,0.0050547,0.0081364,0.023464,0.014123,0.032632,0.11784,0.2052,0.28633,0.33397,0.40666,0.44491,0.51237,0.53294,0.58895,0.61852,0.63771,0.71188
0.4286,-0.0082179,0.0050547,0.015875,0.020368,0.020314,0.037275,0.1101,0.20675,0.28478,0.32933,0.4113,0.4542,0.51237,0.5252,0.5905,0.62007,0.65009,0.70879
0.4287,-0.012861,-0.0042311,0.01897,0.020368,0.020314,0.043465,0.11784,0.21139,0.27085,0.32624,0.40821,0.44491,0.51237,0.53448,0.58895,0.62626,0.65628,0.71653
0.4288,-0.0082179,0.0004118,0.0050412,0.020368,0.018766,0.035727,0.10701,0.2052,0.2724,0.33552,0.40047,0.44336,0.50773,0.52056,0.58895,0.62936,0.65938,0.72272
0.4289,-0.011313,0.0096977,0.0050412,0.014178,0.021862,0.04037,0.11165,0.2052,0.28478,0.32933,0.40047,0.44336,0.49535,0.53448,0.58741,0.61698,0.65938,0.71498
0.429,-0.0097655,0.0066024,0.014327,0.021916,0.026505,0.04037,0.1101,0.20675,0.28633,0.32005,0.39273,0.45265,0.49999,0.53758,0.58895,0.61078,0.64235,0.73046
0.4291,-0.014408,0.0004118,0.011232,0.021916,0.023409,0.038822,0.1132,0.2052,0.28014,0.33243,0.39737,0.44182,0.51083,0.53294,0.58586,0.61233,0.647,0.71653
0.4292,-0.0097655,0.0019594,0.0065888,0.023464,0.020314,0.034179,0.11784,0.19127,0.28014,0.33243,0.40356,0.43717,0.51547,0.53294,0.59205,0.62317,0.64545,0.72581
0.4293,-0.014408,-0.0026835,0.014327,0.011082,0.018766,0.035727,0.11475,0.19127,0.28788,0.32624,0.39892,0.44027,0.51856,0.53913,0.5905,0.63555,0.63771,0.72272
0.4294,-0.0097655,0.0019594,0.0034935,0.01263,0.017219,0.043465,0.11784,0.19901,0.28478,0.32933,0.40356,0.44491,0.50928,0.53603,0.5936,0.62936,0.63926,0.71962
0.4295,-0.0097655,0.0004118,0.0050412,0.0095347,0.014123,0.045013,0.11165,0.19591,0.28633,0.32624,0.40356,0.44336,0.50773,0.51746,0.59824,0.62007,0.64081,0.71962
0.4296,-0.0082179,-0.0011358,0.0050412,0.018821,0.021862,0.043465,0.1101,0.2021,0.28478,0.32005,0.41594,0.44801,0.50773,0.53448,0.60443,0.61852,0.64081,0.71498
0.4297,-0.0082179,0.0019594,0.0034935,0.014178,0.017219,0.04037,0.11475,0.19591,0.28942,0.32314,0.40821,0.44801,0.50928,0.53603,0.58895,0.62936,0.63616,0.71343
0.4298,-0.014408,-0.0011358,0.0050412,0.014178,0.015671,0.038822,0.1101,0.19282,0.28633,0.33552,0.40511,0.44801,0.51237,0.54067,0.58741,0.62162,0.647,0.70105
0.4299,-0.0066702,-0.0057788,0.0034935,0.021916,0.020314,0.031084,0.10856,0.19746,0.28942,0.32778,0.40821,0.44336,0.50618,0.53448,0.59515,0.61388,0.65473,0.7026
0.43,-0.003575,0.0019594,0.0081364,0.020368,0.018766,0.035727,0.10546,0.2052,0.29716,0.33088,0.40356,0.44182,0.50154,0.52675,0.59979,0.60769,0.647,0.69796
0.4301,-0.0066702,-0.0026835,-0.0011494,0.020368,0.020314,0.046561,0.1132,0.20984,0.29871,0.33243,0.40202,0.43717,0.50464,0.53294,0.60134,0.61233,0.63771,0.70879
0.4302,-0.0082179,0.0035071,0.00039822,0.025011,0.018766,0.034179,0.11475,0.2052,0.29252,0.33552,0.40202,0.44182,0.49999,0.52984,0.59824,0.61543,0.63771,0.71807
0.4303,-0.0066702,0.0004118,0.0065888,0.020368,0.011028,0.035727,0.11784,0.19901,0.28478,0.33243,0.40047,0.44491,0.50773,0.54222,0.59669,0.61698,0.63461,0.72581
0.4304,-0.0082179,0.0004118,0.0065888,0.021916,0.026505,0.04037,0.10701,0.19901,0.28478,0.32469,0.39428,0.45265,0.49999,0.53913,0.5905,0.61698,0.64854,0.72272
0.4305,-0.0020273,0.0019594,0.0050412,0.025011,0.023409,0.038822,0.10701,0.2021,0.28633,0.32624,0.39892,0.44955,0.50618,0.53448,0.59515,0.62007,0.64854,0.71188
0.4306,-0.0082179,-0.0026835,0.0019459,0.020368,0.014123,0.034179,0.11475,0.19746,0.28323,0.32005,0.39892,0.44955,0.50773,0.52056,0.60443,0.62781,0.647,0.70879
0.4307,-0.012861,-0.0026835,0.0081364,0.023464,0.014123,0.032632,0.11475,0.19591,0.28633,0.3185,0.40356,0.44491,0.50618,0.52675,0.60134,0.62317,0.64545,0.71034
0.4308,-0.003575,-0.0057788,0.0081364,0.025011,0.018766,0.037275,0.11939,0.19901,0.28323,0.32469,0.40821,0.44801,0.50154,0.54222,0.61372,0.62317,0.63926,0.71188
0.4309,-0.011313,-0.0057788,0.0096841,0.023464,0.017219,0.04037,0.12094,0.2052,0.29097,0.33088,0.40047,0.44801,0.50464,0.53603,0.60753,0.6309,0.647,0.71343
0.431,-0.003575,-0.0057788,0.00039822,0.014178,0.018766,0.038822,0.11475,0.19746,0.28323,0.33552,0.39428,0.44491,0.50464,0.52984,0.60288,0.63555,0.647,0.69486
0.4311,-0.003575,0.0035071,0.00039822,0.01263,0.0296,0.032632,0.11165,0.20829,0.28323,0.33397,0.39583,0.44182,0.50464,0.53448,0.58895,0.62936,0.63307,0.70105
0.4312,-0.0020273,0.0019594,0.0050412,0.021916,0.017219,0.035727,0.1101,0.21448,0.28633,0.33552,0.39428,0.4542,0.50773,0.53758,0.59205,0.62317,0.62842,0.72427
0.4313,-0.0097655,0.0004118,0.015875,0.01263,0.020314,0.038822,0.10856,0.2021,0.28788,0.33397,0.39118,0.45729,0.49071,0.54067,0.58895,0.62936,0.63152,0.72736
0.4314,-0.011313,-0.011969,0.011232,0.025011,0.0094804,0.038822,0.1101,0.2052,0.28942,0.33088,0.39428,0.44955,0.4938,0.52829,0.5936,0.62007,0.63771,0.71653
0.4315,-0.014408,-0.0057788,0.0081364,0.023464,0.020314,0.038822,0.11165,0.19591,0.29871,0.33862,0.39737,0.44646,0.4938,0.52675,0.59515,0.62007,0.63926,0.70415
0.4316,-0.003575,-0.0057788,-0.00734,0.018821,0.018766,0.04037,0.12094,0.20365,0.29871,0.33552,0.40666,0.4542,0.49535,0.52984,0.59824,0.60769,0.63307,0.70879
0.4317,-0.003575,-0.0011358,-0.0042447,0.015725,0.018766,0.031084,0.1132,0.2052,0.29561,0.33707,0.40202,0.44336,0.49999,0.54067,0.5936,0.61543,0.64235,0.71343
0.4318,-0.012861,-0.0011358,0.0065888,0.01263,0.018766,0.04037,0.10701,0.19591,0.29252,0.32933,0.39118,0.44646,0.51237,0.54532,0.60443,0.62162,0.64081,0.71343
0.4319,-0.0082179,-0.0042311,0.0019459,0.011082,0.018766,0.038822,0.10856,0.19436,0.29407,0.33552,0.39273,0.44336,0.50618,0.54067,0.59979,0.62317,0.65164,0.72581
0.432,-0.0066702,-0.0088741,0.0050412,0.011082,0.017219,0.041918,0.11165,0.18972,0.28942,0.33707,0.38963,0.44182,0.50618,0.52675,0.59669,0.62317,0.64854,0.72891
0.4321,-0.003575,0.0004118,0.0019459,0.01263,0.014123,0.041918,0.1132,0.19436,0.27395,0.32314,0.38963,0.44182,0.50309,0.53448,0.5905,0.61852,0.64854,0.71188
0.4322,-0.0051226,-0.0026835,0.0034935,0.015725,0.023409,0.035727,0.11939,0.18817,0.28633,0.33088,0.39892,0.43717,0.4969,0.53294,0.58276,0.61698,0.64545,0.70724
0.4323,-0.003575,-0.0026835,0.0019459,0.018821,0.017219,0.037275,0.11475,0.20365,0.28323,0.33088,0.40047,0.45265,0.50309,0.52984,0.59515,0.60924,0.64081,0.71653
0.4324,-0.0051226,-0.0042311,0.0019459,0.020368,0.0079328,0.034179,0.11939,0.19746,0.28788,0.32778,0.38809,0.44336,0.50154,0.52365,0.59515,0.61233,0.62997,0.72581
0.4325,-0.0066702,-0.0026835,0.0050412,0.025011,0.014123,0.043465,0.11165,0.19901,0.28942,0.32624,0.38963,0.43563,0.49535,0.5221,0.58895,0.62626,0.62997,0.72736
0.4326,0.001068,-0.0073264,0.0019459,0.020368,0.018766,0.032632,0.1101,0.2021,0.29871,0.32005,0.38499,0.44646,0.48761,0.52984,0.59515,0.62162,0.62842,0.73355
0.4327,0.001068,0.0035071,0.0050412,0.01263,0.0079328,0.038822,0.10856,0.19746,0.29871,0.32624,0.39273,0.45729,0.49999,0.53603,0.59824,0.61388,0.62997,0.732
0.4328,-0.003575,0.0050547,0.014327,0.020368,0.017219,0.034179,0.11629,0.2021,0.28788,0.32469,0.39737,0.45574,0.51083,0.53603,0.60753,0.61852,0.63771,0.72581
0.4329,-0.0082179,-0.0057788,0.0081364,0.018821,0.014123,0.04037,0.11165,0.20365,0.28633,0.32624,0.38809,0.44955,0.50618,0.53448,0.60288,0.61543,0.63307,0.7351
0.433,-0.003575,0.0004118,0.0050412,0.021916,0.015671,0.045013,0.10856,0.2052,0.28323,0.32159,0.39273,0.4542,0.50928,0.52829,0.60443,0.61698,0.63461,0.732
0.4331,-0.00047968,-0.0011358,0.0050412,0.014178,0.021862,0.045013,0.1132,0.2021,0.28168,0.32314,0.40356,0.45265,0.50773,0.5221,0.59824,0.61698,0.62997,0.71807
0.4332,-0.0097655,-0.0073264,0.0050412,0.018821,0.017219,0.034179,0.11165,0.19901,0.28788,0.32314,0.39892,0.45265,0.50464,0.52984,0.60288,0.61852,0.63152,0.72736
0.4333,-0.0051226,0.0004118,0.0034935,0.011082,0.021862,0.031084,0.1132,0.19591,0.28788,0.32933,0.39273,0.44955,0.50618,0.53603,0.60288,0.62317,0.63152,0.73819
0.4334,-0.0051226,-0.0026835,0.0050412,0.015725,0.018766,0.035727,0.1101,0.20675,0.28323,0.33088,0.38963,0.44027,0.50309,0.53294,0.59979,0.62471,0.62533,0.73355
0.4335,-0.0066702,-0.0011358,0.0019459,0.023464,0.018766,0.035727,0.10701,0.19746,0.28478,0.32314,0.39118,0.44182,0.50309,0.53603,0.60288,0.61698,0.63771,0.73665
0.4336,-0.0082179,0.0004118,0.0050412,0.018821,0.021862,0.038822,0.10546,0.2052,0.28942,0.32005,0.39583,0.44027,0.50154,0.53294,0.60907,0.61388,0.63926,0.73819
0.4337,-0.0066702,-0.0026835,0.0019459,0.01263,0.018766,0.038822,0.099271,0.19901,0.28323,0.32005,0.39428,0.43408,0.50773,0.53294,0.60753,0.61233,0.63461,0.72736
0.4338,-0.0051226,-0.0057788,-0.0011494,0.021916,0.024957,0.04037,0.10546,0.19436,0.28014,0.32314,0.40202,0.44336,0.50773,0.54067,0.61217,0.61233,0.64235,0.73046
0.4339,-0.0051226,-0.0011358,0.0050412,0.023464,0.018766,0.038822,0.11475,0.18817,0.28633,0.3185,0.40202,0.44027,0.50618,0.53603,0.60288,0.62007,0.63616,0.72891
0.434,-0.0020273,-0.016612,0.0096841,0.021916,0.014123,0.034179,0.1101,0.19746,0.28478,0.32005,0.40047,0.44646,0.51083,0.54687,0.59979,0.62007,0.63307,0.72581
0.4341,-0.0082179,-0.0057788,0.014327,0.014178,0.021862,0.035727,0.11475,0.2052,0.28942,0.30921,0.39428,0.45884,0.49999,0.54377,0.59669,0.62317,0.63461,0.72272
0.4342,-0.0097655,0.0019594,0.0096841,0.014178,0.023409,0.035727,0.10856,0.19436,0.28478,0.3154,0.38963,0.45729,0.49535,0.53758,0.60753,0.62626,0.63461,0.72272
0.4343,-0.014408,-0.0026835,0.014327,0.0095347,0.024957,0.04037,0.10082,0.19901,0.28633,0.30766,0.40356,0.44491,0.50464,0.53913,0.59979,0.62936,0.63616,0.72581
0.4344,-0.0051226,0.0019594,0.0050412,0.011082,0.015671,0.032632,0.10701,0.18972,0.28168,0.30921,0.40047,0.44646,0.49999,0.54687,0.59824,0.62781,0.64081,0.71653
0.4345,-0.0082179,-0.0073264,0.0050412,0.0033442,0.011028,0.034179,0.10701,0.19746,0.27395,0.32005,0.39273,0.45729,0.49999,0.54532,0.5936,0.61698,0.63926,0.71034
0.4346,-0.0066702,-0.0088741,0.0050412,0.01263,0.014123,0.04037,0.1132,0.19436,0.27704,0.32005,0.40202,0.46039,0.50618,0.54377,0.59979,0.61543,0.64235,0.72272
0.4347,-0.0082179,-0.0088741,-0.0011494,0.018821,0.017219,0.04037,0.11165,0.19436,0.27395,0.32314,0.39737,0.4542,0.51083,0.54377,0.60753,0.61852,0.63926,0.72272
0.4348,-0.0097655,-0.0073264,0.0050412,0.020368,0.015671,0.037275,0.10701,0.19901,0.28478,0.33088,0.39892,0.45265,0.50618,0.55306,0.60907,0.62162,0.64081,0.71188
0.4349,-0.0020273,-0.0026835,0.0034935,0.018821,0.017219,0.037275,0.1132,0.19746,0.28788,0.32624,0.39892,0.44182,0.50618,0.54532,0.60288,0.61388,0.647,0.70879
0.435,-0.0051226,-0.0026835,0.0050412,0.015725,0.017219,0.032632,0.11165,0.19436,0.28168,0.32469,0.39273,0.44491,0.51547,0.54996,0.5936,0.62317,0.64081,0.71653
0.4351,-0.0097655,-0.0042311,0.0081364,0.025011,0.018766,0.034179,0.10701,0.19436,0.28478,0.3154,0.39892,0.43563,0.50773,0.54841,0.60443,0.62781,0.65164,0.71343
0.4352,-0.0097655,-0.0042311,0.0034935,0.015725,0.017219,0.04037,0.10546,0.2021,0.29252,0.3185,0.40975,0.43717,0.51547,0.54996,0.60443,0.62317,0.64854,0.71343
0.4353,-0.0097655,0.0050547,0.00039822,0.020368,0.020314,0.032632,0.10237,0.20675,0.29252,0.32469,0.4113,0.43717,0.50773,0.55151,0.59824,0.62936,0.64235,0.72736
0.4354,-0.0051226,0.0004118,-0.0011494,0.026559,0.018766,0.031084,0.10856,0.19746,0.28788,0.33088,0.4113,0.44491,0.51392,0.54532,0.59824,0.63245,0.63461,0.71498
0.4355,-0.003575,0.0004118,0.0034935,0.023464,0.023409,0.034179,0.1132,0.2052,0.29252,0.33552,0.40666,0.44646,0.50928,0.53913,0.60443,0.62781,0.63926,0.70724
0.4356,-0.0082179,0.0019594,0.00039822,0.020368,0.026505,0.032632,0.10546,0.20984,0.30026,0.33243,0.40666,0.44646,0.50618,0.54532,0.5936,0.62162,0.64854,0.71188
0.4357,-0.0051226,0.0050547,0.0034935,0.021916,0.023409,0.031084,0.10391,0.19436,0.28788,0.33707,0.40202,0.44491,0.50773,0.54687,0.59979,0.63864,0.66092,0.71962
0.4358,-0.0051226,-0.0011358,-0.0011494,0.015725,0.021862,0.035727,0.10701,0.19746,0.28633,0.32624,0.40047,0.4542,0.51237,0.54222,0.60288,0.62936,0.64081,0.71653
0.4359,-0.0097655,-0.0057788,0.0034935,0.018821,0.0094804,0.04037,0.10856,0.19901,0.28478,0.32778,0.40047,0.44646,0.4938,0.54067,0.60288,0.62007,0.647,0.71807
0.436,-0.003575,0.0019594,0.0065888,0.028106,0.024957,0.041918,0.10546,0.19591,0.28942,0.32933,0.39273,0.4542,0.48606,0.54067,0.59515,0.62471,0.64081,0.72272
0.4361,-0.015956,0.0004118,0.00039822,0.015725,0.024957,0.037275,0.10391,0.19436,0.28478,0.32933,0.40047,0.45265,0.49225,0.54377,0.58895,0.63245,0.647,0.70415
0.4362,-0.0097655,-0.0057788,0.0034935,0.015725,0.017219,0.032632,0.10082,0.20829,0.28788,0.33088,0.40047,0.45574,0.50618,0.54841,0.5905,0.62317,0.647,0.70415
0.4363,-0.0097655,-0.0073264,0.011232,0.01263,0.015671,0.035727,0.099271,0.2021,0.29252,0.32933,0.39737,0.46039,0.50154,0.55925,0.58586,0.61543,0.65473,0.71188
0.4364,-0.0097655,0.0004118,0.0081364,0.01263,0.017219,0.037275,0.10701,0.2052,0.28633,0.33397,0.39118,0.46967,0.4938,0.54532,0.58586,0.62317,0.65783,0.70724
0.4365,-0.014408,0.0035071,0.0019459,0.018821,0.021862,0.032632,0.10391,0.20365,0.28942,0.32624,0.38963,0.46039,0.4938,0.54532,0.58895,0.62007,0.65783,0.71188
0.4366,-0.003575,-0.0011358,0.0034935,0.021916,0.018766,0.027989,0.094628,0.19591,0.29097,0.32159,0.39892,0.44955,0.49225,0.54841,0.59669,0.63245,0.65319,0.70105
0.4367,-0.0082179,-0.0011358,0.011232,0.021916,0.021862,0.035727,0.10701,0.20675,0.29407,0.32469,0.39118,0.44955,0.48916,0.54996,0.59979,0.63245,0.65319,0.70105
0.4368,-0.0082179,0.0019594,0.0019459,0.020368,0.024957,0.035727,0.10391,0.19746,0.28942,0.3154,0.3788,0.4542,0.4938,0.54222,0.5905,0.62471,0.64854,0.70724
0.4369,0.0026156,-0.0026835,-0.0011494,0.011082,0.020314,0.029536,0.11784,0.19436,0.28788,0.32159,0.38963,0.4542,0.4938,0.53758,0.59669,0.62317,0.64081,0.71034
0.437,-0.0082179,0.0004118,0.0034935,0.0095347,0.024957,0.038822,0.11475,0.19901,0.28478,0.32778,0.39428,0.4542,0.4938,0.53758,0.60907,0.61543,0.64235,0.71498
0.4371,-0.0051226,-0.0057788,0.017422,0.014178,0.017219,0.035727,0.10546,0.20675,0.28323,0.33397,0.39892,0.4542,0.49999,0.54687,0.5936,0.61852,0.64545,0.71962
0.4372,-0.0020273,-0.0026835,0.0081364,0.015725,0.015671,0.04037,0.10237,0.2052,0.28788,0.32469,0.39892,0.44336,0.49535,0.54532,0.58741,0.60924,0.63926,0.70879
0.4373,-0.011313,-0.0042311,0.0065888,0.020368,0.018766,0.032632,0.10856,0.19901,0.28323,0.32159,0.39428,0.43872,0.4938,0.54687,0.5936,0.60769,0.63307,0.71343
0.4374,-0.0082179,0.0050547,0.0081364,0.021916,0.023409,0.032632,0.11165,0.19901,0.28168,0.3185,0.40511,0.43872,0.48761,0.55306,0.5936,0.61852,0.64545,0.72272
0.4375,-0.0097655,0.0019594,0.0081364,0.021916,0.015671,0.032632,0.1101,0.20829,0.28014,0.32005,0.40202,0.44336,0.49071,0.54222,0.5936,0.63245,0.63152,0.71343
0.4376,-0.0051226,-0.0057788,0.0019459,0.018821,0.020314,0.043465,0.11475,0.2021,0.28788,0.32624,0.39892,0.44182,0.4938,0.54841,0.59205,0.6309,0.62842,0.71498
0.4377,-0.003575,-0.0011358,0.00039822,0.021916,0.023409,0.035727,0.11165,0.2052,0.28323,0.32624,0.40356,0.45729,0.50464,0.54067,0.59205,0.63864,0.62997,0.70105
0.4378,-0.0097655,-0.0057788,-0.00734,0.014178,0.023409,0.032632,0.10237,0.20829,0.27859,0.32778,0.40047,0.44646,0.50464,0.54841,0.59979,0.62471,0.62069,0.71034
0.4379,-0.0082179,-0.0073264,0.0065888,0.01263,0.023409,0.032632,0.11165,0.19746,0.28478,0.32469,0.39583,0.44801,0.4969,0.54996,0.60443,0.62162,0.63152,0.71343
0.438,-0.0051226,0.0019594,0.0065888,0.020368,0.017219,0.034179,0.10546,0.19746,0.28633,0.32778,0.40666,0.45574,0.49999,0.54532,0.61372,0.62471,0.62842,0.71653
0.4381,-0.0097655,-0.0026835,0.0096841,0.014178,0.015671,0.045013,0.1101,0.19591,0.28323,0.32005,0.40666,0.4511,0.50618,0.54222,0.59979,0.62781,0.62533,0.71653
0.4382,-0.012861,0.0019594,0.0065888,0.025011,0.015671,0.04037,0.10237,0.20365,0.28788,0.32469,0.40202,0.45574,0.50309,0.55306,0.58741,0.62781,0.62688,0.71962
0.4383,-0.0082179,-0.0026835,0.0019459,0.025011,0.018766,0.038822,0.11165,0.20984,0.28014,0.33397,0.39583,0.45265,0.4969,0.54222,0.59669,0.634,0.62378,0.71343
0.4384,-0.003575,0.0019594,0.0019459,0.020368,0.017219,0.04037,0.1132,0.2052,0.28323,0.32314,0.38654,0.44336,0.49535,0.54687,0.59515,0.6309,0.64545,0.71498
0.4385,-0.0066702,0.0050547,0.0019459,0.020368,0.026505,0.038822,0.10856,0.20829,0.28014,0.3154,0.38963,0.4542,0.4969,0.53758,0.58895,0.6309,0.63926,0.72272
0.4386,-0.003575,-0.0042311,0.0050412,0.014178,0.018766,0.035727,0.1101,0.19436,0.27859,0.32469,0.39583,0.4511,0.4938,0.53448,0.60134,0.64483,0.63926,0.71498
0.4387,0.0026156,-0.0011358,0.0065888,0.01263,0.015671,0.029536,0.10701,0.19901,0.28633,0.33243,0.40047,0.44646,0.50928,0.53448,0.59824,0.63555,0.647,0.70569
0.4388,-0.0020273,0.0035071,0.0034935,0.014178,0.015671,0.037275,0.10391,0.2052,0.28633,0.33088,0.39428,0.44182,0.51392,0.52984,0.59824,0.63709,0.64545,0.70415
0.4389,-0.0097655,0.0066024,0.0019459,0.0095347,0.015671,0.035727,0.10701,0.20675,0.28478,0.31231,0.39892,0.44646,0.50618,0.53448,0.59824,0.63245,0.63461,0.71188
0.439,-0.0051226,0.0066024,-0.0011494,0.014178,0.020314,0.035727,0.1101,0.19591,0.28942,0.30766,0.40511,0.4542,0.49535,0.53603,0.59515,0.62781,0.63152,0.71034
0.4391,-0.017504,-0.0011358,0.0050412,0.020368,0.017219,0.037275,0.10701,0.2021,0.28942,0.3185,0.4113,0.44955,0.50773,0.54067,0.60288,0.62936,0.63926,0.71343
0.4392,-0.023694,-0.0042311,0.0065888,0.020368,0.017219,0.037275,0.10856,0.19591,0.28942,0.32314,0.40666,0.45729,0.50928,0.54532,0.60907,0.634,0.64081,0.72581
0.4393,-0.014408,0.0050547,-0.0042447,0.020368,0.0296,0.038822,0.10546,0.19436,0.29252,0.3154,0.40047,0.45729,0.50309,0.54377,0.60443,0.62781,0.63616,0.72891
0.4394,-0.014408,-0.0011358,-0.0011494,0.014178,0.0296,0.034179,0.12249,0.19746,0.28478,0.32314,0.39273,0.44491,0.49999,0.54687,0.60443,0.62317,0.63616,0.71498
0.4395,-0.012861,-0.0026835,-0.0026971,0.015725,0.021862,0.034179,0.10546,0.20365,0.29252,0.32005,0.39428,0.44182,0.50618,0.53758,0.59824,0.61852,0.64081,0.71034
0.4396,-0.0097655,-0.010422,0.0081364,0.018821,0.015671,0.034179,0.1101,0.19901,0.29252,0.32159,0.39273,0.44182,0.50928,0.54222,0.58895,0.63245,0.64235,0.70415
0.4397,-0.0051226,-0.0073264,0.0096841,0.020368,0.017219,0.037275,0.11165,0.20365,0.29097,0.32624,0.39273,0.44182,0.51702,0.53758,0.59205,0.63864,0.63307,0.71343
0.4398,-0.0051226,-0.0042311,0.0065888,0.020368,0.017219,0.037275,0.10546,0.19436,0.29252,0.31385,0.39428,0.43717,0.51547,0.53758,0.5936,0.63555,0.65164,0.71188
0.4399,-0.0082179,-0.0026835,0.0050412,0.018821,0.023409,0.032632,0.11165,0.19436,0.29252,0.31231,0.39428,0.43872,0.51083,0.55151,0.60288,0.63709,0.65009,0.70569
0.44,-0.0051226,-0.0026835,0.00039822,0.018821,0.026505,0.034179,0.10237,0.19436,0.29097,0.30147,0.39428,0.43872,0.50773,0.55615,0.58276,0.63709,0.63926,0.72427
0.4401,-0.0082179,0.0004118,0.0081364,0.020368,0.024957,0.04037,0.10391,0.19282,0.29561,0.30766,0.38809,0.44646,0.50618,0.53913,0.57967,0.64174,0.62997,0.71498
0.4402,-0.003575,0.0066024,0.0034935,0.018821,0.021862,0.035727,0.10856,0.19901,0.29561,0.31231,0.38963,0.44182,0.50464,0.53758,0.57503,0.64793,0.63152,0.71962
0.4403,-0.0097655,0.0035071,0.0019459,0.01263,0.020314,0.035727,0.10856,0.2021,0.29561,0.31231,0.38035,0.44646,0.50618,0.52984,0.58122,0.64019,0.63461,0.72427
0.4404,-0.0097655,-0.0011358,0.00039822,0.020368,0.017219,0.04037,0.10701,0.19436,0.28788,0.30766,0.3788,0.43717,0.51547,0.52984,0.58276,0.63709,0.63926,0.71343
0.4405,-0.0020273,-0.0026835,0.0050412,0.020368,0.023409,0.035727,0.1101,0.19746,0.28633,0.32314,0.3819,0.44491,0.50773,0.53294,0.58431,0.64019,0.65473,0.70879
0.4406,-0.0082179,0.0050547,0.0065888,0.018821,0.018766,0.038822,0.11939,0.19436,0.29252,0.3185,0.38499,0.43872,0.50464,0.52675,0.5936,0.64638,0.63926,0.71343
0.4407,-0.011313,0.0035071,-0.0011494,0.023464,0.023409,0.04037,0.11784,0.19901,0.28788,0.3185,0.38654,0.43872,0.51392,0.53758,0.59669,0.65721,0.63307,0.71498
0.4408,-0.0082179,0.0019594,0.0050412,0.020368,0.026505,0.037275,0.10701,0.2021,0.28478,0.31231,0.38499,0.45265,0.50773,0.51901,0.60288,0.65412,0.62688,0.71653
0.4409,-0.012861,0.0050547,0.0034935,0.021916,0.020314,0.029536,0.11939,0.19591,0.28323,0.31385,0.38499,0.4542,0.50773,0.52365,0.59515,0.64483,0.62997,0.72581
0.441,-0.017504,0.011245,0.0034935,0.020368,0.014123,0.035727,0.11939,0.20365,0.28942,0.3154,0.38035,0.44336,0.51083,0.53294,0.5936,0.64638,0.62223,0.72581
0.4411,-0.012861,0.00815,0.0065888,0.015725,0.018766,0.043465,0.11939,0.2021,0.28478,0.30921,0.3788,0.44182,0.50309,0.52984,0.59205,0.63555,0.61759,0.71653
0.4412,-0.0097655,0.0050547,0.0096841,0.011082,0.020314,0.043465,0.11629,0.19746,0.28323,0.32159,0.38035,0.43563,0.50928,0.52675,0.58895,0.63864,0.62378,0.71034
0.4413,-0.0082179,0.0019594,0.00039822,0.015725,0.026505,0.04037,0.1132,0.19901,0.28633,0.31695,0.38499,0.44336,0.50928,0.53448,0.58895,0.64483,0.63461,0.71962
0.4414,-0.003575,-0.0026835,0.0065888,0.014178,0.031147,0.041918,0.11475,0.19746,0.29252,0.31385,0.39428,0.44182,0.51702,0.53448,0.58741,0.64793,0.62997,0.71653
0.4415,-0.020599,0.0004118,0.0096841,0.014178,0.026505,0.035727,0.11784,0.2021,0.29407,0.3185,0.39892,0.44646,0.51856,0.53603,0.58895,0.65412,0.62688,0.72272
0.4416,-0.020599,0.0050547,0.0050412,0.0079871,0.020314,0.038822,0.11165,0.2052,0.29407,0.32778,0.38499,0.44027,0.50773,0.52984,0.59669,0.64793,0.63461,0.732
0.4417,-0.0097655,0.0035071,0.014327,0.014178,0.021862,0.034179,0.1132,0.19901,0.29097,0.32314,0.38809,0.44182,0.51083,0.53758,0.5936,0.65721,0.62997,0.71962
0.4418,-0.003575,0.0019594,0.011232,0.0064395,0.026505,0.034179,0.10701,0.20829,0.28633,0.3185,0.39892,0.4542,0.50618,0.52675,0.60907,0.64174,0.62378,0.71653
0.4419,-0.0097655,0.0019594,0.0050412,0.014178,0.021862,0.037275,0.10701,0.20829,0.28788,0.31695,0.39737,0.45574,0.50464,0.53913,0.59824,0.64174,0.61914,0.71188
0.442,-0.0051226,0.0035071,0.0081364,0.011082,0.021862,0.034179,0.10546,0.20984,0.28942,0.30612,0.38809,0.4542,0.50309,0.53603,0.59979,0.634,0.63461,0.71653
0.4421,-0.0082179,0.0004118,0.0034935,0.01263,0.018766,0.04037,0.11784,0.20675,0.28942,0.30921,0.39118,0.44336,0.50773,0.52984,0.59669,0.62471,0.63771,0.71807
0.4422,-0.0051226,-0.0042311,0.0034935,0.0095347,0.018766,0.043465,0.11475,0.18972,0.28323,0.31695,0.39583,0.43408,0.50773,0.5252,0.60753,0.634,0.63926,0.70724
0.4423,-0.0097655,-0.0011358,0.0019459,0.014178,0.023409,0.037275,0.11165,0.19591,0.28168,0.31695,0.39892,0.44182,0.50309,0.51127,0.59979,0.64174,0.63616,0.70879
0.4424,-0.0051226,0.0035071,0.0019459,0.020368,0.018766,0.035727,0.11475,0.19591,0.28633,0.31231,0.38963,0.44027,0.51237,0.5252,0.59669,0.64019,0.63461,0.71034
0.4425,-0.003575,-0.0042311,-0.0026971,0.020368,0.020314,0.035727,0.11475,0.18972,0.28633,0.3154,0.37571,0.44182,0.50928,0.53603,0.5936,0.64483,0.62997,0.70879
0.4426,-0.0082179,0.0004118,0.0050412,0.014178,0.018766,0.037275,0.11629,0.19127,0.28478,0.3154,0.38809,0.4511,0.49999,0.5252,0.5936,0.64174,0.63461,0.71188
0.4427,-0.0097655,0.0004118,-0.0011494,0.01263,0.024957,0.035727,0.11165,0.19591,0.28633,0.31385,0.38963,0.45884,0.51392,0.5221,0.60288,0.62936,0.64081,0.71188
0.4428,-0.0097655,0.0096977,0.0034935,0.0095347,0.024957,0.032632,0.10701,0.19746,0.28633,0.30457,0.3819,0.44955,0.52011,0.51901,0.59205,0.63864,0.63616,0.71343
0.4429,-0.0097655,0.0004118,-0.0011494,0.014178,0.018766,0.034179,0.11165,0.2052,0.28788,0.30766,0.38654,0.44491,0.50618,0.50972,0.59515,0.64793,0.63307,0.71188
0.443,-0.0066702,0.0004118,0.00039822,0.0095347,0.0079328,0.037275,0.11165,0.19901,0.28633,0.32159,0.39428,0.44336,0.4969,0.51901,0.5936,0.63864,0.64235,0.70569
0.4431,-0.003575,-0.010422,0.015875,0.018821,0.023409,0.045013,0.11165,0.2052,0.29097,0.32933,0.38809,0.4542,0.50928,0.51591,0.59669,0.64174,0.65164,0.71653
0.4432,-0.0051226,-0.010422,0.0019459,0.021916,0.021862,0.038822,0.10701,0.2052,0.29097,0.3154,0.3819,0.45265,0.50618,0.53294,0.59824,0.63864,0.647,0.72891
0.4433,-0.011313,0.0004118,0.0065888,0.018821,0.011028,0.037275,0.11939,0.2052,0.29097,0.32159,0.38499,0.44182,0.49999,0.53758,0.5936,0.63555,0.64854,0.71807
0.4434,-0.012861,0.0035071,0.014327,0.014178,0.018766,0.037275,0.11939,0.20675,0.29097,0.32314,0.39118,0.43717,0.50464,0.53913,0.5905,0.634,0.647,0.71807
0.4435,-0.0082179,0.0004118,0.0096841,0.025011,0.028052,0.038822,0.11165,0.19746,0.28478,0.31695,0.38035,0.44182,0.50618,0.54377,0.59824,0.634,0.63616,0.71807
0.4436,-0.003575,-0.0026835,0.0034935,0.021916,0.021862,0.048108,0.11475,0.19591,0.28788,0.3185,0.38809,0.44027,0.49999,0.54996,0.59515,0.62471,0.64081,0.71962
0.4437,0.0041632,0.00815,0.0081364,0.01263,0.026505,0.043465,0.12249,0.20984,0.29252,0.32778,0.39118,0.43563,0.50154,0.54067,0.61062,0.6309,0.647,0.72427
0.4438,-0.00047968,-0.0011358,0.015875,0.014178,0.018766,0.041918,0.12094,0.20365,0.29097,0.32469,0.38809,0.44182,0.50154,0.54222,0.59824,0.64174,0.64235,0.72891
0.4439,-0.0082179,-0.0011358,0.011232,0.01263,0.018766,0.041918,0.1132,0.20829,0.28323,0.3185,0.38809,0.43563,0.4969,0.53758,0.59205,0.63864,0.647,0.72272
0.444,-0.012861,0.0019594,0.0081364,0.01263,0.014123,0.038822,0.1132,0.20365,0.28633,0.32005,0.38654,0.44182,0.50464,0.53294,0.59824,0.62626,0.647,0.72427
0.4441,-0.012861,-0.0042311,0.0050412,0.020368,0.018766,0.037275,0.11629,0.20829,0.29252,0.32005,0.38963,0.44182,0.50154,0.53448,0.59979,0.6309,0.63926,0.71653
0.4442,-0.003575,0.0004118,0.0019459,0.018821,0.014123,0.032632,0.1101,0.2021,0.29407,0.32005,0.39118,0.44336,0.50464,0.53603,0.60288,0.63245,0.64235,0.72427
0.4443,-0.012861,-0.0026835,0.0019459,0.0095347,0.017219,0.041918,0.1132,0.19746,0.28942,0.3185,0.39273,0.44801,0.50773,0.53448,0.59669,0.62162,0.63926,0.72427
0.4444,-0.00047968,0.0004118,0.0096841,0.015725,0.020314,0.04037,0.1132,0.19901,0.28323,0.30766,0.38963,0.43408,0.49999,0.52829,0.59205,0.61852,0.647,0.71034
0.4445,-0.0051226,0.0019594,0.0050412,0.014178,0.026505,0.038822,0.11165,0.2021,0.29097,0.31385,0.37571,0.43408,0.49999,0.53603,0.57967,0.61543,0.64854,0.71034
0.4446,0.001068,0.0019594,0.0096841,0.020368,0.018766,0.037275,0.12249,0.2021,0.29252,0.3154,0.38963,0.44491,0.50618,0.53294,0.58586,0.61543,0.64854,0.7026
0.4447,-0.0020273,0.0004118,0.0081364,0.023464,0.020314,0.041918,0.1132,0.18663,0.28788,0.3185,0.38963,0.44027,0.50773,0.52829,0.57967,0.62781,0.65009,0.70724
0.4448,-0.003575,-0.0011358,0.0019459,0.020368,0.018766,0.04037,0.11629,0.19436,0.28942,0.32469,0.38963,0.44336,0.4938,0.52984,0.58431,0.63709,0.63616,0.70415
0.4449,0.001068,-0.0011358,0.014327,0.025011,0.021862,0.043465,0.11165,0.20829,0.28323,0.31695,0.39118,0.44182,0.49535,0.52829,0.57348,0.63709,0.63461,0.70415
0.445,-0.0097655,0.0019594,0.0096841,0.014178,0.026505,0.045013,0.10701,0.20984,0.28168,0.31695,0.39428,0.44182,0.50154,0.52675,0.57348,0.6309,0.63926,0.71034
0.4451,-0.0097655,0.0004118,0.0065888,0.01263,0.023409,0.037275,0.10546,0.2021,0.28478,0.32624,0.39892,0.44646,0.50154,0.52365,0.5905,0.62936,0.64235,0.72427
0.4452,-0.0066702,0.0019594,0.0065888,0.020368,0.020314,0.037275,0.11939,0.2052,0.28478,0.31695,0.39428,0.44182,0.4938,0.52056,0.58276,0.63864,0.65473,0.71962
0.4453,-0.014408,0.0035071,0.0081364,0.021916,0.014123,0.038822,0.11165,0.19901,0.27859,0.3185,0.39273,0.44182,0.49071,0.5252,0.58276,0.64019,0.64081,0.72272
0.4454,-0.014408,-0.0042311,0.0065888,0.01263,0.023409,0.043465,0.11165,0.2052,0.27859,0.33243,0.38963,0.4542,0.49071,0.52829,0.57967,0.64019,0.63616,0.71962
0.4455,-0.0097655,0.0019594,0.0034935,0.011082,0.023409,0.04037,0.10856,0.21448,0.28168,0.32933,0.3819,0.44491,0.50309,0.53294,0.58586,0.64019,0.62223,0.72427
0.4456,-0.0020273,0.0035071,0.0034935,0.011082,0.021862,0.043465,0.1101,0.21294,0.28478,0.32314,0.38499,0.44491,0.49071,0.54377,0.58586,0.64948,0.63152,0.72736
0.4457,0.001068,-0.0042311,0.00039822,0.01263,0.023409,0.043465,0.11939,0.21139,0.28168,0.32005,0.38035,0.44491,0.48761,0.53913,0.58895,0.64483,0.63616,0.72272
0.4458,-0.0051226,-0.0042311,0.0034935,0.014178,0.020314,0.037275,0.10856,0.20984,0.28478,0.32624,0.37725,0.44646,0.49071,0.54067,0.58741,0.63709,0.65164,0.72272
0.4459,-0.0082179,0.0004118,0.0034935,0.014178,0.023409,0.034179,0.10701,0.20365,0.28323,0.32778,0.38963,0.43253,0.49535,0.54067,0.57812,0.63555,0.64545,0.72891
0.446,-0.0066702,-0.0011358,0.00039822,0.0079871,0.023409,0.04037,0.11165,0.2021,0.28323,0.33243,0.39273,0.43253,0.49225,0.55151,0.59205,0.63245,0.64235,0.7351
0.4461,-0.0051226,0.0035071,0.00039822,0.014178,0.021862,0.034179,0.11939,0.2052,0.28323,0.32933,0.38963,0.43098,0.49225,0.54532,0.58276,0.63709,0.64854,0.73046
0.4462,-0.0051226,0.0004118,0.0034935,0.014178,0.023409,0.035727,0.11784,0.2052,0.28942,0.33243,0.39273,0.43098,0.49535,0.53913,0.57348,0.64483,0.64235,0.71498
0.4463,-0.0082179,-0.0042311,0.0096841,0.021916,0.020314,0.038822,0.11165,0.19282,0.28633,0.32624,0.39737,0.43098,0.4938,0.54067,0.58122,0.64174,0.64545,0.71498
0.4464,-0.003575,-0.0026835,0.0034935,0.015725,0.020314,0.027989,0.11475,0.19436,0.28323,0.30921,0.40047,0.43563,0.50464,0.53603,0.58122,0.64483,0.65319,0.71807
0.4465,-0.014408,-0.0042311,0.0019459,0.021916,0.017219,0.029536,0.1101,0.19436,0.2724,0.30921,0.39428,0.43563,0.51392,0.53448,0.58122,0.64174,0.64545,0.72736
0.4466,-0.012861,-0.0026835,0.0096841,0.011082,0.021862,0.043465,0.10391,0.19901,0.2693,0.3185,0.39273,0.43408,0.50309,0.54687,0.58895,0.63864,0.63926,0.72427
0.4467,-0.0082179,-0.011969,-0.0026971,0.01263,0.018766,0.045013,0.11165,0.2021,0.27395,0.3154,0.38809,0.43408,0.49999,0.53758,0.58276,0.63709,0.63616,0.71653
0.4468,-0.0097655,-0.0088741,-0.0026971,0.018821,0.024957,0.041918,0.12094,0.19901,0.2724,0.31385,0.38654,0.43098,0.4969,0.53758,0.58122,0.62936,0.64081,0.71962
0.4469,-0.0051226,-0.0057788,0.0096841,0.015725,0.020314,0.041918,0.12094,0.19127,0.27395,0.32314,0.3819,0.43098,0.49999,0.54377,0.57657,0.63245,0.63926,0.71807
0.447,-0.012861,-0.010422,0.0081364,0.014178,0.011028,0.04037,0.12094,0.2021,0.28323,0.31231,0.39118,0.42634,0.4969,0.54067,0.57967,0.63709,0.63926,0.71807
0.4471,-0.0082179,-0.0026835,0.0065888,0.014178,0.021862,0.035727,0.10856,0.20365,0.29407,0.30612,0.39428,0.43098,0.49071,0.54222,0.58586,0.63555,0.63771,0.71962
0.4472,-0.0051226,-0.0026835,0.0050412,0.014178,0.021862,0.04037,0.11165,0.19901,0.28478,0.30766,0.38809,0.42943,0.50464,0.54841,0.58276,0.63709,0.63616,0.72581
0.4473,-0.0082179,0.0035071,0.0081364,0.0033442,0.018766,0.04037,0.12403,0.20675,0.28014,0.30921,0.38963,0.42943,0.51237,0.54841,0.58431,0.634,0.63461,0.72272
0.4474,-0.0082179,0.0004118,0.0065888,0.0064395,0.021862,0.048108,0.1101,0.20365,0.28168,0.30766,0.38035,0.43872,0.4969,0.54067,0.58276,0.62317,0.63307,0.71653
0.4475,-0.012861,-0.0042311,0.0034935,0.0095347,0.026505,0.035727,0.11165,0.20365,0.28014,0.30766,0.38035,0.43098,0.48606,0.52365,0.58895,0.62007,0.62997,0.71653
0.4476,-0.0097655,-0.0042311,-0.0011494,0.020368,0.020314,0.04037,0.1132,0.21294,0.27859,0.32005,0.38035,0.43098,0.4969,0.52984,0.57038,0.63245,0.63461,0.72427
0.4477,-0.0082179,0.0019594,0.0034935,0.01263,0.018766,0.045013,0.11629,0.20984,0.28168,0.32159,0.38809,0.43717,0.4938,0.54377,0.56729,0.63245,0.63926,0.732
0.4478,-0.017504,-0.0011358,0.0050412,0.014178,0.021862,0.041918,0.11165,0.20365,0.28014,0.31231,0.3819,0.43717,0.50154,0.54222,0.56574,0.62007,0.63616,0.72891
0.4479,-0.0097655,-0.0011358,0.0096841,0.011082,0.015671,0.045013,0.1132,0.20365,0.28478,0.3185,0.37416,0.43253,0.50464,0.52829,0.5611,0.62471,0.63616,0.72581
0.448,-0.0082179,-0.0088741,0.0065888,0.023464,0.020314,0.034179,0.11165,0.20365,0.28168,0.3185,0.3819,0.43098,0.49999,0.53758,0.57193,0.62317,0.64081,0.71653
0.4481,-0.0051226,0.0066024,0.0019459,0.023464,0.023409,0.043465,0.11629,0.2021,0.28323,0.31695,0.38499,0.43872,0.4938,0.54532,0.57657,0.61852,0.64081,0.71962
0.4482,-0.014408,0.0004118,0.0050412,0.025011,0.026505,0.048108,0.12094,0.20365,0.28323,0.31695,0.3819,0.44182,0.4938,0.55151,0.57348,0.62007,0.63926,0.72891
0.4483,-0.0051226,-0.0057788,0.0019459,0.021916,0.026505,0.045013,0.12249,0.2021,0.28478,0.32314,0.37571,0.44182,0.49071,0.54377,0.56729,0.62007,0.63926,0.73046
0.4484,-0.012861,-0.0026835,0.0034935,0.018821,0.0296,0.043465,0.11165,0.19436,0.28014,0.32778,0.3819,0.43717,0.4969,0.53603,0.58122,0.62626,0.62997,0.74284
0.4485,-0.012861,0.0004118,0.0034935,0.011082,0.023409,0.049656,0.1132,0.19591,0.2724,0.32469,0.38654,0.43717,0.50309,0.53603,0.57193,0.61698,0.62997,0.72427
0.4486,-0.0097655,0.0004118,0.014327,0.0095347,0.028052,0.034179,0.11475,0.19746,0.27859,0.32933,0.3819,0.43872,0.50464,0.54222,0.56574,0.62317,0.63616,0.732
0.4487,-0.0051226,0.0035071,0.0081364,0.023464,0.0296,0.037275,0.11939,0.19591,0.28478,0.33397,0.38809,0.44336,0.4938,0.54532,0.57193,0.6309,0.63461,0.74438
0.4488,-0.0082179,0.0004118,0.011232,0.023464,0.021862,0.041918,0.11784,0.19746,0.28478,0.32314,0.38963,0.43563,0.49071,0.54841,0.57193,0.63709,0.63771,0.73665
0.4489,-0.011313,-0.0011358,0.0081364,0.018821,0.017219,0.043465,0.11939,0.19436,0.28168,0.32469,0.39428,0.43717,0.49071,0.54377,0.57038,0.64483,0.63307,0.73974
0.449,-0.017504,-0.0073264,0.0081364,0.031202,0.018766,0.048108,0.12094,0.18817,0.28014,0.33707,0.39892,0.43717,0.49071,0.54377,0.55645,0.63245,0.63616,0.74748
0.4491,-0.012861,-0.010422,0.0034935,0.032749,0.020314,0.04037,0.11784,0.19591,0.28014,0.33552,0.39273,0.43408,0.49225,0.53448,0.55336,0.61698,0.63307,0.74748
0.4492,-0.014408,-0.0073264,0.0034935,0.015725,0.020314,0.032632,0.11165,0.19746,0.28633,0.32933,0.38654,0.43408,0.49999,0.52984,0.558,0.62162,0.62997,0.74438
0.4493,-0.012861,-0.0026835,0.0065888,0.01263,0.023409,0.038822,0.11939,0.20365,0.28942,0.33397,0.37571,0.43408,0.50309,0.53913,0.55645,0.62317,0.62223,0.73819
0.4494,-0.012861,-0.0026835,0.0034935,0.025011,0.023409,0.049656,0.11475,0.19746,0.29252,0.32933,0.38963,0.43717,0.50154,0.53294,0.55955,0.62781,0.61914,0.72736
0.4495,-0.017504,-0.0073264,0.0034935,0.020368,0.021862,0.043465,0.11939,0.21139,0.29871,0.32778,0.39892,0.43253,0.49999,0.53603,0.56265,0.62936,0.62378,0.732
0.4496,-0.0020273,-0.0057788,0.0050412,0.020368,0.020314,0.04037,0.11784,0.19901,0.29561,0.32933,0.39118,0.43563,0.50618,0.53448,0.56419,0.62471,0.62842,0.71807
0.4497,-0.0097655,-0.0026835,0.0019459,0.020368,0.020314,0.045013,0.11165,0.19746,0.29252,0.32624,0.38654,0.42943,0.49999,0.53448,0.55181,0.61698,0.62997,0.72736
0.4498,-0.0097655,0.0035071,0.0081364,0.021916,0.024957,0.052751,0.10856,0.20365,0.28323,0.32005,0.37416,0.43253,0.48916,0.53448,0.5611,0.61852,0.63771,0.72581
0.4499,-0.015956,0.0050547,0.015875,0.021916,0.020314,0.04037,0.10701,0.2052,0.28478,0.32159,0.37571,0.44491,0.49225,0.54532,0.5611,0.62626,0.62997,0.71498
0.45,-0.020599,0.0066024,0.0065888,0.015725,0.021862,0.035727,0.10856,0.19901,0.28168,0.3185,0.36952,0.44027,0.4938,0.55306,0.57812,0.61852,0.62223,0.72427
0.4501,-0.017504,0.0050547,0.0050412,0.023464,0.017219,0.045013,0.10546,0.20675,0.28633,0.31231,0.3788,0.44027,0.4938,0.54687,0.58741,0.62007,0.62842,0.72427
0.4502,-0.0097655,-0.0011358,0.0019459,0.025011,0.020314,0.045013,0.11165,0.20365,0.27704,0.31695,0.38809,0.44027,0.4969,0.55306,0.58431,0.61388,0.63616,0.70724
0.4503,-0.0082179,-0.0057788,0.0081364,0.020368,0.015671,0.045013,0.10856,0.19591,0.28014,0.32005,0.38499,0.44336,0.50464,0.55925,0.58895,0.61698,0.63616,0.71807
0.4504,-0.0051226,-0.0073264,0.0065888,0.018821,0.0296,0.041918,0.11165,0.18817,0.27704,0.3185,0.38035,0.43717,0.4969,0.54841,0.58895,0.62781,0.64235,0.73046
0.4505,-0.0066702,-0.0026835,0.0081364,0.021916,0.028052,0.043465,0.11475,0.2052,0.27704,0.3185,0.38654,0.44182,0.49535,0.53758,0.58895,0.634,0.63616,0.70879
0.4506,-0.0066702,0.0019594,0.011232,0.020368,0.023409,0.043465,0.10391,0.2021,0.28168,0.31385,0.39428,0.44336,0.50464,0.54841,0.59515,0.63555,0.62223,0.70415
0.4507,-0.0020273,-0.0011358,0.00039822,0.0095347,0.026505,0.046561,0.10701,0.2052,0.28168,0.32159,0.38654,0.43717,0.49999,0.54377,0.5936,0.6309,0.62533,0.71034
0.4508,-0.0066702,0.0066024,0.0034935,0.011082,0.023409,0.043465,0.10701,0.19746,0.28478,0.3154,0.38499,0.42943,0.50154,0.54996,0.59205,0.61388,0.62378,0.71034
0.4509,-0.003575,0.00815,0.0081364,0.021916,0.026505,0.043465,0.1132,0.19282,0.29097,0.30766,0.38809,0.43408,0.49071,0.53758,0.58122,0.61233,0.62533,0.71807
0.451,-0.0051226,0.0019594,0.0065888,0.018821,0.021862,0.046561,0.10856,0.19127,0.28478,0.3185,0.38963,0.43098,0.48761,0.54996,0.58895,0.60924,0.62533,0.72272
0.4511,-0.0051226,0.00815,0.0019459,0.018821,0.024957,0.041918,0.10391,0.19436,0.28633,0.31231,0.38963,0.42943,0.49071,0.54841,0.59205,0.61233,0.62378,0.72581
0.4512,-0.00047968,-0.0011358,0.0081364,0.014178,0.024957,0.045013,0.10701,0.18972,0.29407,0.31695,0.38809,0.43872,0.48297,0.54067,0.58431,0.61078,0.62223,0.72891
0.4513,-0.0066702,-0.0042311,0.0065888,0.0095347,0.023409,0.048108,0.10856,0.19901,0.29407,0.32005,0.39583,0.44336,0.48761,0.53294,0.57812,0.62162,0.62069,0.72736
0.4514,-0.0082179,0.0004118,0.0096841,0.015725,0.028052,0.035727,0.1132,0.19591,0.28788,0.32778,0.39737,0.42789,0.48761,0.53448,0.57967,0.6309,0.61914,0.72891
0.4515,-0.0097655,0.0019594,0.0034935,0.021916,0.015671,0.037275,0.11165,0.20365,0.28014,0.3185,0.39273,0.42789,0.48452,0.5252,0.59515,0.61698,0.62688,0.72736
0.4516,-0.014408,-0.0011358,0.0081364,0.01263,0.018766,0.035727,0.11165,0.2021,0.28323,0.31385,0.40047,0.42943,0.48916,0.52675,0.58895,0.61233,0.62997,0.71498
0.4517,-0.0066702,-0.0073264,0.0096841,0.020368,0.020314,0.04037,0.10856,0.20365,0.28323,0.32005,0.39428,0.42943,0.48452,0.53294,0.57348,0.61388,0.64545,0.70415
0.4518,-0.003575,-0.0011358,0.0050412,0.014178,0.021862,0.037275,0.11165,0.19591,0.28788,0.3185,0.39118,0.44027,0.4969,0.53758,0.58586,0.61233,0.64081,0.70879
0.4519,0.001068,0.0050547,0.017422,0.0079871,0.021862,0.035727,0.11475,0.20365,0.29097,0.31231,0.39118,0.44182,0.49535,0.53603,0.59205,0.61388,0.64081,0.71343
0.452,-0.0020273,0.0004118,0.0050412,0.011082,0.023409,0.041918,0.11629,0.20365,0.27704,0.32005,0.38809,0.43717,0.49535,0.52984,0.57967,0.61852,0.64854,0.72581
0.4521,-0.0097655,-0.0011358,0.0034935,0.014178,0.0079328,0.043465,0.10856,0.19746,0.28014,0.33397,0.38809,0.44027,0.4938,0.53603,0.57967,0.61698,0.65009,0.71653
0.4522,-0.012861,0.00815,0.0096841,0.023464,0.017219,0.037275,0.10856,0.18972,0.28478,0.32005,0.39273,0.44182,0.49071,0.52675,0.57038,0.61078,0.63616,0.71188
0.4523,-0.0097655,0.0004118,0.0081364,0.015725,0.024957,0.043465,0.11475,0.19436,0.29561,0.3154,0.39892,0.43563,0.49535,0.5252,0.57348,0.61698,0.63771,0.7026
0.4524,-0.014408,0.0050547,0.0050412,0.0079871,0.0296,0.041918,0.1101,0.18972,0.29252,0.30921,0.39892,0.43253,0.50773,0.52675,0.58895,0.6309,0.62533,0.69641
0.4525,-0.0097655,0.0035071,-0.0011494,0.018821,0.021862,0.029536,0.099271,0.19591,0.29407,0.30302,0.39273,0.43872,0.50154,0.53294,0.58276,0.61388,0.62997,0.69022
0.4526,-0.017504,0.0004118,0.00039822,0.014178,0.015671,0.032632,0.10391,0.19436,0.29097,0.30612,0.38499,0.44646,0.4969,0.53758,0.59669,0.62162,0.62997,0.70569
0.4527,-0.019051,0.0050547,-0.0026971,0.01263,0.018766,0.04037,0.10856,0.18817,0.28323,0.31695,0.3819,0.43872,0.4938,0.52829,0.59824,0.62471,0.62842,0.72272
0.4528,-0.0066702,0.011245,-0.0011494,0.020368,0.020314,0.035727,0.10082,0.18972,0.27859,0.3185,0.38963,0.44336,0.49535,0.53448,0.58741,0.62936,0.62842,0.71653
0.4529,0.001068,-0.0011358,0.0019459,0.01263,0.023409,0.045013,0.094628,0.19127,0.27085,0.3154,0.3819,0.43872,0.48606,0.53448,0.58276,0.62162,0.62378,0.70879
0.453,-0.0082179,-0.0011358,0.0081364,0.01263,0.0296,0.035727,0.10701,0.19127,0.2724,0.30612,0.39118,0.44182,0.48452,0.53758,0.58741,0.62317,0.62378,0.71188
0.4531,-0.012861,0.0035071,0.0065888,0.023464,0.020314,0.04037,0.10391,0.2052,0.28168,0.31231,0.38963,0.44336,0.47987,0.54067,0.58586,0.62007,0.61759,0.71343
0.4532,-0.0066702,0.0096977,0.0065888,0.018821,0.017219,0.041918,0.10391,0.19436,0.27395,0.3185,0.38963,0.43563,0.48606,0.53448,0.58431,0.62471,0.61759,0.71653
0.4533,-0.003575,0.00815,0.0065888,0.011082,0.026505,0.043465,0.10391,0.18817,0.27395,0.32159,0.39273,0.43563,0.48916,0.51746,0.58276,0.62317,0.61914,0.72272
0.4534,-0.012861,0.0035071,0.0034935,0.015725,0.023409,0.046561,0.099271,0.19901,0.28633,0.32314,0.39118,0.42943,0.48606,0.52056,0.58431,0.634,0.62223,0.71343
0.4535,-0.012861,0.0066024,0.0034935,0.015725,0.014123,0.049656,0.10701,0.19436,0.28168,0.32005,0.40047,0.42324,0.48916,0.51901,0.58431,0.62471,0.63461,0.70724
0.4536,0.001068,-0.0011358,0.0050412,0.0079871,0.028052,0.041918,0.11165,0.18817,0.28168,0.32469,0.40047,0.4217,0.49071,0.52829,0.58895,0.63709,0.64545,0.70879
0.4537,-0.00047968,-0.0042311,0.0034935,0.015725,0.020314,0.04037,0.11784,0.17889,0.29097,0.31231,0.39273,0.42943,0.4969,0.52984,0.58741,0.63245,0.65164,0.71962
0.4538,-0.003575,0.0035071,0.0050412,0.028106,0.023409,0.041918,0.11784,0.17734,0.27859,0.3154,0.39892,0.42789,0.49071,0.5221,0.57967,0.62936,0.63307,0.71188
0.4539,-0.0020273,-0.0026835,-0.0042447,0.01263,0.020314,0.043465,0.1132,0.19591,0.28633,0.31231,0.39583,0.43563,0.48916,0.52675,0.58122,0.62626,0.62997,0.69796
0.454,-0.0051226,0.0004118,0.0034935,0.025011,0.024957,0.043465,0.11165,0.18663,0.28168,0.30457,0.39892,0.42789,0.49225,0.51901,0.59205,0.62781,0.63461,0.7026
0.4541,-0.0066702,0.0066024,-0.0011494,0.025011,0.018766,0.04037,0.1101,0.18972,0.28788,0.30612,0.39428,0.43408,0.4969,0.51282,0.58122,0.62317,0.63307,0.71498
0.4542,-0.0082179,0.00815,-0.0011494,0.023464,0.020314,0.038822,0.10856,0.19746,0.28788,0.31231,0.39428,0.44182,0.49071,0.51591,0.57967,0.62781,0.63307,0.71343
0.4543,-0.015956,0.0019594,0.0050412,0.018821,0.026505,0.04037,0.10856,0.19746,0.28788,0.3154,0.39892,0.45574,0.49225,0.51901,0.58276,0.61852,0.64235,0.71807
0.4544,-0.0097655,0.0066024,0.0019459,0.011082,0.028052,0.038822,0.10546,0.19591,0.27859,0.32933,0.39273,0.44955,0.49225,0.52056,0.58122,0.62007,0.64854,0.70879
0.4545,-0.011313,-0.0042311,0.0065888,0.0017965,0.028052,0.041918,0.10701,0.19746,0.28168,0.32778,0.39737,0.44646,0.48761,0.5252,0.58586,0.634,0.64235,0.6995
0.4546,-0.014408,-0.0073264,0.0034935,0.01263,0.021862,0.043465,0.10391,0.2052,0.28323,0.32933,0.39892,0.43717,0.48142,0.51591,0.58741,0.62162,0.62842,0.6995
0.4547,-0.012861,-0.0026835,0.011232,0.018821,0.020314,0.048108,0.10391,0.21139,0.28633,0.32469,0.39583,0.44027,0.48142,0.52056,0.58431,0.62471,0.62997,0.70569
0.4548,-0.0082179,-0.0011358,0.011232,0.018821,0.023409,0.041918,0.10701,0.2052,0.28168,0.32005,0.39118,0.43253,0.48452,0.53294,0.5905,0.634,0.62842,0.70879
0.4549,-0.014408,0.0004118,0.0050412,0.011082,0.018766,0.034179,0.10856,0.20365,0.28478,0.32314,0.39273,0.44182,0.49071,0.52829,0.58895,0.62936,0.62997,0.70879
0.455,-0.0082179,0.0035071,0.0050412,0.015725,0.021862,0.045013,0.10391,0.2052,0.28168,0.31385,0.39273,0.44801,0.49225,0.52056,0.59979,0.62781,0.62533,0.71498
0.4551,-0.0097655,0.0004118,0.0050412,0.021916,0.015671,0.046561,0.10391,0.19746,0.28633,0.31231,0.39583,0.44336,0.48761,0.52829,0.58741,0.63555,0.62223,0.71807
0.4552,-0.011313,0.0019594,0.014327,0.020368,0.020314,0.043465,0.10082,0.2052,0.29561,0.31385,0.39118,0.44646,0.50464,0.51127,0.5936,0.63864,0.62533,0.71962
0.4553,-0.0082179,0.00815,0.0065888,0.014178,0.020314,0.043465,0.10856,0.2052,0.29097,0.3154,0.38499,0.44491,0.50464,0.51282,0.5905,0.63245,0.64235,0.70879
0.4554,-0.0097655,0.0004118,0.0096841,0.01263,0.018766,0.038822,0.10237,0.20365,0.29252,0.30766,0.38654,0.43717,0.50618,0.52675,0.59205,0.62471,0.65164,0.71034
0.4555,-0.012861,0.0019594,0.0081364,0.018821,0.026505,0.041918,0.10546,0.19901,0.29252,0.31231,0.40047,0.44646,0.49535,0.52984,0.59205,0.61388,0.63616,0.71498
0.4556,-0.011313,-0.0073264,0.011232,0.018821,0.015671,0.038822,0.10082,0.20365,0.28478,0.3154,0.39273,0.44491,0.48761,0.54067,0.59515,0.60924,0.62533,0.71343
0.4557,-0.020599,-0.0042311,0.011232,0.011082,0.018766,0.041918,0.10856,0.20365,0.28942,0.31385,0.38963,0.44801,0.48606,0.53758,0.60288,0.61852,0.62997,0.72736
0.4558,-0.015956,-0.0042311,0.0050412,0.01263,0.017219,0.045013,0.11165,0.2052,0.29561,0.30921,0.38499,0.45265,0.48606,0.52984,0.61062,0.61388,0.63461,0.72581
0.4559,-0.015956,-0.0057788,0.014327,0.015725,0.024957,0.034179,0.10237,0.20829,0.28788,0.29838,0.38499,0.43717,0.49225,0.53448,0.59824,0.62007,0.62997,0.72736
0.456,-0.0097655,-0.0057788,0.011232,0.018821,0.0296,0.041918,0.099271,0.20365,0.28478,0.3154,0.39892,0.43408,0.49071,0.54841,0.59205,0.62007,0.62533,0.72581
0.4561,-0.0097655,0.0019594,0.00039822,0.021916,0.017219,0.038822,0.10856,0.19591,0.28323,0.31231,0.38963,0.42943,0.48916,0.53294,0.59515,0.61233,0.62533,0.71188
0.4562,-0.0051226,0.0019594,-0.0026971,0.015725,0.0079328,0.035727,0.1101,0.18972,0.28168,0.31231,0.39118,0.43253,0.48761,0.5221,0.59979,0.61078,0.62378,0.72272
0.4563,-0.0066702,0.0050547,0.0050412,0.014178,0.017219,0.04037,0.10237,0.19901,0.28788,0.31231,0.39428,0.44646,0.47523,0.52675,0.58741,0.61543,0.62069,0.71962
0.4564,-0.0097655,0.0050547,0.0050412,0.021916,0.021862,0.046561,0.10391,0.19436,0.3018,0.30612,0.38654,0.44801,0.47987,0.51746,0.59824,0.61852,0.62223,0.71188
0.4565,-0.012861,0.0035071,0.00039822,0.025011,0.021862,0.043465,0.10082,0.18972,0.29561,0.31385,0.38499,0.44027,0.47987,0.51591,0.60288,0.634,0.62378,0.71653
0.4566,-0.012861,0.0035071,0.0081364,0.020368,0.0296,0.037275,0.10856,0.19436,0.28788,0.30612,0.3819,0.43872,0.47987,0.51282,0.58586,0.62936,0.61914,0.732
0.4567,-0.014408,0.0066024,0.0081364,0.025011,0.024957,0.035727,0.094628,0.18663,0.28633,0.30921,0.39737,0.43408,0.47987,0.52056,0.58586,0.62007,0.62223,0.72891
0.4568,-0.0082179,0.0050547,0.0096841,0.018821,0.021862,0.04037,0.097723,0.18972,0.28323,0.30612,0.39428,0.43098,0.49071,0.52984,0.5905,0.61698,0.63771,0.73819
0.4569,-0.0082179,0.0019594,0.0065888,0.020368,0.0296,0.045013,0.10701,0.2052,0.28168,0.31231,0.40202,0.42324,0.49225,0.53448,0.58895,0.62471,0.63771,0.72581
0.457,-0.0051226,-0.0026835,0.011232,0.014178,0.017219,0.046561,0.10546,0.21139,0.28788,0.30921,0.40047,0.43563,0.48452,0.53758,0.58741,0.62317,0.61914,0.71498
0.4571,-0.0082179,-0.0011358,0.0081364,0.026559,0.0079328,0.038822,0.097723,0.20365,0.29561,0.30612,0.38963,0.44336,0.47368,0.5252,0.58122,0.6309,0.62688,0.71034
0.4572,-0.00047968,0.00815,0.014327,0.014178,0.020314,0.04037,0.10391,0.20675,0.28478,0.31231,0.38809,0.44336,0.48452,0.51127,0.58586,0.62007,0.62842,0.71343
0.4573,-0.00047968,0.0035071,0.0081364,0.014178,0.020314,0.043465,0.10856,0.2021,0.28788,0.31385,0.39118,0.44491,0.48761,0.51591,0.59669,0.61543,0.62069,0.71807
0.4574,-0.0097655,0.0035071,0.0081364,0.018821,0.020314,0.041918,0.1101,0.19591,0.28478,0.31385,0.39428,0.43872,0.47987,0.52675,0.59669,0.61698,0.62997,0.72272
0.4575,-0.019051,-0.0011358,0.014327,0.0095347,0.011028,0.038822,0.1101,0.20365,0.28942,0.30612,0.39892,0.43253,0.48606,0.53294,0.59205,0.62317,0.62842,0.71498
0.4576,-0.0066702,0.0019594,0.017422,0.018821,0.018766,0.048108,0.1132,0.20675,0.29716,0.31231,0.39428,0.43563,0.49225,0.53603,0.58895,0.62781,0.62997,0.72272
0.4577,-0.011313,0.0004118,0.0081364,0.018821,0.021862,0.041918,0.10546,0.2052,0.28633,0.30921,0.39118,0.44491,0.48761,0.53448,0.58122,0.62936,0.62069,0.71653
0.4578,-0.014408,0.0004118,0.0034935,0.01263,0.026505,0.041918,0.10701,0.19746,0.28633,0.30147,0.39118,0.44027,0.4938,0.53448,0.58431,0.63245,0.6145,0.71653
0.4579,-0.00047968,-0.0011358,0.0081364,0.0079871,0.023409,0.04037,0.10856,0.20829,0.28478,0.30612,0.39118,0.43717,0.48142,0.52829,0.57812,0.62471,0.62378,0.70724
0.458,-0.0051226,-0.0042311,0.0081364,0.0095347,0.020314,0.043465,0.11165,0.19746,0.28168,0.31385,0.39892,0.44491,0.48142,0.53603,0.57657,0.62007,0.62378,0.7026
0.4581,-0.0097655,0.0019594,0.0050412,0.018821,0.026505,0.04037,0.11629,0.20829,0.27859,0.3154,0.39892,0.44491,0.48452,0.53448,0.57967,0.61543,0.62842,0.71188
0.4582,-0.0066702,0.0004118,-0.0026971,0.021916,0.021862,0.034179,0.11165,0.20829,0.28014,0.31231,0.39273,0.43872,0.48606,0.53294,0.57967,0.63245,0.62997,0.6995
0.4583,-0.014408,-0.0088741,0.0019459,0.015725,0.023409,0.035727,0.10391,0.2021,0.28633,0.31385,0.38654,0.44801,0.4938,0.52984,0.58122,0.63709,0.62378,0.6995
0.4584,-0.003575,-0.0026835,0.0019459,0.020368,0.021862,0.032632,0.1101,0.19746,0.28788,0.30921,0.3819,0.44801,0.49071,0.53294,0.58276,0.62317,0.62223,0.71188
0.4585,-0.0051226,0.0004118,0.0081364,0.021916,0.021862,0.037275,0.1101,0.19591,0.28633,0.31385,0.39273,0.44182,0.49535,0.53758,0.57503,0.62162,0.62069,0.71188
0.4586,-0.0066702,-0.0073264,0.0065888,0.025011,0.023409,0.041918,0.10856,0.2021,0.28942,0.30766,0.39428,0.44801,0.4938,0.54067,0.57657,0.634,0.61759,0.71034
0.4587,-0.012861,-0.0042311,0.0065888,0.0095347,0.017219,0.046561,0.11165,0.2052,0.28788,0.29993,0.39892,0.44491,0.50618,0.54532,0.58431,0.63709,0.60985,0.71034
0.4588,-0.003575,0.0019594,-0.0011494,0.01263,0.026505,0.041918,0.10701,0.20365,0.29252,0.31695,0.39273,0.43872,0.50464,0.54377,0.57348,0.62781,0.61604,0.71343
0.4589,-0.0066702,0.0019594,0.0019459,0.0095347,0.021862,0.04037,0.10391,0.20829,0.29561,0.3154,0.39118,0.43563,0.49999,0.53294,0.57038,0.62317,0.61295,0.71343
0.459,-0.003575,0.0035071,0.0096841,0.0064395,0.021862,0.037275,0.10856,0.2021,0.28788,0.3154,0.40202,0.44027,0.4938,0.54532,0.57348,0.62007,0.61759,0.70415
0.4591,-0.003575,0.0004118,0.0050412,0.020368,0.021862,0.048108,0.1101,0.19901,0.28788,0.31385,0.39583,0.44182,0.4938,0.54841,0.57038,0.6309,0.61914,0.6995
0.4592,-0.011313,0.0035071,0.0050412,0.018821,0.021862,0.041918,0.1101,0.21139,0.28478,0.31385,0.39892,0.43872,0.49999,0.53913,0.57812,0.62781,0.62223,0.70415
0.4593,0.001068,0.0019594,0.0081364,0.0095347,0.0094804,0.046561,0.10082,0.21139,0.29097,0.32314,0.39428,0.43872,0.48916,0.53603,0.56574,0.63709,0.61914,0.70724
0.4594,-0.0051226,0.0050547,0.0081364,0.01263,0.018766,0.04037,0.099271,0.21139,0.28788,0.32933,0.40356,0.43717,0.4938,0.54222,0.57812,0.64019,0.62223,0.70879
0.4595,-0.0051226,0.0035071,0.0034935,0.018821,0.017219,0.043465,0.10237,0.20984,0.29716,0.32314,0.39428,0.44182,0.49535,0.54687,0.58122,0.63245,0.62378,0.70569
0.4596,-0.0020273,0.015888,0.0065888,0.0095347,0.020314,0.037275,0.10391,0.19591,0.28478,0.3185,0.39118,0.44336,0.48452,0.54222,0.57657,0.62936,0.62223,0.71807
0.4597,-0.003575,0.0019594,0.0081364,0.014178,0.020314,0.038822,0.10546,0.20675,0.28788,0.31385,0.38654,0.42789,0.4938,0.53603,0.57967,0.62936,0.62533,0.72581
0.4598,-0.0051226,-0.0057788,0.0081364,0.023464,0.021862,0.04037,0.10391,0.2052,0.29252,0.3154,0.38809,0.44336,0.50464,0.54222,0.57812,0.61698,0.61604,0.72427
0.4599,-0.00047968,0.0035071,0.00039822,0.014178,0.021862,0.041918,0.10391,0.19127,0.29407,0.31385,0.38654,0.44801,0.49535,0.53913,0.57812,0.62162,0.61295,0.70879
0.46,0.001068,0.0050547,0.0065888,0.014178,0.020314,0.032632,0.10082,0.19591,0.3018,0.30457,0.38809,0.43098,0.49225,0.53448,0.58276,0.61852,0.61604,0.71653
0.4601,-0.017504,0.0019594,0.0050412,0.018821,0.014123,0.04037,0.10237,0.20365,0.29097,0.30921,0.39118,0.43563,0.49225,0.53294,0.58276,0.62317,0.6114,0.72581
0.4602,-0.0020273,-0.0057788,0.0050412,0.018821,0.017219,0.043465,0.097723,0.20829,0.28942,0.30457,0.39118,0.43098,0.49071,0.53294,0.58586,0.61698,0.62069,0.73046
0.4603,-0.0051226,-0.0011358,0.0034935,0.018821,0.024957,0.038822,0.10546,0.20829,0.28633,0.30612,0.39583,0.43717,0.4938,0.5221,0.58586,0.61698,0.62533,0.71498
0.4604,-0.0082179,-0.0026835,-0.0057923,0.011082,0.026505,0.038822,0.10701,0.2052,0.3018,0.3154,0.39118,0.43253,0.50464,0.52056,0.58895,0.61233,0.6145,0.7026
0.4605,-0.012861,-0.0026835,0.00039822,0.014178,0.028052,0.031084,0.10391,0.20829,0.29097,0.32624,0.39428,0.44182,0.50618,0.5221,0.58741,0.62936,0.62223,0.71188
0.4606,-0.0066702,-0.0011358,0.0081364,0.015725,0.021862,0.048108,0.10237,0.22067,0.27395,0.3185,0.38809,0.44336,0.50154,0.52829,0.5905,0.634,0.62533,0.71962
0.4607,-0.0097655,-0.0011358,0.0065888,0.0095347,0.018766,0.038822,0.097723,0.21758,0.28168,0.31385,0.38963,0.44491,0.50618,0.53603,0.5905,0.62471,0.62069,0.71653
0.4608,-0.0082179,0.0035071,0.0081364,0.015725,0.021862,0.037275,0.11475,0.21758,0.28168,0.32005,0.39118,0.44491,0.50618,0.53294,0.59205,0.62162,0.62378,0.71188
0.4609,-0.0051226,0.0050547,0.0096841,0.018821,0.023409,0.037275,0.10856,0.21448,0.28323,0.31695,0.39428,0.43872,0.50154,0.53603,0.58276,0.62781,0.62997,0.72272
0.461,-0.00047968,0.0004118,0.0096841,0.020368,0.023409,0.045013,0.10237,0.20675,0.29252,0.32159,0.39737,0.43872,0.4969,0.52675,0.57348,0.62007,0.62533,0.72427
0.4611,-0.0066702,0.0035071,0.0034935,0.018821,0.026505,0.046561,0.099271,0.2052,0.29407,0.31385,0.39583,0.44336,0.51237,0.53294,0.57967,0.61543,0.63152,0.71653
0.4612,-0.012861,0.014341,0.0034935,0.025011,0.021862,0.041918,0.10082,0.20675,0.28633,0.31231,0.39428,0.44182,0.50464,0.5252,0.56729,0.6309,0.63152,0.72427
0.4613,-0.0051226,0.0035071,0.0096841,0.021916,0.015671,0.04037,0.096176,0.2052,0.28323,0.30766,0.39428,0.43717,0.51083,0.52675,0.57193,0.62781,0.62997,0.72427
0.4614,-0.0051226,0.0004118,0.0096841,0.021916,0.021862,0.035727,0.096176,0.20675,0.28633,0.31385,0.39737,0.43098,0.49999,0.53294,0.57812,0.62317,0.61759,0.71653
0.4615,-0.0097655,0.0004118,0.015875,0.018821,0.021862,0.04037,0.094628,0.2052,0.28788,0.3154,0.38809,0.43253,0.50154,0.53294,0.56729,0.62317,0.62069,0.71343
0.4616,-0.0082179,0.0004118,0.0096841,0.025011,0.021862,0.048108,0.096176,0.2021,0.28942,0.31695,0.37416,0.43872,0.50773,0.53758,0.57193,0.61543,0.61914,0.71498
0.4617,-0.0066702,0.0004118,0.0081364,0.021916,0.026505,0.041918,0.10391,0.2021,0.28168,0.31231,0.39273,0.42789,0.51856,0.53603,0.55955,0.60769,0.61759,0.70569
0.4618,-0.0066702,-0.0026835,0.011232,0.018821,0.023409,0.041918,0.10237,0.20829,0.28323,0.32005,0.38963,0.42943,0.51702,0.53294,0.5611,0.61233,0.6145,0.6995
0.4619,-0.0066702,-0.0011358,0.0050412,0.018821,0.017219,0.043465,0.094628,0.2052,0.28168,0.31231,0.39273,0.43253,0.50464,0.52056,0.558,0.62317,0.61759,0.6995
0.462,-0.0082179,-0.0042311,0.0065888,0.018821,0.018766,0.048108,0.10391,0.20675,0.28478,0.32005,0.39428,0.43098,0.50618,0.51746,0.55955,0.62471,0.61295,0.71034
0.4621,-0.017504,0.0004118,0.0065888,0.014178,0.021862,0.041918,0.097723,0.20675,0.28788,0.31385,0.39273,0.43253,0.50464,0.51746,0.55336,0.61698,0.62223,0.72272
0.4622,-0.017504,0.0004118,0.0034935,0.015725,0.021862,0.04037,0.097723,0.20829,0.28942,0.31231,0.38963,0.42943,0.50773,0.51591,0.55955,0.61078,0.62223,0.71034
0.4623,-0.0051226,-0.0011358,0.0019459,0.018821,0.017219,0.037275,0.10082,0.20829,0.29561,0.3154,0.38809,0.43872,0.4969,0.51746,0.56419,0.62162,0.62842,0.7026
0.4624,-0.0097655,0.0035071,0.0065888,0.018821,0.015671,0.04037,0.097723,0.19591,0.28942,0.3154,0.38809,0.43563,0.49071,0.51901,0.55645,0.62317,0.61759,0.70569
0.4625,-0.012861,-0.0073264,0.0050412,0.0079871,0.020314,0.038822,0.10546,0.19746,0.28633,0.31385,0.39273,0.43872,0.49071,0.51127,0.55955,0.61698,0.60831,0.71343
0.4626,-0.003575,-0.0011358,0.0096841,0.0079871,0.020314,0.041918,0.11165,0.20675,0.29097,0.31695,0.39118,0.43563,0.50928,0.51282,0.56574,0.61543,0.61295,0.732
0.4627,-0.0097655,-0.0026835,0.0050412,0.01263,0.023409,0.04037,0.10856,0.20365,0.28633,0.31385,0.39428,0.43253,0.50928,0.52056,0.58122,0.61543,0.62533,0.73974
0.4628,-0.0082179,0.0066024,0.0096841,0.020368,0.023409,0.037275,0.10701,0.20675,0.29561,0.3185,0.38499,0.43253,0.50773,0.5221,0.56729,0.61233,0.62533,0.7351
0.4629,-0.0051226,0.00815,0.01897,0.025011,0.020314,0.04037,0.10546,0.20829,0.28788,0.32624,0.39273,0.42789,0.49225,0.52829,0.57967,0.62007,0.62069,0.74129
0.463,-0.0082179,0.0019594,0.0081364,0.014178,0.018766,0.04037,0.10391,0.19746,0.28478,0.3185,0.38809,0.43717,0.49535,0.52984,0.57503,0.62936,0.61759,0.73046
0.4631,-0.0082179,-0.0073264,0.0081364,0.014178,0.021862,0.034179,0.10391,0.20365,0.29407,0.32624,0.38809,0.43408,0.49535,0.52675,0.56419,0.63555,0.61914,0.72581
0.4632,-0.00047968,-0.0088741,0.0050412,0.020368,0.020314,0.037275,0.099271,0.20675,0.29252,0.3154,0.39118,0.43872,0.4969,0.52675,0.57038,0.64019,0.61914,0.72581
0.4633,-0.0051226,0.0019594,0.015875,0.01263,0.026505,0.041918,0.10237,0.20984,0.28478,0.30766,0.38809,0.43872,0.4938,0.52365,0.57038,0.634,0.61759,0.72427
0.4634,-0.0082179,-0.0026835,0.020518,0.014178,0.018766,0.04037,0.097723,0.2052,0.28168,0.31231,0.38654,0.43872,0.50154,0.52829,0.57657,0.62162,0.62069,0.72427
0.4635,-0.003575,0.0019594,0.015875,0.01263,0.020314,0.037275,0.10701,0.20675,0.28478,0.3185,0.3788,0.44336,0.50773,0.52829,0.57348,0.62781,0.62533,0.71188
0.4636,-0.0020273,0.0019594,0.0065888,0.014178,0.020314,0.037275,0.1132,0.2021,0.28942,0.31695,0.38499,0.4511,0.4969,0.53294,0.558,0.61698,0.62688,0.6995
0.4637,-0.012861,-0.0011358,0.0034935,0.021916,0.014123,0.032632,0.11165,0.20365,0.28788,0.3185,0.38809,0.4542,0.49535,0.51901,0.56419,0.63245,0.62378,0.69641
0.4638,-0.012861,-0.0026835,0.0096841,0.011082,0.026505,0.035727,0.10391,0.20365,0.28478,0.30766,0.37725,0.44182,0.50464,0.52365,0.56574,0.64174,0.62069,0.69796
0.4639,-0.003575,-0.0011358,0.0034935,0.011082,0.023409,0.041918,0.10546,0.18817,0.28633,0.31231,0.3788,0.44336,0.50928,0.52984,0.5611,0.62781,0.62223,0.69176
0.464,-0.0082179,-0.0057788,0.0050412,0.014178,0.011028,0.037275,0.10237,0.19901,0.29097,0.31231,0.38499,0.44646,0.50464,0.53758,0.55181,0.61698,0.62378,0.68867
0.4641,-0.0082179,-0.0011358,0.0081364,0.0095347,0.021862,0.032632,0.10856,0.19591,0.28942,0.3185,0.3788,0.44801,0.49999,0.52984,0.558,0.61543,0.61759,0.70879
0.4642,-0.0020273,-0.0042311,0.0050412,0.014178,0.018766,0.041918,0.1132,0.2021,0.28323,0.3154,0.38654,0.44646,0.4969,0.53603,0.56574,0.61852,0.62069,0.70569
0.4643,0.001068,-0.0057788,-0.0011494,0.018821,0.017219,0.037275,0.11165,0.20365,0.29561,0.3185,0.3819,0.44491,0.49071,0.53603,0.56729,0.61388,0.6145,0.70105
0.4644,-0.0066702,-0.0057788,0.0065888,0.0095347,0.017219,0.04037,0.10701,0.2021,0.29561,0.31695,0.37416,0.43098,0.50464,0.52365,0.56729,0.61388,0.62223,0.69796
0.4645,-0.0066702,-0.0026835,0.0081364,0.018821,0.014123,0.038822,0.10856,0.20675,0.29097,0.32624,0.3788,0.42943,0.50928,0.53603,0.56419,0.61233,0.6145,0.69641
0.4646,-0.017504,0.0019594,0.0081364,0.018821,0.018766,0.034179,0.10856,0.21294,0.29097,0.32005,0.3819,0.43408,0.51547,0.54067,0.57193,0.60305,0.62378,0.70879
0.4647,-0.0082179,-0.0042311,0.0081364,0.020368,0.0094804,0.034179,0.10856,0.2021,0.28633,0.31695,0.38499,0.44027,0.50773,0.53448,0.56574,0.5984,0.62842,0.70879
0.4648,-0.0082179,0.0004118,0.0065888,0.018821,0.0079328,0.04037,0.11165,0.2021,0.28788,0.31385,0.38809,0.44182,0.50618,0.53294,0.55645,0.60305,0.63307,0.71498
0.4649,-0.014408,-0.0011358,0.0081364,0.014178,0.015671,0.038822,0.11165,0.20365,0.28323,0.31385,0.38963,0.44182,0.49071,0.53603,0.56265,0.60924,0.65009,0.71034
0.465,-0.0066702,0.0019594,0.0019459,0.018821,0.023409,0.034179,0.10701,0.21139,0.28788,0.30921,0.39892,0.44182,0.49225,0.52984,0.56729,0.62317,0.62997,0.71343
0.4651,-0.0051226,0.0019594,0.0096841,0.025011,0.018766,0.037275,0.10391,0.20365,0.28323,0.30457,0.40047,0.44336,0.48761,0.51591,0.57348,0.62471,0.6114,0.70724
0.4652,-0.0082179,-0.0026835,0.0019459,0.023464,0.017219,0.038822,0.10701,0.2052,0.29871,0.30921,0.39892,0.43563,0.48297,0.52829,0.57038,0.62317,0.61759,0.71343
0.4653,-0.0051226,0.0019594,0.0019459,0.023464,0.011028,0.032632,0.10856,0.2052,0.28788,0.30921,0.38963,0.44027,0.49071,0.53758,0.558,0.61698,0.62997,0.71653
0.4654,-0.012861,-0.0042311,0.011232,0.01263,0.024957,0.038822,0.1101,0.20675,0.29252,0.30921,0.38654,0.44182,0.4969,0.53758,0.56265,0.61698,0.62378,0.72272
0.4655,-0.015956,0.0004118,0.0081364,0.020368,0.023409,0.035727,0.11165,0.2021,0.29871,0.30766,0.39583,0.44182,0.48916,0.54222,0.56419,0.61233,0.6114,0.71653
0.4656,-0.014408,0.0050547,0.0096841,0.015725,0.023409,0.041918,0.11165,0.20829,0.29561,0.31695,0.38809,0.44491,0.48297,0.52365,0.56419,0.61388,0.60676,0.71962
0.4657,-0.0066702,0.0066024,0.0019459,0.011082,0.024957,0.041918,0.10856,0.21139,0.29561,0.31231,0.38963,0.44027,0.47987,0.53294,0.57348,0.61698,0.61295,0.71188
0.4658,-0.003575,-0.0011358,-0.0011494,0.021916,0.018766,0.04037,0.10856,0.20984,0.29716,0.30766,0.38499,0.43872,0.48761,0.53758,0.58276,0.61852,0.6145,0.71653
0.4659,0.001068,-0.0026835,0.0019459,0.014178,0.021862,0.031084,0.10856,0.2052,0.29407,0.30612,0.39273,0.42789,0.48452,0.53294,0.58122,0.62781,0.61759,0.71343
0.466,-0.0082179,-0.0011358,0.0096841,0.014178,0.018766,0.04037,0.10082,0.2052,0.29097,0.3154,0.38035,0.42789,0.48606,0.53913,0.57657,0.61852,0.61759,0.7026
0.4661,-0.003575,0.0035071,0.0096841,0.015725,0.018766,0.041918,0.11165,0.20984,0.3018,0.31695,0.3788,0.44336,0.4969,0.54687,0.57812,0.62162,0.59902,0.71962
0.4662,-0.003575,-0.0011358,0.0050412,0.0079871,0.028052,0.043465,0.10701,0.21139,0.29716,0.3185,0.37725,0.44027,0.49999,0.54687,0.57038,0.61852,0.60366,0.732
0.4663,-0.0066702,-0.0011358,0.0081364,0.018821,0.017219,0.049656,0.10237,0.20829,0.29561,0.3154,0.37261,0.44182,0.49071,0.53758,0.57348,0.61388,0.61759,0.72736
0.4664,-0.003575,0.0050547,0.0065888,0.023464,0.018766,0.041918,0.10391,0.21139,0.29561,0.30612,0.37725,0.44646,0.48916,0.53758,0.57812,0.61078,0.61295,0.72891
0.4665,-0.012861,0.0004118,0.017422,0.018821,0.018766,0.035727,0.10391,0.20984,0.28633,0.30921,0.38035,0.44027,0.49071,0.53294,0.57193,0.6015,0.60211,0.73665
0.4666,-0.0082179,0.0004118,0.0065888,0.018821,0.021862,0.032632,0.10082,0.2052,0.28168,0.31231,0.37571,0.42789,0.49999,0.53448,0.57193,0.61078,0.60985,0.732
0.4667,-0.012861,-0.0011358,-0.0026971,0.0079871,0.018766,0.038822,0.10237,0.21139,0.28942,0.31231,0.37416,0.43563,0.50309,0.53913,0.57038,0.61233,0.61604,0.732
0.4668,-0.014408,-0.0026835,0.0034935,0.0095347,0.020314,0.034179,0.10391,0.21294,0.27859,0.32314,0.38035,0.44027,0.49999,0.54222,0.57503,0.61233,0.60985,0.73819
0.4669,-0.011313,-0.0073264,0.0081364,0.020368,0.018766,0.04037,0.10391,0.21294,0.28168,0.32933,0.38963,0.43253,0.49999,0.53294,0.57348,0.60769,0.61914,0.73665
0.467,-0.0066702,-0.0011358,0.017422,0.026559,0.018766,0.037275,0.10856,0.20984,0.28323,0.32005,0.38963,0.44336,0.49535,0.53294,0.56419,0.61233,0.61759,0.72891
0.4671,-0.0066702,-0.0088741,0.0096841,0.020368,0.026505,0.041918,0.1132,0.21758,0.28323,0.31695,0.39118,0.44027,0.4969,0.53758,0.5611,0.61233,0.62533,0.72581
0.4672,-0.0082179,-0.0057788,0.0096841,0.015725,0.026505,0.032632,0.11475,0.21139,0.28633,0.32005,0.39428,0.44646,0.4969,0.53913,0.56574,0.61388,0.62069,0.71653
0.4673,-0.0066702,-0.0042311,0.017422,0.0095347,0.020314,0.035727,0.11475,0.21603,0.28323,0.3154,0.39118,0.4511,0.50618,0.53913,0.55955,0.61078,0.6145,0.70879
0.4674,-0.0066702,-0.0026835,0.0065888,0.018821,0.024957,0.045013,0.11629,0.20829,0.28633,0.3154,0.40047,0.43563,0.50309,0.53603,0.55645,0.62007,0.60676,0.70415
0.4675,-0.0097655,0.0004118,0.0096841,0.0095347,0.020314,0.04037,0.10856,0.20365,0.28942,0.3185,0.38499,0.43717,0.50309,0.53448,0.56574,0.60924,0.60676,0.70724
0.4676,-0.0020273,0.0019594,0.0034935,0.014178,0.015671,0.037275,0.1132,0.21139,0.28478,0.31695,0.38035,0.43408,0.50464,0.53294,0.56574,0.60305,0.60985,0.71653
0.4677,-0.003575,-0.0026835,0.014327,0.014178,0.020314,0.035727,0.11939,0.20365,0.28323,0.30921,0.38035,0.43408,0.49999,0.52675,0.55645,0.5984,0.60831,0.70879
0.4678,-0.0097655,-0.0073264,0.0096841,0.01263,0.017219,0.032632,0.1101,0.20829,0.29716,0.30766,0.37725,0.43563,0.4969,0.53294,0.56419,0.61543,0.61295,0.71343
0.4679,-0.0051226,-0.0088741,0.014327,0.011082,0.024957,0.035727,0.10856,0.2052,0.3049,0.31695,0.3819,0.43408,0.49535,0.53294,0.55955,0.62317,0.61759,0.72581
0.468,0.001068,-0.0026835,0.0050412,0.015725,0.020314,0.04037,0.11165,0.20984,0.29097,0.3154,0.38809,0.43563,0.49225,0.52984,0.55955,0.62626,0.61914,0.71807
0.4681,-0.003575,0.0096977,0.014327,0.018821,0.021862,0.04037,0.11165,0.20829,0.29252,0.32314,0.3819,0.44027,0.49535,0.52675,0.56574,0.61078,0.61295,0.71807
0.4682,-0.0097655,0.0019594,0.0065888,0.011082,0.021862,0.037275,0.10856,0.19901,0.29716,0.32314,0.39273,0.43872,0.50464,0.5221,0.55336,0.5984,0.61759,0.71962
0.4683,-0.0066702,-0.0026835,0.017422,0.018821,0.017219,0.031084,0.10237,0.20675,0.30026,0.32778,0.38499,0.44336,0.50928,0.5221,0.56574,0.60614,0.62069,0.72736
0.4684,-0.0066702,0.0019594,0.0081364,0.023464,0.021862,0.04037,0.10237,0.21294,0.29871,0.31385,0.3788,0.43717,0.4969,0.53294,0.55645,0.61078,0.60676,0.72272
0.4685,-0.0020273,-0.0057788,-0.0026971,0.020368,0.028052,0.038822,0.10237,0.20829,0.29097,0.31695,0.37261,0.44182,0.49999,0.53603,0.558,0.61388,0.60831,0.71807
0.4686,-0.00047968,-0.0011358,0.0065888,0.021916,0.021862,0.035727,0.10082,0.20984,0.29097,0.32005,0.36952,0.44801,0.50464,0.53758,0.56265,0.61078,0.61295,0.72736
0.4687,-0.0020273,0.0050547,0.0019459,0.01263,0.024957,0.045013,0.10391,0.21448,0.28788,0.31231,0.3819,0.43717,0.4938,0.52829,0.56265,0.60305,0.61914,0.72736
0.4688,-0.0066702,0.0050547,0.0034935,0.0095347,0.026505,0.04037,0.11165,0.19746,0.28788,0.3154,0.3788,0.43872,0.4969,0.52829,0.56265,0.59995,0.60211,0.72891
0.4689,-0.014408,0.0004118,0.0096841,0.0095347,0.021862,0.04037,0.11165,0.21294,0.28323,0.31695,0.36952,0.43253,0.48606,0.52984,0.5611,0.60769,0.60676,0.71962
0.469,-0.0082179,0.0004118,0.0096841,0.015725,0.018766,0.04037,0.10856,0.21448,0.28633,0.33088,0.38035,0.44491,0.4938,0.53603,0.56574,0.60305,0.62223,0.73046
0.4691,-0.0051226,0.0004118,0.0034935,0.020368,0.015671,0.041918,0.10701,0.21603,0.29252,0.31695,0.37725,0.44646,0.49225,0.53603,0.57348,0.61543,0.61759,0.72891
0.4692,-0.0020273,0.0004118,0.0050412,0.018821,0.023409,0.035727,0.10856,0.20984,0.28788,0.3154,0.38035,0.43408,0.4938,0.53294,0.57193,0.61698,0.61295,0.72581
0.4693,-0.0020273,-0.0011358,0.014327,0.014178,0.021862,0.034179,0.10701,0.2021,0.28788,0.32005,0.38035,0.42789,0.49535,0.53913,0.58122,0.61388,0.62223,0.72581
0.4694,-0.0020273,-0.0057788,0.0065888,0.018821,0.017219,0.031084,0.10391,0.2052,0.28633,0.31231,0.38035,0.43408,0.49535,0.53913,0.57193,0.61078,0.6114,0.72427
0.4695,-0.0082179,-0.0011358,0.011232,0.01263,0.026505,0.04037,0.10082,0.21139,0.28788,0.31385,0.37261,0.43717,0.49999,0.53294,0.55955,0.6015,0.6114,0.71653
0.4696,-0.0082179,0.0066024,0.0096841,0.011082,0.021862,0.049656,0.10546,0.20365,0.28478,0.30766,0.36642,0.43717,0.48916,0.52984,0.558,0.59995,0.6145,0.72272
0.4697,-0.019051,0.0096977,0.0034935,0.014178,0.024957,0.035727,0.11165,0.20984,0.28014,0.30921,0.36952,0.42324,0.48761,0.53603,0.56729,0.61543,0.61759,0.72272
0.4698,-0.0082179,0.0004118,0.0019459,0.0095347,0.026505,0.035727,0.1101,0.20365,0.28168,0.31695,0.37571,0.42015,0.49999,0.52829,0.57503,0.61852,0.62223,0.70724
0.4699,-0.0082179,0.0004118,0.0081364,0.021916,0.026505,0.037275,0.10546,0.21139,0.27395,0.31385,0.38654,0.42324,0.4969,0.53448,0.56265,0.60769,0.62223,0.71498
0.47,-0.0051226,0.0035071,0.020518,0.015725,0.021862,0.026441,0.10701,0.20829,0.28323,0.30766,0.39273,0.42324,0.4938,0.54532,0.56574,0.61388,0.61604,0.72581
0.4701,-0.0051226,0.0019594,-0.0011494,0.01263,0.023409,0.031084,0.10701,0.20675,0.28168,0.30147,0.3819,0.41705,0.4938,0.54067,0.56419,0.61543,0.6145,0.72736
0.4702,-0.0066702,0.0019594,-0.0011494,0.018821,0.021862,0.037275,0.10391,0.20365,0.29561,0.29683,0.37571,0.43253,0.4938,0.54222,0.5611,0.61698,0.60366,0.72272
0.4703,-0.017504,-0.0026835,0.0050412,0.018821,0.020314,0.035727,0.10546,0.19746,0.28788,0.29683,0.3819,0.43717,0.48761,0.53758,0.558,0.60769,0.60366,0.72581
0.4704,-0.015956,0.014341,0.0050412,0.020368,0.023409,0.038822,0.097723,0.2021,0.28323,0.30147,0.38035,0.43098,0.49225,0.53294,0.55955,0.60614,0.60985,0.732
0.4705,-0.0051226,0.0096977,0.0081364,0.011082,0.021862,0.035727,0.10082,0.20365,0.28633,0.29528,0.37416,0.4217,0.49071,0.53294,0.558,0.61543,0.60057,0.73046
0.4706,-0.003575,0.0004118,0.0081364,0.015725,0.0094804,0.035727,0.10701,0.20365,0.29252,0.29683,0.3819,0.4186,0.48452,0.52675,0.56574,0.60769,0.60831,0.72427
0.4707,-0.014408,0.0004118,0.014327,0.014178,0.015671,0.037275,0.099271,0.2021,0.29716,0.29064,0.39892,0.42015,0.48761,0.52365,0.55955,0.60614,0.60831,0.72581
0.4708,-0.0066702,0.00815,0.00039822,0.0095347,0.026505,0.034179,0.10391,0.20365,0.28323,0.29374,0.39428,0.4217,0.49071,0.53294,0.55955,0.6015,0.60366,0.71653
0.4709,-0.0082179,0.0066024,0.0050412,0.020368,0.015671,0.032632,0.11475,0.20984,0.28942,0.30302,0.38809,0.4186,0.49225,0.52829,0.558,0.60924,0.6114,0.70569
0.471,-0.0097655,-0.0057788,0.0050412,0.025011,0.021862,0.04037,0.10856,0.21139,0.28323,0.30921,0.37571,0.42015,0.49535,0.52056,0.55336,0.61388,0.6145,0.72736
0.4711,-0.0051226,-0.0011358,0.0065888,0.025011,0.018766,0.035727,0.10082,0.20829,0.28942,0.31385,0.3788,0.41705,0.49999,0.5252,0.55181,0.61233,0.61759,0.732
0.4712,-0.0097655,-0.0011358,0.0050412,0.020368,0.020314,0.032632,0.099271,0.20984,0.28478,0.31695,0.37106,0.4186,0.4938,0.52056,0.55491,0.60769,0.60366,0.72736
0.4713,-0.0051226,0.0035071,0.0096841,0.023464,0.026505,0.032632,0.10391,0.20675,0.28633,0.30612,0.38499,0.4186,0.49225,0.5221,0.55645,0.59686,0.61295,0.73046
0.4714,-0.0020273,0.0035071,0.0081364,0.021916,0.026505,0.032632,0.10546,0.2052,0.28168,0.30612,0.38963,0.42634,0.48761,0.52675,0.55181,0.60305,0.6145,0.72427
0.4715,-0.003575,0.0004118,0.00039822,0.020368,0.017219,0.034179,0.10082,0.20984,0.28478,0.30766,0.37571,0.42789,0.48916,0.53294,0.558,0.60305,0.61914,0.72272
0.4716,-0.0082179,-0.0011358,0.0050412,0.020368,0.021862,0.037275,0.096176,0.20829,0.28478,0.29993,0.38035,0.4186,0.48761,0.53448,0.56574,0.6015,0.62223,0.71653
0.4717,-0.0066702,0.0019594,0.0050412,0.026559,0.020314,0.04037,0.10082,0.20675,0.28323,0.30921,0.37571,0.42634,0.50154,0.53758,0.55336,0.61233,0.6145,0.72581
0.4718,-0.0097655,-0.0026835,0.0034935,0.021916,0.020314,0.035727,0.10391,0.20365,0.28478,0.3154,0.3788,0.42943,0.48916,0.54532,0.55645,0.61078,0.61604,0.72891
0.4719,-0.0066702,-0.0026835,0.0081364,0.015725,0.020314,0.032632,0.099271,0.20829,0.28478,0.3154,0.36952,0.42015,0.48297,0.53758,0.56419,0.60614,0.62223,0.71807
0.472,-0.0051226,-0.0026835,0.0081364,0.0064395,0.021862,0.035727,0.11165,0.19746,0.28788,0.3185,0.38035,0.41705,0.48761,0.53603,0.56574,0.60614,0.61914,0.72891
0.4721,-0.0082179,0.0035071,0.00039822,0.0064395,0.031147,0.035727,0.10856,0.19901,0.29407,0.3154,0.38654,0.42634,0.49071,0.53758,0.56265,0.61388,0.62069,0.72581
0.4722,-0.014408,0.0019594,0.0050412,0.014178,0.024957,0.037275,0.10856,0.20984,0.29252,0.30921,0.3788,0.42789,0.4938,0.53603,0.5611,0.61852,0.61604,0.72427
0.4723,-0.0051226,0.0035071,0.0019459,0.023464,0.018766,0.045013,0.10701,0.21139,0.30026,0.30302,0.3788,0.43717,0.47987,0.53603,0.56419,0.62162,0.61759,0.72427
0.4724,0.0026156,-0.0011358,0.0050412,0.018821,0.023409,0.041918,0.1101,0.2021,0.28942,0.30766,0.37725,0.43098,0.49071,0.53758,0.54872,0.62007,0.62533,0.71807
0.4725,-0.0097655,-0.0026835,-0.0011494,0.020368,0.026505,0.038822,0.1132,0.20365,0.29097,0.30766,0.37261,0.43253,0.49071,0.53448,0.55181,0.62317,0.62069,0.71962
0.4726,-0.0097655,-0.0026835,0.00039822,0.020368,0.018766,0.029536,0.10391,0.20984,0.29871,0.30302,0.3788,0.42015,0.48297,0.53448,0.55336,0.61698,0.61604,0.72272
0.4727,-0.0097655,0.0019594,0.0050412,0.021916,0.021862,0.031084,0.097723,0.20365,0.29871,0.30766,0.39118,0.4186,0.48761,0.53913,0.558,0.60769,0.61914,0.71498
0.4728,-0.003575,0.0035071,0.0034935,0.01263,0.021862,0.032632,0.10237,0.20829,0.29871,0.30921,0.38809,0.40777,0.4969,0.53603,0.55645,0.5984,0.61604,0.71498
0.4729,-0.003575,0.0019594,0.011232,0.020368,0.015671,0.031084,0.10391,0.20829,0.29252,0.3185,0.37416,0.41086,0.47987,0.54377,0.56419,0.59531,0.6145,0.71498
0.473,-0.0082179,0.0066024,0.0050412,0.018821,0.015671,0.031084,0.10546,0.21139,0.3018,0.31385,0.37571,0.40932,0.48761,0.54841,0.55645,0.60305,0.61914,0.71807
0.4731,-0.0082179,-0.0011358,0.0081364,0.011082,0.026505,0.035727,0.10082,0.20984,0.29561,0.31695,0.3819,0.41241,0.48916,0.54687,0.56419,0.60924,0.61914,0.72427
0.4732,-0.0082179,0.0004118,0.0081364,0.020368,0.023409,0.032632,0.10391,0.20984,0.29871,0.31231,0.3788,0.4217,0.48606,0.55306,0.55645,0.61233,0.62997,0.72427
0.4733,-0.0051226,-0.0026835,0.0065888,0.026559,0.017219,0.04037,0.097723,0.2052,0.30026,0.30766,0.3788,0.4217,0.47678,0.53913,0.56729,0.61388,0.61759,0.72736
0.4734,-0.00047968,0.0004118,0.015875,0.018821,0.017219,0.041918,0.096176,0.2052,0.29716,0.3185,0.38499,0.41705,0.48452,0.54222,0.57348,0.61233,0.61295,0.72736
0.4735,-0.003575,-0.0011358,0.0081364,0.011082,0.021862,0.034179,0.08689,0.19901,0.3018,0.30302,0.38035,0.4217,0.48297,0.54377,0.57348,0.61698,0.62069,0.71343
0.4736,-0.0051226,0.0004118,0.0034935,0.011082,0.023409,0.035727,0.096176,0.20365,0.29871,0.30921,0.37725,0.42943,0.48606,0.53758,0.56729,0.61388,0.61295,0.70415
0.4737,-0.0082179,0.0004118,0.011232,0.021916,0.021862,0.037275,0.10237,0.20365,0.30026,0.30921,0.38035,0.43098,0.49071,0.54687,0.56419,0.61698,0.62223,0.71034
0.4738,-0.0051226,-0.0011358,0.0065888,0.011082,0.020314,0.038822,0.10237,0.2021,0.29871,0.32314,0.3788,0.41551,0.48452,0.54532,0.56265,0.61698,0.62069,0.71188
0.4739,-0.0097655,0.0004118,0.0019459,0.011082,0.023409,0.043465,0.10701,0.2052,0.30026,0.32159,0.3788,0.40777,0.48142,0.54532,0.57038,0.61852,0.62688,0.70879
0.474,-0.003575,-0.0026835,0.0081364,0.0079871,0.020314,0.035727,0.10391,0.21448,0.29561,0.3154,0.37571,0.4217,0.47987,0.53913,0.57038,0.61543,0.63461,0.71188
0.4741,-0.0020273,0.0004118,0.011232,0.020368,0.023409,0.037275,0.10082,0.2021,0.28633,0.30921,0.3788,0.43563,0.48297,0.54377,0.56419,0.61698,0.62533,0.70879
0.4742,-0.003575,0.0019594,0.0065888,0.018821,0.017219,0.04037,0.10546,0.20984,0.28478,0.31385,0.3819,0.42324,0.48142,0.53758,0.54872,0.62781,0.61604,0.70569
0.4743,-0.0097655,0.0004118,0.014327,0.014178,0.014123,0.035727,0.11165,0.2021,0.29097,0.3185,0.38499,0.42943,0.48761,0.53913,0.55336,0.61078,0.6145,0.70415
0.4744,-0.0097655,-0.0011358,0.0034935,0.021916,0.018766,0.035727,0.10391,0.20365,0.28633,0.31695,0.37725,0.4217,0.47987,0.54067,0.56265,0.60614,0.61759,0.72581
0.4745,-0.0066702,0.0004118,0.0034935,0.014178,0.020314,0.035727,0.096176,0.20675,0.28788,0.31385,0.37416,0.42789,0.48297,0.54222,0.5611,0.60769,0.6114,0.71962
0.4746,-0.0066702,0.0050547,0.0019459,0.0095347,0.018766,0.035727,0.097723,0.21139,0.29097,0.31385,0.37571,0.42943,0.47678,0.54377,0.57193,0.61388,0.62842,0.73819
0.4747,-0.0020273,-0.0026835,0.0034935,0.0079871,0.023409,0.034179,0.097723,0.20829,0.30026,0.30921,0.3788,0.42789,0.46904,0.55151,0.5611,0.60305,0.61914,0.7351
0.4748,-0.003575,0.0066024,0.014327,0.011082,0.020314,0.032632,0.10082,0.2021,0.29871,0.32005,0.37571,0.42943,0.47214,0.55925,0.55645,0.6015,0.6114,0.71653
0.4749,-0.0082179,-0.0011358,0.0034935,0.015725,0.026505,0.041918,0.10237,0.2052,0.28478,0.32469,0.38809,0.42015,0.47987,0.5577,0.56729,0.60305,0.61759,0.71498
0.475,-0.003575,-0.0042311,-0.0011494,0.014178,0.021862,0.041918,0.097723,0.21139,0.28633,0.31231,0.3819,0.42943,0.48606,0.56544,0.56419,0.60305,0.62533,0.71498
0.4751,-0.0020273,-0.0057788,0.0065888,0.018821,0.020314,0.034179,0.10546,0.21603,0.29097,0.31231,0.37261,0.42015,0.49071,0.56389,0.56419,0.60769,0.62378,0.71962
0.4752,-0.00047968,-0.0042311,0.0096841,0.014178,0.021862,0.034179,0.10391,0.2021,0.29561,0.31231,0.37106,0.4217,0.48606,0.56079,0.56419,0.61698,0.61914,0.70569
0.4753,-0.003575,0.0004118,0.0096841,0.01263,0.026505,0.043465,0.10082,0.21758,0.28633,0.30921,0.38499,0.41551,0.4938,0.55925,0.55645,0.60924,0.61295,0.70105
0.4754,-0.003575,-0.0042311,0.0050412,0.018821,0.023409,0.038822,0.10237,0.20829,0.28788,0.31695,0.38809,0.43253,0.48761,0.55306,0.55955,0.61388,0.60366,0.70879
0.4755,0.001068,0.0004118,-0.0011494,0.025011,0.020314,0.04037,0.10237,0.20675,0.28633,0.30612,0.3819,0.43253,0.48452,0.55151,0.5611,0.61388,0.59592,0.71343
0.4756,0.0026156,0.00815,0.014327,0.018821,0.028052,0.043465,0.10082,0.20365,0.28478,0.30457,0.3819,0.43098,0.47833,0.54687,0.56265,0.62007,0.60211,0.71188
0.4757,-0.0082179,0.0035071,0.0050412,0.015725,0.020314,0.037275,0.10546,0.21139,0.29252,0.31695,0.37571,0.43098,0.46904,0.54377,0.56574,0.61388,0.61295,0.70879
0.4758,0.001068,0.0035071,0.0019459,0.011082,0.0079328,0.034179,0.11475,0.20829,0.28633,0.31231,0.38035,0.42943,0.48606,0.55925,0.56419,0.61388,0.61295,0.71498
0.4759,-0.003575,-0.0026835,0.0019459,0.0079871,0.020314,0.04037,0.10856,0.20984,0.29097,0.3154,0.3788,0.42789,0.48297,0.55925,0.57503,0.60614,0.6114,0.71653
0.476,-0.0020273,-0.0057788,0.0050412,0.014178,0.020314,0.034179,0.10701,0.22377,0.28942,0.3185,0.37571,0.42943,0.47833,0.5546,0.57812,0.61078,0.60366,0.71188
0.4761,-0.0051226,-0.0026835,-0.0042447,0.020368,0.015671,0.037275,0.11165,0.20365,0.28942,0.31695,0.36797,0.42943,0.47833,0.55151,0.55955,0.60614,0.60211,0.72427
0.4762,-0.003575,0.0050547,0.00039822,0.01263,0.018766,0.038822,0.11165,0.20675,0.28478,0.3154,0.3788,0.43563,0.48142,0.56079,0.57038,0.59531,0.60985,0.71653
0.4763,-0.003575,-0.0042311,0.0050412,0.0079871,0.015671,0.034179,0.10546,0.21139,0.28323,0.32159,0.36952,0.43563,0.48297,0.55615,0.57503,0.60614,0.60366,0.71653
0.4764,-0.0020273,0.0019594,0.0081364,0.014178,0.0094804,0.032632,0.11165,0.21139,0.27859,0.31695,0.36642,0.43098,0.47833,0.55306,0.56419,0.61233,0.59747,0.72736
0.4765,-0.0051226,0.0035071,0.00039822,0.023464,0.014123,0.038822,0.10546,0.20829,0.28168,0.31385,0.37416,0.42943,0.48452,0.55615,0.56729,0.61698,0.60366,0.71807
0.4766,-0.0020273,0.0050547,0.0065888,0.014178,0.023409,0.046561,0.10546,0.20675,0.28633,0.3185,0.36797,0.4186,0.48606,0.5546,0.57038,0.62781,0.59283,0.72581
0.4767,-0.003575,-0.0011358,0.017422,0.021916,0.018766,0.035727,0.10856,0.2052,0.28478,0.32469,0.37571,0.42015,0.48142,0.56698,0.57038,0.62162,0.59283,0.72272
0.4768,-0.0082179,0.0004118,0.0034935,0.020368,0.023409,0.041918,0.1101,0.21139,0.29097,0.32469,0.3788,0.42324,0.48297,0.54841,0.55181,0.61233,0.58509,0.71343
0.4769,-0.003575,0.0019594,0.0081364,0.018821,0.018766,0.037275,0.10546,0.2052,0.29407,0.33088,0.37416,0.4186,0.47833,0.55306,0.56265,0.60769,0.58664,0.70879
0.477,-0.0097655,0.0035071,0.0065888,0.020368,0.0032899,0.041918,0.1132,0.2021,0.28788,0.32469,0.37416,0.43098,0.48761,0.5577,0.57193,0.61852,0.58973,0.70879
0.4771,-0.0097655,0.0035071,0.011232,0.015725,0.014123,0.045013,0.11475,0.20829,0.28942,0.32005,0.37571,0.42324,0.49535,0.54841,0.57038,0.61852,0.59902,0.71188
0.4772,-0.0066702,0.0019594,0.0065888,0.015725,0.015671,0.04037,0.10856,0.21294,0.27859,0.30766,0.36487,0.42789,0.49071,0.54687,0.56574,0.61543,0.59747,0.70415
0.4773,-0.0066702,-0.0042311,0.0096841,0.01263,0.017219,0.04037,0.11475,0.21139,0.27859,0.31695,0.37261,0.41705,0.48761,0.54687,0.57348,0.61698,0.60676,0.7026
0.4774,-0.0051226,0.0004118,0.015875,0.014178,0.020314,0.035727,0.11475,0.20829,0.27704,0.3185,0.3788,0.4217,0.48452,0.55615,0.5611,0.61078,0.59283,0.71498
0.4775,-0.0051226,0.0019594,0.0065888,0.011082,0.015671,0.043465,0.10856,0.20829,0.27859,0.31695,0.36642,0.42015,0.48606,0.55615,0.56574,0.61388,0.59283,0.71653
0.4776,-0.003575,0.0050547,0.0065888,0.0095347,0.020314,0.041918,0.11475,0.20984,0.2724,0.32469,0.36797,0.43408,0.50618,0.54532,0.55955,0.62007,0.60211,0.71807
0.4777,-0.00047968,0.0035071,0.014327,0.0017965,0.017219,0.04037,0.10546,0.20365,0.27085,0.32159,0.37261,0.42943,0.48606,0.54532,0.5611,0.61852,0.60211,0.70415
0.4778,-0.00047968,-0.0026835,0.0065888,0.015725,0.0079328,0.041918,0.10856,0.20675,0.28323,0.32469,0.3788,0.43253,0.48761,0.54687,0.57038,0.61388,0.60676,0.7026
0.4779,-0.0051226,-0.0011358,0.0096841,0.014178,0.020314,0.037275,0.1132,0.21448,0.2724,0.3154,0.37725,0.43098,0.47678,0.54996,0.57193,0.62007,0.60366,0.70569
0.478,-0.014408,0.0066024,0.0081364,0.01263,0.031147,0.041918,0.1101,0.20984,0.2693,0.32005,0.3788,0.42324,0.47678,0.5546,0.56729,0.61543,0.59283,0.70569
0.4781,-0.0097655,0.0004118,0.014327,0.018821,0.021862,0.043465,0.099271,0.21139,0.28478,0.32314,0.37106,0.42789,0.48297,0.54377,0.5611,0.61543,0.60831,0.69796
0.4782,-0.0082179,-0.0073264,0.0065888,0.01263,0.020314,0.041918,0.10082,0.20984,0.28942,0.31231,0.37571,0.42015,0.47987,0.54067,0.57503,0.61233,0.60831,0.70569
0.4783,-0.00047968,0.0019594,0.0034935,0.018821,0.024957,0.043465,0.10856,0.20365,0.28478,0.30921,0.3819,0.41705,0.48761,0.55306,0.56419,0.61852,0.6145,0.71188
0.4784,-0.0051226,-0.0011358,0.0050412,0.0079871,0.018766,0.041918,0.10391,0.19746,0.28168,0.31231,0.37261,0.42015,0.48606,0.55151,0.55955,0.61852,0.6114,0.71807
0.4785,-0.0051226,-0.0026835,0.0065888,0.021916,0.020314,0.031084,0.097723,0.2021,0.28633,0.31385,0.37416,0.41705,0.48142,0.54222,0.55955,0.5984,0.61295,0.71653
0.4786,-0.0082179,-0.0057788,0.0096841,0.014178,0.021862,0.024894,0.10546,0.2052,0.28323,0.32005,0.37571,0.41396,0.47059,0.53603,0.5611,0.60614,0.61759,0.71343
0.4787,-0.0097655,-0.0042311,0.0050412,0.020368,0.023409,0.037275,0.11165,0.19746,0.28323,0.31231,0.37571,0.41241,0.47214,0.52829,0.56729,0.6015,0.61295,0.71343
0.4788,-0.0097655,0.0004118,0.0050412,0.021916,0.021862,0.04037,0.11165,0.20365,0.28168,0.30921,0.38035,0.41705,0.47987,0.54687,0.56729,0.61543,0.61604,0.70879
0.4789,-0.011313,0.011245,0.0081364,0.01263,0.018766,0.043465,0.10701,0.19591,0.28478,0.31385,0.3819,0.41705,0.47987,0.54687,0.56265,0.61388,0.61295,0.71962
0.479,-0.0066702,0.0019594,0.014327,0.015725,0.017219,0.041918,0.10546,0.19746,0.27704,0.31231,0.37571,0.41241,0.47059,0.54687,0.5611,0.61852,0.61295,0.72427
0.4791,-0.0066702,-0.0011358,0.0065888,0.023464,0.034243,0.034179,0.10237,0.20365,0.28014,0.30921,0.36952,0.41396,0.46594,0.55151,0.55336,0.61852,0.60985,0.72427
0.4792,-0.0051226,0.0019594,0.0034935,0.014178,0.018766,0.034179,0.10391,0.2052,0.28323,0.30921,0.37261,0.40932,0.47523,0.55151,0.55181,0.61233,0.61295,0.71962
0.4793,-0.0082179,0.0050547,0.0034935,0.021916,0.021862,0.031084,0.11165,0.20829,0.28014,0.31231,0.37725,0.40777,0.47059,0.54377,0.54407,0.61543,0.61604,0.71653
0.4794,-0.0020273,0.0019594,0.0034935,0.020368,0.015671,0.038822,0.10546,0.20829,0.27859,0.30921,0.36797,0.41551,0.47833,0.54687,0.558,0.62471,0.61604,0.71188
0.4795,-0.0051226,-0.0011358,0.014327,0.014178,0.0079328,0.038822,0.10082,0.19746,0.27859,0.30147,0.36487,0.41241,0.47833,0.54687,0.57348,0.61388,0.6145,0.72272
0.4796,-0.012861,-0.0042311,-0.0011494,0.021916,0.014123,0.035727,0.10082,0.20829,0.28168,0.30766,0.35713,0.4186,0.47214,0.54067,0.57348,0.61698,0.60831,0.71653
0.4797,-0.0097655,-0.0011358,0.0050412,0.021916,0.017219,0.037275,0.10701,0.21294,0.28014,0.30457,0.36487,0.41705,0.47523,0.54222,0.57348,0.62317,0.61295,0.71962
0.4798,-0.011313,0.0035071,0.0065888,0.011082,0.0079328,0.037275,0.10082,0.22067,0.27859,0.30147,0.37106,0.41396,0.47833,0.53913,0.57038,0.61852,0.61759,0.71498
0.4799,-0.0082179,-0.0026835,0.0034935,0.0095347,0.015671,0.027989,0.10856,0.20675,0.27085,0.30147,0.3788,0.41705,0.47987,0.53603,0.57038,0.61852,0.61759,0.72581
0.48,-0.0051226,0.0050547,0.0065888,0.011082,0.031147,0.041918,0.1101,0.20365,0.27859,0.30612,0.36642,0.41705,0.47368,0.53448,0.57193,0.61698,0.59902,0.72272
0.4801,-0.020599,0.0004118,0.014327,0.014178,0.024957,0.037275,0.099271,0.21603,0.28168,0.30302,0.36797,0.41551,0.47523,0.53603,0.58122,0.62781,0.59902,0.70724
0.4802,-0.0020273,-0.0057788,0.0096841,0.020368,0.014123,0.041918,0.1132,0.20829,0.28323,0.30457,0.36797,0.4186,0.47059,0.54067,0.57348,0.6309,0.59747,0.70105
0.4803,-0.0097655,0.0004118,0.0096841,0.025011,0.018766,0.049656,0.1132,0.20829,0.29716,0.31695,0.3788,0.40932,0.47833,0.53603,0.56574,0.62317,0.60057,0.71034
0.4804,-0.012861,0.0004118,0.0050412,0.026559,0.021862,0.04037,0.1132,0.2052,0.28168,0.30921,0.37725,0.42634,0.47833,0.54377,0.57038,0.62936,0.61604,0.71653
0.4805,-0.020599,-0.0026835,0.0096841,0.015725,0.021862,0.045013,0.10391,0.20984,0.29252,0.31695,0.37571,0.42324,0.47987,0.54377,0.56729,0.6309,0.60831,0.70879
0.4806,-0.014408,-0.0011358,0.0096841,0.014178,0.018766,0.035727,0.10856,0.20829,0.28633,0.32624,0.37725,0.42943,0.47833,0.54377,0.56574,0.62317,0.59283,0.71807
0.4807,-0.0097655,0.0004118,0.0096841,0.014178,0.020314,0.034179,0.1132,0.20675,0.28168,0.31231,0.38654,0.4217,0.47833,0.55306,0.56419,0.61852,0.60985,0.71188
0.4808,-0.0097655,0.0004118,0.0050412,0.011082,0.020314,0.043465,0.1101,0.19591,0.28633,0.31385,0.37261,0.42943,0.48297,0.55925,0.57348,0.62007,0.6114,0.71653
0.4809,-0.0082179,0.0019594,0.0081364,0.018821,0.021862,0.048108,0.1101,0.19901,0.27859,0.31385,0.3788,0.42789,0.48142,0.54841,0.58586,0.62781,0.60831,0.71653
0.481,-0.014408,0.0035071,0.0034935,0.018821,0.023409,0.041918,0.11165,0.20984,0.28014,0.30921,0.38963,0.42015,0.47987,0.54222,0.57657,0.63555,0.59902,0.70879
0.4811,-0.0097655,0.0004118,0.00039822,0.021916,0.021862,0.037275,0.10546,0.19591,0.28168,0.30612,0.38035,0.42634,0.47833,0.53913,0.56729,0.6309,0.60366,0.70415
0.4812,-0.0097655,0.0019594,0.0081364,0.020368,0.014123,0.032632,0.10237,0.20365,0.28014,0.30457,0.37725,0.43098,0.47368,0.54222,0.56574,0.62471,0.60985,0.71498
0.4813,-0.0097655,0.0066024,0.0096841,0.01263,0.015671,0.034179,0.10701,0.20984,0.2724,0.31385,0.38809,0.43408,0.47214,0.54841,0.57038,0.63245,0.60211,0.71498
0.4814,-0.015956,0.0004118,0.0019459,0.0048918,0.021862,0.037275,0.10701,0.20984,0.27704,0.30921,0.3788,0.43098,0.47987,0.53758,0.56574,0.634,0.6145,0.71034
0.4815,-0.0082179,0.00815,0.0050412,0.018821,0.017219,0.04037,0.10082,0.2021,0.28942,0.30612,0.3788,0.43253,0.47987,0.54687,0.56729,0.62936,0.60831,0.71498
0.4816,-0.0082179,0.0004118,0.0019459,0.01263,0.018766,0.038822,0.10082,0.2021,0.28788,0.3154,0.38809,0.43098,0.47987,0.54222,0.55955,0.62471,0.60831,0.71034
0.4817,-0.0066702,-0.0011358,-0.0011494,0.0095347,0.023409,0.041918,0.10546,0.21448,0.27085,0.3154,0.3819,0.42634,0.47214,0.54067,0.55336,0.61388,0.60211,0.71498
0.4818,-0.011313,-0.0026835,0.00039822,0.01263,0.020314,0.04037,0.10856,0.21139,0.28323,0.30766,0.38499,0.42943,0.47833,0.54687,0.55336,0.61543,0.59438,0.71034
0.4819,-0.0082179,-0.0011358,0.011232,0.015725,0.023409,0.041918,0.10701,0.20984,0.28788,0.29993,0.38035,0.42943,0.47987,0.55151,0.56265,0.62162,0.59902,0.69641
0.482,-0.015956,0.011245,0.0096841,0.018821,0.020314,0.045013,0.10701,0.21139,0.28478,0.29993,0.3788,0.42015,0.47678,0.55306,0.55955,0.61698,0.60676,0.70724
0.4821,-0.012861,0.0019594,-0.0026971,0.014178,0.015671,0.037275,0.10701,0.21294,0.28788,0.30766,0.38809,0.41551,0.48142,0.55306,0.5611,0.61543,0.60057,0.7026
0.4822,-0.011313,0.0004118,0.00039822,0.0079871,0.017219,0.045013,0.10237,0.21758,0.29097,0.3154,0.38499,0.41705,0.48761,0.55306,0.558,0.61543,0.59902,0.70105
0.4823,-0.0066702,-0.0026835,0.0019459,0.0048918,0.024957,0.043465,0.10082,0.21758,0.29407,0.32159,0.37725,0.4217,0.48297,0.54996,0.55955,0.61543,0.59283,0.6995
0.4824,-0.0097655,-0.010422,0.0050412,0.014178,0.024957,0.04037,0.11165,0.21448,0.28014,0.32005,0.37571,0.42943,0.48142,0.54841,0.56574,0.61852,0.59438,0.69796
0.4825,-0.0097655,-0.0026835,0.014327,0.0079871,0.017219,0.043465,0.10082,0.21139,0.28014,0.32314,0.3788,0.42324,0.47987,0.54841,0.56265,0.61388,0.59128,0.69486
0.4826,-0.014408,-0.0011358,0.00039822,0.0064395,0.015671,0.043465,0.10391,0.21448,0.28942,0.31385,0.3819,0.4186,0.46904,0.54687,0.56265,0.61698,0.58664,0.69641
0.4827,-0.017504,0.0035071,0.0050412,0.01263,0.023409,0.038822,0.10082,0.21758,0.28168,0.31695,0.37416,0.42324,0.47214,0.54377,0.55955,0.61698,0.58819,0.70879
0.4828,-0.0097655,0.0019594,0.0034935,0.018821,0.021862,0.04037,0.10701,0.21448,0.27704,0.3185,0.3788,0.42789,0.47987,0.54222,0.55181,0.62162,0.58509,0.71034
0.4829,-0.012861,-0.0057788,0.0096841,0.0095347,0.018766,0.038822,0.1132,0.20984,0.28168,0.3185,0.38499,0.42015,0.47523,0.54222,0.55491,0.62781,0.59902,0.70879
0.483,-0.0066702,0.0004118,0.014327,0.01263,0.021862,0.04037,0.11629,0.20365,0.28323,0.31695,0.38654,0.41241,0.47214,0.54532,0.56265,0.62626,0.59438,0.70105
0.4831,-0.0097655,0.0035071,0.0065888,0.018821,0.020314,0.037275,0.11165,0.2052,0.28942,0.32159,0.3819,0.41551,0.47368,0.54222,0.56419,0.61852,0.59283,0.70105
0.4832,-0.012861,0.0066024,0.0096841,0.014178,0.024957,0.038822,0.11165,0.2021,0.28942,0.3154,0.37725,0.41705,0.47833,0.54222,0.56574,0.61698,0.59747,0.70879
0.4833,-0.012861,0.0035071,0.0096841,0.023464,0.020314,0.041918,0.11784,0.20365,0.28788,0.31385,0.37416,0.43872,0.45511,0.53913,0.57348,0.61078,0.59128,0.71962
0.4834,-0.003575,-0.0026835,0.0065888,0.020368,0.017219,0.037275,0.11475,0.20829,0.27704,0.31695,0.36797,0.42789,0.44892,0.54532,0.56729,0.62007,0.60831,0.72427
0.4835,-0.00047968,-0.0011358,0.0065888,0.014178,0.018766,0.037275,0.099271,0.19901,0.28478,0.30766,0.36178,0.43563,0.46749,0.54841,0.5611,0.62162,0.60831,0.73046
0.4836,-0.0097655,-0.0026835,0.0065888,0.025011,0.024957,0.04037,0.10082,0.20829,0.27859,0.30921,0.37261,0.43253,0.47368,0.54532,0.54872,0.62936,0.60985,0.71188
0.4837,-0.011313,-0.0011358,0.0050412,0.0064395,0.023409,0.04037,0.10082,0.20829,0.28014,0.31695,0.37261,0.42943,0.48142,0.53758,0.54562,0.62317,0.60985,0.69796
0.4838,-0.0082179,-0.0026835,0.0050412,0.0095347,0.028052,0.04037,0.096176,0.20984,0.28014,0.32159,0.37106,0.43408,0.46904,0.54532,0.55026,0.61852,0.62069,0.6995
0.4839,-0.014408,0.0066024,0.0034935,0.021916,0.028052,0.037275,0.10237,0.2021,0.27859,0.3185,0.37261,0.43563,0.46749,0.55306,0.558,0.61078,0.6114,0.71034
0.484,-0.0051226,0.0066024,0.0096841,0.023464,0.026505,0.04037,0.10701,0.2021,0.27704,0.3154,0.36952,0.43563,0.46594,0.55306,0.5611,0.61388,0.59902,0.70569
0.4841,-0.0051226,0.0004118,0.0065888,0.021916,0.021862,0.043465,0.099271,0.21139,0.28633,0.32005,0.3788,0.42943,0.45666,0.54996,0.55491,0.62162,0.59747,0.71343
0.4842,-0.015956,-0.0011358,0.0081364,0.023464,0.017219,0.037275,0.1101,0.20829,0.27704,0.32005,0.37261,0.42015,0.45975,0.53294,0.55026,0.61698,0.60985,0.71498
0.4843,-0.0097655,0.0050547,0.0081364,0.018821,0.014123,0.038822,0.10701,0.2052,0.27704,0.30612,0.3788,0.42015,0.46749,0.53603,0.55181,0.59995,0.60366,0.71034
0.4844,-0.003575,0.0019594,0.0081364,0.015725,0.021862,0.032632,0.10391,0.19436,0.28014,0.30921,0.38499,0.42324,0.47059,0.53913,0.56265,0.60769,0.59592,0.71034
0.4845,-0.0082179,-0.0057788,0.0034935,0.018821,0.024957,0.037275,0.10546,0.2021,0.28788,0.31231,0.38035,0.42634,0.47523,0.55151,0.558,0.60769,0.60211,0.71034
0.4846,-0.003575,0.0050547,0.00039822,0.021916,0.021862,0.038822,0.10237,0.20829,0.28323,0.32778,0.3819,0.43098,0.46749,0.53603,0.56265,0.61543,0.61295,0.71498
0.4847,-0.0082179,0.0035071,-0.0011494,0.018821,0.026505,0.046561,0.10237,0.20984,0.27859,0.32624,0.3788,0.43408,0.46904,0.54222,0.55955,0.61233,0.59747,0.70879
0.4848,-0.014408,0.0035071,0.0081364,0.014178,0.020314,0.043465,0.10082,0.2021,0.28323,0.32005,0.38499,0.4217,0.4644,0.54067,0.55955,0.61698,0.59592,0.71188
0.4849,-0.0097655,-0.0011358,0.0096841,0.0095347,0.021862,0.043465,0.099271,0.2052,0.27859,0.31695,0.39428,0.42634,0.4644,0.54067,0.55645,0.62471,0.59128,0.70569
0.485,-0.0097655,-0.0057788,0.0050412,0.014178,0.026505,0.041918,0.10856,0.2052,0.28014,0.31231,0.39118,0.42943,0.46285,0.52984,0.5611,0.63709,0.59128,0.70105
0.4851,-0.00047968,-0.0011358,0.0096841,0.025011,0.023409,0.043465,0.10856,0.2052,0.28168,0.32314,0.39118,0.4217,0.45821,0.53913,0.5611,0.6309,0.57735,0.70569
0.4852,-0.0082179,0.0035071,0.0081364,0.020368,0.026505,0.04037,0.10082,0.19901,0.2724,0.31385,0.38654,0.41396,0.47059,0.54377,0.55955,0.63555,0.59747,0.71034
0.4853,-0.014408,0.0004118,0.0034935,0.014178,0.020314,0.037275,0.10701,0.19901,0.27859,0.3185,0.38654,0.40932,0.47059,0.54996,0.56265,0.62936,0.60676,0.71188
0.4854,-0.00047968,0.0019594,0.0096841,0.015725,0.018766,0.038822,0.10856,0.19746,0.27704,0.32469,0.39273,0.41705,0.47059,0.5577,0.56729,0.62781,0.6114,0.71188
0.4855,-0.011313,0.0019594,0.015875,0.020368,0.024957,0.034179,0.10856,0.2021,0.27395,0.31385,0.38963,0.4186,0.46749,0.54687,0.55955,0.62317,0.60366,0.70879
0.4856,-0.0097655,0.0019594,0.0096841,0.018821,0.020314,0.043465,0.10856,0.20829,0.2724,0.3185,0.38035,0.42015,0.47059,0.55306,0.558,0.62781,0.61759,0.71498
0.4857,-0.0082179,-0.0026835,0.0081364,0.026559,0.020314,0.037275,0.1101,0.21139,0.27395,0.32933,0.38809,0.42324,0.47523,0.54222,0.55336,0.64019,0.61759,0.72272
0.4858,-0.014408,0.0019594,0.0081364,0.026559,0.018766,0.04037,0.10546,0.20675,0.26621,0.32469,0.38654,0.4186,0.47214,0.54841,0.55645,0.63245,0.61604,0.72581
0.4859,-0.014408,0.0050547,0.0019459,0.018821,0.011028,0.04037,0.10082,0.20675,0.2724,0.32469,0.3819,0.4186,0.46904,0.55306,0.55491,0.64019,0.60366,0.72272
0.486,-0.0051226,0.0004118,0.0081364,0.014178,0.020314,0.045013,0.11165,0.20829,0.28323,0.3154,0.38809,0.41241,0.47059,0.53448,0.55491,0.63864,0.6114,0.71343
0.4861,-0.0020273,-0.0011358,0.0034935,0.025011,0.014123,0.048108,0.10856,0.2052,0.28942,0.32005,0.39118,0.41551,0.47368,0.53448,0.55491,0.62936,0.61604,0.71653
0.4862,-0.00047968,-0.0042311,0.0034935,0.023464,0.0079328,0.041918,0.10856,0.2052,0.28788,0.31695,0.39273,0.41705,0.46749,0.55615,0.55491,0.62781,0.61759,0.71188
0.4863,-0.0066702,-0.0011358,0.0050412,0.020368,0.018766,0.04037,0.10856,0.20675,0.28788,0.32005,0.38035,0.41551,0.46594,0.54687,0.558,0.62471,0.61604,0.71188
0.4864,-0.012861,0.0050547,0.0065888,0.020368,0.026505,0.038822,0.099271,0.20829,0.28478,0.3185,0.37571,0.4217,0.4644,0.54377,0.5611,0.62781,0.60831,0.7026
0.4865,-0.0020273,0.0004118,0.0065888,0.023464,0.031147,0.04037,0.10546,0.19591,0.27704,0.31695,0.38963,0.4186,0.46904,0.53758,0.55645,0.63245,0.60831,0.69641
0.4866,-0.003575,0.0066024,0.00039822,0.015725,0.020314,0.04037,0.10546,0.19901,0.2724,0.32314,0.38809,0.4217,0.45666,0.54222,0.56419,0.62471,0.60985,0.68867
0.4867,-0.0097655,0.0019594,0.0081364,0.014178,0.018766,0.035727,0.11475,0.19746,0.28788,0.32933,0.38654,0.42634,0.45666,0.54067,0.55645,0.62317,0.60831,0.69331
0.4868,-0.0066702,0.0035071,0.011232,0.018821,0.023409,0.032632,0.12094,0.19901,0.27859,0.31385,0.39892,0.42943,0.45202,0.53294,0.55645,0.62936,0.60366,0.71343
0.4869,-0.0097655,-0.0026835,0.0065888,0.018821,0.023409,0.035727,0.1101,0.19591,0.27859,0.30921,0.38809,0.4186,0.45666,0.54687,0.55645,0.62936,0.58973,0.72427
0.487,-0.012861,-0.0011358,0.0050412,0.014178,0.018766,0.035727,0.10701,0.18972,0.28942,0.31695,0.38963,0.41705,0.45202,0.53448,0.55955,0.62781,0.58973,0.71653
0.4871,-0.0097655,0.0019594,0.0081364,0.011082,0.021862,0.04037,0.10546,0.2021,0.29097,0.3154,0.38499,0.42015,0.45356,0.53294,0.56419,0.62781,0.59592,0.70105
0.4872,-0.014408,0.0035071,0.0050412,0.011082,0.024957,0.048108,0.094628,0.2021,0.28788,0.31385,0.3819,0.42789,0.47214,0.54841,0.56265,0.62626,0.59902,0.70415
0.4873,-0.0082179,0.0004118,0.0065888,0.011082,0.017219,0.045013,0.09308,0.19436,0.27859,0.32469,0.38654,0.4186,0.47368,0.54377,0.55645,0.61852,0.59283,0.71653
0.4874,-0.0097655,0.0019594,0.0065888,0.014178,0.017219,0.04037,0.10082,0.19901,0.27704,0.3185,0.39118,0.41551,0.46749,0.5546,0.55181,0.61698,0.59902,0.71188
0.4875,-0.0051226,-0.0057788,0.00039822,0.011082,0.017219,0.034179,0.10701,0.20675,0.27859,0.32314,0.38809,0.4186,0.46904,0.55151,0.55026,0.62007,0.59592,0.70879
0.4876,-0.003575,0.0004118,0.0034935,0.020368,0.023409,0.04037,0.10237,0.19436,0.27859,0.3185,0.37571,0.42324,0.46749,0.53758,0.54562,0.62007,0.59438,0.71343
0.4877,-0.0097655,-0.0026835,0.0096841,0.018821,0.020314,0.043465,0.10546,0.19746,0.27704,0.31695,0.3819,0.41086,0.46904,0.53758,0.55491,0.61388,0.60366,0.71034
0.4878,-0.014408,-0.0042311,0.014327,0.020368,0.015671,0.038822,0.10237,0.20365,0.28014,0.32314,0.38035,0.40622,0.47059,0.54996,0.55645,0.61852,0.59747,0.71188
0.4879,-0.012861,0.0019594,0.0034935,0.014178,0.015671,0.04037,0.10856,0.2021,0.28014,0.3154,0.38035,0.39693,0.47523,0.5577,0.56265,0.62007,0.59592,0.71653
0.488,-0.011313,-0.0011358,0.0065888,0.023464,0.018766,0.041918,0.10856,0.19901,0.2724,0.32005,0.37571,0.40777,0.47368,0.54841,0.5611,0.62007,0.60985,0.71188
0.4881,-0.012861,0.0019594,0.0081364,0.015725,0.015671,0.04037,0.1101,0.19746,0.28168,0.3185,0.3788,0.40932,0.46749,0.54222,0.56574,0.61233,0.60211,0.71343
0.4882,-0.0082179,0.0004118,0.0065888,0.014178,0.018766,0.038822,0.10391,0.19746,0.2693,0.31231,0.38035,0.41241,0.46904,0.55151,0.55491,0.61233,0.59283,0.71807
0.4883,-0.012861,0.0035071,0.014327,0.020368,0.020314,0.038822,0.10701,0.19436,0.27395,0.32005,0.38499,0.40777,0.45356,0.53758,0.55491,0.60614,0.58664,0.71498
0.4884,-0.0097655,0.0019594,0.0065888,0.023464,0.021862,0.041918,0.10546,0.18972,0.28478,0.31695,0.38499,0.4217,0.45821,0.53603,0.56729,0.61543,0.58664,0.71034
0.4885,-0.0066702,0.0035071,0.014327,0.015725,0.021862,0.049656,0.10701,0.19282,0.28168,0.30766,0.37725,0.4186,0.45666,0.53603,0.56419,0.60614,0.59128,0.71498
0.4886,-0.014408,-0.011969,0.015875,0.015725,0.024957,0.043465,0.10237,0.19436,0.28014,0.31385,0.39273,0.40777,0.45975,0.53603,0.57038,0.6015,0.59283,0.71653
0.4887,-0.0097655,-0.011969,0.014327,0.018821,0.023409,0.041918,0.094628,0.19591,0.28478,0.31385,0.39118,0.4186,0.4644,0.54067,0.56265,0.61543,0.582,0.732
0.4888,-0.011313,-0.0026835,0.011232,0.020368,0.011028,0.041918,0.10082,0.19591,0.28014,0.30921,0.38499,0.4186,0.46904,0.54222,0.56729,0.61852,0.58509,0.72891
0.4889,-0.0082179,0.0004118,0.0081364,0.015725,0.020314,0.043465,0.10856,0.19436,0.27859,0.32314,0.38035,0.41396,0.46749,0.54377,0.56265,0.61852,0.58819,0.72272
0.489,-0.0097655,0.0004118,-0.00734,0.021916,0.023409,0.045013,0.10237,0.18663,0.28014,0.30766,0.38035,0.41396,0.4644,0.54841,0.56265,0.61078,0.59747,0.71962
0.4891,-0.003575,0.0035071,0.0050412,0.021916,0.026505,0.041918,0.10856,0.19436,0.28633,0.3185,0.3788,0.4217,0.45975,0.55615,0.57348,0.61543,0.59747,0.71498
0.4892,-0.0082179,-0.0011358,0.011232,0.023464,0.028052,0.045013,0.10701,0.18817,0.28168,0.3185,0.38654,0.4217,0.4644,0.54222,0.5611,0.61388,0.59283,0.72272
0.4893,-0.003575,-0.0011358,0.015875,0.031202,0.023409,0.043465,0.10237,0.18972,0.28014,0.30302,0.40047,0.42015,0.46749,0.53603,0.56574,0.60305,0.59902,0.72427
0.4894,-0.0097655,0.0066024,0.015875,0.025011,0.021862,0.043465,0.10546,0.19127,0.28014,0.30457,0.38499,0.42789,0.46594,0.52675,0.56265,0.61543,0.59592,0.72427
0.4895,-0.0097655,-0.0026835,0.0065888,0.014178,0.017219,0.035727,0.10856,0.19436,0.28014,0.30302,0.38499,0.41705,0.45975,0.53603,0.56265,0.62781,0.59747,0.71188
0.4896,-0.0066702,0.0035071,0.0096841,0.01263,0.018766,0.034179,0.10082,0.2052,0.28168,0.31231,0.3819,0.42789,0.46594,0.52984,0.57193,0.63245,0.58509,0.72427
0.4897,-0.0051226,0.00815,0.011232,0.011082,0.018766,0.04037,0.1132,0.19746,0.28942,0.30921,0.38809,0.4186,0.46749,0.52829,0.56574,0.62007,0.59592,0.72736
0.4898,-0.014408,0.0066024,0.0065888,0.01263,0.023409,0.038822,0.10856,0.19127,0.28942,0.3185,0.38654,0.4186,0.46594,0.52984,0.56729,0.64019,0.59283,0.71188
0.4899,-0.0082179,0.00815,0.0081364,0.01263,0.018766,0.048108,0.10856,0.18972,0.28788,0.32005,0.37261,0.41086,0.4644,0.52984,0.56574,0.63864,0.58509,0.70415
0.49,-0.0097655,0.0035071,0.014327,0.0095347,0.023409,0.043465,0.1132,0.18972,0.28014,0.3185,0.38035,0.40932,0.45666,0.52675,0.57812,0.634,0.59438,0.70415
0.4901,-0.012861,0.0004118,0.0081364,0.021916,0.024957,0.043465,0.10546,0.19282,0.28633,0.3154,0.38654,0.4186,0.47523,0.53913,0.55645,0.61852,0.58664,0.71498
0.4902,-0.0051226,-0.0026835,0.014327,0.029654,0.017219,0.038822,0.10856,0.19591,0.29097,0.3154,0.38963,0.41705,0.47059,0.54377,0.55026,0.61388,0.58354,0.71498
0.4903,-0.003575,0.0019594,0.0081364,0.023464,0.017219,0.037275,0.10701,0.2052,0.28168,0.3185,0.3819,0.41551,0.4644,0.54377,0.54562,0.61388,0.59592,0.71962
0.4904,-0.003575,-0.0042311,0.0019459,0.021916,0.014123,0.035727,0.10701,0.19901,0.28478,0.31695,0.37725,0.41241,0.46749,0.54222,0.54872,0.61852,0.60057,0.72427
0.4905,-0.0051226,0.0004118,0.00039822,0.0095347,0.014123,0.043465,0.1101,0.2052,0.28633,0.32469,0.37571,0.40932,0.47523,0.54841,0.55181,0.62162,0.59747,0.72272
0.4906,-0.0082179,-0.0011358,0.0019459,0.011082,0.023409,0.041918,0.10391,0.2021,0.28942,0.33243,0.38035,0.41241,0.46749,0.54687,0.56729,0.62781,0.58819,0.71343
0.4907,-0.0051226,-0.0073264,0.0034935,0.014178,0.023409,0.043465,0.099271,0.19746,0.28788,0.32159,0.39583,0.4186,0.46904,0.54532,0.56729,0.62936,0.58664,0.70105
0.4908,-0.003575,0.0004118,0.0081364,0.020368,0.023409,0.04037,0.1101,0.2052,0.28788,0.31695,0.39118,0.4186,0.46904,0.54532,0.56574,0.62317,0.59283,0.7026
0.4909,-0.014408,0.0035071,0.0081364,0.018821,0.015671,0.04037,0.11165,0.20365,0.28942,0.3185,0.39273,0.4186,0.4644,0.55615,0.57193,0.61543,0.59592,0.70879
0.491,-0.0097655,0.0096977,0.0065888,0.020368,0.017219,0.038822,0.10391,0.19901,0.28633,0.3185,0.39428,0.42324,0.46749,0.55306,0.5611,0.61698,0.59128,0.71653
0.4911,-0.0020273,0.00815,-0.0011494,0.01263,0.020314,0.037275,0.10546,0.19901,0.29097,0.32469,0.38809,0.41241,0.46749,0.53913,0.56729,0.6309,0.59438,0.70879
0.4912,-0.0020273,0.0035071,0.0034935,0.020368,0.020314,0.043465,0.10546,0.19436,0.28942,0.32314,0.38963,0.4186,0.46904,0.54532,0.57038,0.63555,0.60366,0.71188
0.4913,-0.0082179,0.0035071,0.0019459,0.023464,0.015671,0.048108,0.10701,0.19436,0.28168,0.31231,0.39273,0.42324,0.47059,0.55306,0.55491,0.62317,0.60831,0.70879
0.4914,-0.0020273,0.0035071,0.0081364,0.023464,0.017219,0.041918,0.10856,0.19127,0.27395,0.30612,0.38654,0.4186,0.46594,0.54841,0.56574,0.61852,0.60831,0.69796
0.4915,-0.0082179,0.0035071,0.0065888,0.0079871,0.017219,0.041918,0.10856,0.19436,0.28788,0.3185,0.3819,0.4217,0.4644,0.54532,0.56265,0.61698,0.60676,0.69022
0.4916,-0.0020273,-0.0057788,0.0019459,0.014178,0.017219,0.041918,0.10237,0.2021,0.28478,0.3185,0.38499,0.42324,0.46594,0.54067,0.55955,0.62317,0.6114,0.69331
0.4917,-0.011313,0.0004118,0.014327,0.014178,0.023409,0.045013,0.10391,0.2052,0.26776,0.3154,0.38963,0.4217,0.47987,0.54377,0.558,0.62471,0.60831,0.70415
0.4918,-0.0066702,0.00815,0.017422,0.011082,0.017219,0.04037,0.10391,0.20675,0.2693,0.31385,0.39583,0.41551,0.46285,0.53913,0.54098,0.62162,0.60366,0.70569
0.4919,-0.0066702,0.0004118,0.0081364,0.01263,0.015671,0.041918,0.10082,0.19901,0.28478,0.3154,0.39892,0.4186,0.4644,0.54222,0.55336,0.62317,0.59902,0.70415
0.492,-0.0082179,-0.0073264,0.0019459,0.0079871,0.014123,0.031084,0.10701,0.19591,0.27395,0.30766,0.39118,0.41241,0.47059,0.54687,0.57038,0.62781,0.60211,0.71498
0.4921,-0.0051226,-0.0042311,0.0050412,0.023464,0.018766,0.04037,0.10391,0.20365,0.27859,0.30302,0.38963,0.41241,0.46285,0.5577,0.57812,0.62936,0.60366,0.7026
0.4922,0.001068,-0.0073264,0.0081364,0.020368,0.020314,0.046561,0.10391,0.19282,0.27859,0.30302,0.38809,0.41241,0.4644,0.56234,0.56729,0.62781,0.59747,0.70415
0.4923,-0.0097655,-0.0073264,0.0081364,0.011082,0.015671,0.054299,0.10701,0.19127,0.27859,0.30921,0.37725,0.42015,0.46904,0.5546,0.56729,0.63555,0.6114,0.70879
0.4924,-0.0097655,-0.0073264,0.015875,0.025011,0.018766,0.045013,0.1132,0.2021,0.28014,0.30921,0.39118,0.41551,0.46904,0.54687,0.56729,0.62162,0.62069,0.72427
0.4925,-0.0097655,-0.0088741,-0.0026971,0.020368,0.021862,0.04037,0.10856,0.20675,0.28014,0.31231,0.38963,0.41551,0.47214,0.54532,0.56265,0.63555,0.6114,0.70879
0.4926,-0.012861,-0.010422,0.00039822,0.023464,0.0063852,0.037275,0.10237,0.20365,0.28168,0.30766,0.39273,0.4186,0.47214,0.5577,0.5611,0.63864,0.60831,0.70569
0.4927,-0.0097655,-0.0011358,0.0096841,0.015725,0.014123,0.043465,0.097723,0.2052,0.28168,0.30302,0.39583,0.41396,0.47368,0.5546,0.57657,0.62317,0.59902,0.7026
0.4928,0.001068,0.0004118,0.0081364,0.018821,0.017219,0.038822,0.11165,0.20675,0.28788,0.30766,0.39273,0.40932,0.46594,0.54532,0.57657,0.62471,0.59592,0.6995
0.4929,-0.0066702,-0.0026835,-0.0011494,0.023464,0.021862,0.04037,0.10391,0.20829,0.28478,0.31231,0.39118,0.40932,0.46904,0.54377,0.58122,0.61233,0.59747,0.70879
0.493,-0.0020273,0.0096977,0.0065888,0.023464,0.020314,0.043465,0.10082,0.20984,0.28168,0.32314,0.39737,0.4186,0.47214,0.54377,0.56574,0.62162,0.59592,0.71653
0.4931,-0.00047968,-0.0011358,0.0081364,0.01263,0.020314,0.041918,0.1101,0.19901,0.28168,0.30921,0.38499,0.4186,0.45666,0.54687,0.57503,0.61233,0.60211,0.72427
0.4932,-0.0082179,-0.0011358,0.0065888,0.018821,0.017219,0.041918,0.10701,0.2052,0.27395,0.30766,0.39273,0.42015,0.45666,0.54687,0.57967,0.61388,0.60676,0.71034
0.4933,-0.0051226,-0.0011358,0.011232,0.021916,0.015671,0.04037,0.11165,0.20675,0.2693,0.30766,0.38809,0.40777,0.46594,0.5577,0.57812,0.62162,0.60211,0.71343
0.4934,0.001068,-0.0042311,0.0096841,0.015725,0.017219,0.032632,0.1101,0.20984,0.28168,0.30612,0.38963,0.41241,0.46904,0.5577,0.57967,0.62162,0.6145,0.70879
0.4935,-0.00047968,-0.0026835,0.00039822,0.018821,0.024957,0.037275,0.10391,0.20365,0.28014,0.30921,0.39118,0.42789,0.46285,0.54377,0.57503,0.63245,0.61759,0.69331
0.4936,0.0026156,0.0004118,0.0034935,0.021916,0.015671,0.038822,0.10856,0.20365,0.28014,0.31231,0.38809,0.41241,0.45975,0.53294,0.57038,0.62781,0.59592,0.69641
0.4937,-0.0020273,0.00815,0.011232,0.015725,0.018766,0.045013,0.11165,0.21448,0.28323,0.30612,0.38809,0.40777,0.4644,0.53913,0.56729,0.62781,0.59128,0.7026
0.4938,-0.0097655,0.0019594,0.0065888,0.018821,0.015671,0.037275,0.10546,0.20829,0.28323,0.31231,0.39428,0.4186,0.45666,0.54841,0.56574,0.62781,0.58819,0.70569
0.4939,0.001068,-0.0073264,0.0050412,0.021916,0.0094804,0.032632,0.099271,0.21294,0.28323,0.30921,0.39583,0.4217,0.45975,0.53603,0.56729,0.62781,0.58819,0.70724
0.494,-0.00047968,-0.0011358,0.0081364,0.021916,0.021862,0.041918,0.11165,0.21139,0.28323,0.29993,0.39428,0.43872,0.4644,0.52829,0.5611,0.63245,0.58664,0.70415
0.4941,-0.0051226,-0.0026835,0.0065888,0.021916,0.017219,0.037275,0.10391,0.20365,0.26776,0.30147,0.38654,0.42789,0.4644,0.53758,0.56265,0.62471,0.58973,0.71343
0.4942,-0.0066702,0.0050547,0.0050412,0.014178,0.0094804,0.04037,0.10237,0.20829,0.26466,0.30302,0.38654,0.4186,0.46904,0.53603,0.55336,0.6309,0.59438,0.71034
0.4943,-0.0097655,-0.0011358,0.0096841,0.020368,0.023409,0.041918,0.10082,0.21294,0.27085,0.29528,0.39737,0.42015,0.45821,0.54067,0.558,0.62936,0.60676,0.70415
0.4944,-0.0082179,-0.0011358,-0.0026971,0.014178,0.021862,0.038822,0.10237,0.21139,0.28168,0.29683,0.39428,0.42324,0.4644,0.53603,0.56729,0.62471,0.60211,0.71653
0.4945,-0.0051226,-0.0042311,0.0034935,0.021916,0.026505,0.04037,0.10237,0.20984,0.28478,0.29374,0.38654,0.4217,0.4644,0.52675,0.56265,0.62162,0.60366,0.71034
0.4946,-0.0082179,-0.0011358,0.0050412,0.021916,0.020314,0.041918,0.10082,0.2052,0.28168,0.30147,0.38035,0.41705,0.45975,0.53448,0.5611,0.62471,0.61295,0.71343
0.4947,-0.0051226,0.0019594,0.0050412,0.025011,0.024957,0.04037,0.1101,0.19282,0.27395,0.30457,0.3819,0.42324,0.47059,0.52984,0.55955,0.62471,0.60366,0.71653
0.4948,-0.0051226,0.0019594,0.0034935,0.01263,0.0296,0.04037,0.097723,0.2052,0.27395,0.30612,0.38654,0.4186,0.46749,0.54222,0.56265,0.61388,0.6114,0.71498
0.4949,-0.003575,0.0004118,0.014327,0.011082,0.023409,0.041918,0.10701,0.2021,0.27395,0.31385,0.38654,0.4186,0.45975,0.54996,0.55955,0.61233,0.61295,0.70415
0.495,-0.0082179,-0.0042311,0.0050412,0.020368,0.021862,0.035727,0.10237,0.21139,0.27395,0.30921,0.39118,0.43098,0.46285,0.53758,0.56729,0.61698,0.60676,0.71343
0.4951,-0.0082179,-0.0073264,0.0019459,0.023464,0.021862,0.045013,0.10082,0.20675,0.28168,0.29683,0.39737,0.42015,0.47987,0.54841,0.56419,0.62781,0.59902,0.70879
0.4952,-0.012861,-0.0011358,0.0081364,0.01263,0.020314,0.043465,0.10701,0.2052,0.27859,0.30457,0.39428,0.42015,0.47833,0.54532,0.55645,0.61852,0.60831,0.70415
0.4953,-0.0051226,-0.0073264,0.0081364,0.023464,0.026505,0.037275,0.10546,0.21603,0.28168,0.30457,0.39892,0.4186,0.47833,0.52675,0.56729,0.61388,0.60676,0.71962
0.4954,-0.0066702,-0.0042311,0.0034935,0.015725,0.018766,0.04037,0.12249,0.20675,0.28168,0.30921,0.40047,0.42634,0.4644,0.52829,0.56729,0.62626,0.6114,0.71343
0.4955,-0.003575,0.0066024,0.0034935,0.0079871,0.024957,0.043465,0.10856,0.20365,0.28014,0.30921,0.38963,0.4186,0.45975,0.53294,0.55645,0.62626,0.62223,0.70415
0.4956,-0.0051226,0.0035071,0.0019459,0.011082,0.017219,0.037275,0.099271,0.20675,0.28478,0.30147,0.38035,0.41705,0.47059,0.54222,0.558,0.62007,0.62533,0.71034
0.4957,-0.0097655,-0.0042311,-0.0011494,0.014178,0.015671,0.043465,0.10082,0.19591,0.27859,0.30147,0.37725,0.42324,0.46749,0.53758,0.558,0.62471,0.61604,0.71498
0.4958,-0.0066702,0.0050547,-0.0011494,0.020368,0.0094804,0.045013,0.11165,0.20675,0.28323,0.29838,0.38035,0.42789,0.47678,0.5252,0.56419,0.63709,0.6145,0.70879
0.4959,-0.0097655,0.0019594,0.0081364,0.020368,0.026505,0.037275,0.11784,0.20829,0.28323,0.29528,0.38035,0.4217,0.47987,0.53603,0.57038,0.62626,0.60985,0.70879
0.496,-0.011313,0.0050547,0.0081364,0.020368,0.026505,0.041918,0.10701,0.21758,0.28323,0.29993,0.38499,0.41241,0.46749,0.54222,0.558,0.62781,0.60057,0.70879
0.4961,-0.0051226,0.0035071,0.0065888,0.014178,0.021862,0.035727,0.10546,0.21758,0.28014,0.30302,0.38654,0.41396,0.46904,0.53294,0.558,0.62936,0.60676,0.71807
0.4962,-0.0066702,0.0019594,0.014327,0.018821,0.021862,0.037275,0.1101,0.21294,0.28478,0.30457,0.39118,0.40312,0.46749,0.53448,0.56574,0.62471,0.60676,0.71343
0.4963,-0.00047968,0.0035071,0.0096841,0.0079871,0.023409,0.052751,0.11939,0.21448,0.28788,0.30612,0.38963,0.40312,0.45666,0.54532,0.5611,0.62936,0.60985,0.70105
0.4964,-0.011313,0.0004118,0.0081364,0.023464,0.015671,0.041918,0.10701,0.21294,0.28168,0.30147,0.39273,0.40622,0.46285,0.54377,0.558,0.634,0.60676,0.69796
0.4965,-0.011313,-0.0088741,0.0081364,0.021916,0.021862,0.041918,0.10391,0.21294,0.28014,0.31385,0.39118,0.41241,0.46749,0.54687,0.5611,0.63245,0.61295,0.70569
0.4966,-0.0020273,-0.0026835,0.00039822,0.018821,0.021862,0.041918,0.099271,0.20829,0.2724,0.30612,0.40047,0.40622,0.46904,0.53758,0.56574,0.63245,0.60831,0.71188
0.4967,-0.00047968,0.0019594,0.00039822,0.018821,0.017219,0.045013,0.10237,0.21294,0.27704,0.30921,0.38499,0.40622,0.46285,0.54532,0.56265,0.63245,0.60676,0.72891
0.4968,-0.0082179,0.0019594,0.0050412,0.0064395,0.021862,0.043465,0.099271,0.20829,0.28014,0.30612,0.38654,0.40467,0.47059,0.54222,0.55955,0.6309,0.60366,0.72891
0.4969,-0.0082179,0.0019594,0.0081364,0.014178,0.017219,0.041918,0.10082,0.20365,0.27704,0.30457,0.38963,0.41086,0.46904,0.54532,0.55955,0.62626,0.59283,0.72272
0.497,-0.0097655,0.0004118,0.0065888,0.020368,0.020314,0.034179,0.10391,0.21139,0.26776,0.30766,0.39118,0.40467,0.47368,0.54687,0.55491,0.62162,0.59902,0.72427
0.4971,-0.0097655,0.0066024,0.0050412,0.023464,0.021862,0.041918,0.096176,0.20829,0.28478,0.30921,0.39118,0.39693,0.4644,0.54687,0.56265,0.61698,0.6114,0.72581
0.4972,-0.0097655,0.0050547,0.0019459,0.021916,0.026505,0.043465,0.094628,0.20984,0.27085,0.30766,0.39273,0.40467,0.45666,0.54377,0.5611,0.61078,0.60831,0.71498
0.4973,-0.0051226,-0.0011358,0.0096841,0.023464,0.021862,0.046561,0.10546,0.20829,0.27859,0.30921,0.38809,0.40158,0.46904,0.54222,0.558,0.61233,0.60366,0.71653
0.4974,-0.0097655,-0.0057788,0.0065888,0.021916,0.015671,0.043465,0.10237,0.21294,0.27859,0.30766,0.38499,0.40312,0.46904,0.53913,0.5611,0.61543,0.6145,0.71498
0.4975,-0.015956,0.0004118,0.0050412,0.0079871,0.024957,0.043465,0.11165,0.20984,0.27395,0.30921,0.39118,0.40312,0.47368,0.53603,0.54872,0.62471,0.6114,0.72736
0.4976,-0.015956,-0.0011358,0.0034935,0.020368,0.023409,0.041918,0.1132,0.20829,0.27395,0.30457,0.38963,0.41086,0.47059,0.53913,0.55181,0.62471,0.60057,0.72272
0.4977,-0.014408,-0.0057788,-0.0011494,0.011082,0.031147,0.038822,0.10856,0.21139,0.27704,0.30302,0.3819,0.41241,0.4644,0.53913,0.54717,0.61852,0.60211,0.71343
0.4978,-0.012861,-0.0057788,0.0096841,0.0079871,0.026505,0.037275,0.10391,0.2021,0.27859,0.30457,0.38654,0.40932,0.45975,0.53448,0.55181,0.62471,0.6145,0.71034
0.4979,-0.011313,0.0019594,0.0081364,0.023464,0.018766,0.037275,0.10856,0.20984,0.26776,0.30612,0.37725,0.41396,0.46594,0.53294,0.55491,0.62317,0.61295,0.71807
0.498,-0.0066702,-0.0011358,0.0050412,0.026559,0.015671,0.034179,0.10546,0.20984,0.26002,0.29993,0.3788,0.41086,0.45975,0.54067,0.53479,0.61388,0.60676,0.70879
0.4981,-0.017504,-0.0073264,0.0065888,0.023464,0.014123,0.045013,0.1132,0.20829,0.2724,0.30147,0.38654,0.40932,0.45666,0.53603,0.53788,0.61543,0.59438,0.71343
0.4982,-0.0097655,-0.0026835,0.0019459,0.023464,0.0296,0.052751,0.1101,0.2021,0.27395,0.30921,0.37725,0.40932,0.46594,0.52984,0.55336,0.6309,0.59902,0.6995
0.4983,-0.012861,0.0019594,0.0019459,0.020368,0.031147,0.049656,0.10546,0.2021,0.26466,0.31231,0.37725,0.40777,0.46285,0.54067,0.54872,0.61698,0.60831,0.70105
0.4984,-0.028337,0.0050547,0.0019459,0.023464,0.021862,0.043465,0.10856,0.20365,0.26621,0.29993,0.38499,0.41705,0.46285,0.54067,0.55026,0.62007,0.60985,0.70569
0.4985,-0.020599,0.0066024,0.0096841,0.021916,0.020314,0.032632,0.10701,0.20675,0.28323,0.29993,0.3819,0.40777,0.45202,0.54532,0.55336,0.62781,0.60831,0.71498
0.4986,-0.0097655,-0.0011358,0.0050412,0.011082,0.020314,0.04037,0.10546,0.19901,0.27859,0.30457,0.38035,0.40777,0.45511,0.54067,0.55336,0.61698,0.60676,0.71343
0.4987,-0.0097655,0.0035071,0.0081364,0.011082,0.021862,0.041918,0.099271,0.2021,0.28478,0.29838,0.38499,0.40932,0.45666,0.54532,0.56265,0.61698,0.60057,0.71653
0.4988,-0.0097655,0.0066024,0.0065888,0.020368,0.028052,0.045013,0.10237,0.20984,0.28478,0.29838,0.38963,0.40932,0.45356,0.54687,0.54872,0.61852,0.60057,0.71343
0.4989,-0.011313,-0.0011358,0.0096841,0.018821,0.028052,0.041918,0.099271,0.20365,0.27395,0.29683,0.40047,0.40932,0.45356,0.54687,0.54098,0.61698,0.60057,0.71498
0.499,-0.0066702,-0.0042311,0.0065888,0.018821,0.020314,0.045013,0.096176,0.20365,0.27085,0.30147,0.38499,0.41086,0.45511,0.53448,0.53634,0.6309,0.60211,0.72272
0.4991,-0.0066702,0.0035071,0.0065888,0.021916,0.015671,0.043465,0.10391,0.2052,0.26776,0.30612,0.38499,0.40622,0.47678,0.54687,0.53479,0.63245,0.60831,0.71653
0.4992,-0.0082179,0.00815,0.0034935,0.015725,0.0079328,0.048108,0.10856,0.20365,0.27395,0.30457,0.37571,0.41551,0.47678,0.54841,0.54253,0.6309,0.60985,0.71962
0.4993,-0.0020273,0.0050547,0.0019459,0.014178,0.020314,0.049656,0.094628,0.20365,0.27395,0.30457,0.38654,0.40932,0.4644,0.54067,0.54562,0.62471,0.59902,0.72272
0.4994,-0.0097655,0.0035071,0.014327,0.018821,0.018766,0.054299,0.10546,0.19901,0.28168,0.30921,0.37106,0.4186,0.4644,0.53294,0.53479,0.634,0.59283,0.72581
0.4995,-0.0097655,0.0035071,0.0034935,0.011082,0.020314,0.043465,0.11165,0.20675,0.28323,0.30457,0.36487,0.41396,0.4644,0.52829,0.54407,0.6309,0.59902,0.72272
0.4996,-0.0051226,0.0019594,0.0019459,0.011082,0.023409,0.038822,0.10546,0.20365,0.28633,0.30302,0.37261,0.41396,0.45821,0.53603,0.55955,0.62471,0.59438,0.72891
0.4997,-0.0097655,-0.0026835,0.0065888,0.020368,0.021862,0.041918,0.10237,0.20829,0.28478,0.29683,0.37416,0.41705,0.45666,0.53603,0.55955,0.63555,0.59902,0.71962
0.4998,-0.012861,0.0004118,0.00039822,0.01263,0.024957,0.041918,0.097723,0.20829,0.27704,0.30147,0.37261,0.41551,0.46285,0.54377,0.558,0.62781,0.59592,0.72427
0.4999,-0.0082179,0.00815,0.0065888,0.015725,0.026505,0.038822,0.10082,0.20829,0.26776,0.30766,0.3788,0.41705,0.46904,0.54222,0.55026,0.60769,0.60676,0.70879
0.5,-0.011313,0.0066024,0.0034935,0.021916,0.026505,0.04037,0.10856,0.21448,0.2693,0.30921,0.37571,0.42324,0.46749,0.55151,0.54872,0.61852,0.59438,0.69641
0.5001,-0.0097655,0.00815,0.0081364,0.011082,0.017219,0.04037,0.10546,0.20984,0.26466,0.30457,0.37571,0.42015,0.46749,0.54377,0.54872,0.62936,0.59747,0.70724
0.5002,-0.0082179,-0.0011358,-0.0011494,0.014178,0.011028,0.037275,0.10082,0.20365,0.2693,0.30302,0.3788,0.41396,0.45975,0.54532,0.54872,0.62317,0.59592,0.71188
0.5003,-0.0082179,-0.0073264,0.0065888,0.018821,0.020314,0.037275,0.10391,0.21139,0.27395,0.30766,0.37725,0.41705,0.45511,0.54687,0.55336,0.62471,0.59128,0.72272
0.5004,-0.0082179,0.0066024,0.0081364,0.014178,0.014123,0.038822,0.10237,0.21294,0.27395,0.30302,0.38499,0.41396,0.45511,0.54067,0.54717,0.62781,0.59438,0.71034
0.5005,-0.011313,-0.0042311,0.0096841,0.011082,0.018766,0.04037,0.10082,0.20675,0.26776,0.30147,0.37725,0.40777,0.45356,0.53913,0.54872,0.61852,0.59592,0.7026
0.5006,-0.0020273,0.0019594,0.0081364,0.021916,0.018766,0.04037,0.10701,0.21139,0.26621,0.30147,0.38963,0.40932,0.45975,0.55151,0.55336,0.62936,0.59747,0.7026
0.5007,-0.0020273,0.0004118,-0.0011494,0.021916,0.020314,0.045013,0.10546,0.20829,0.2693,0.29838,0.38035,0.40467,0.46594,0.54067,0.558,0.62007,0.60676,0.69641
0.5008,0.001068,0.0019594,-0.0011494,0.021916,0.026505,0.04037,0.099271,0.2021,0.26157,0.29838,0.38499,0.40777,0.45511,0.53603,0.55336,0.61543,0.59438,0.6995
0.5009,-0.00047968,-0.0042311,0.0034935,0.015725,0.023409,0.037275,0.097723,0.20675,0.26311,0.29838,0.3788,0.4217,0.46285,0.53913,0.55336,0.61233,0.59438,0.69486
0.501,0.0026156,-0.0011358,0.0081364,0.018821,0.020314,0.04037,0.10546,0.20984,0.26466,0.30612,0.37725,0.41396,0.46749,0.54377,0.558,0.61233,0.58973,0.69641
0.5011,-0.003575,0.0066024,0.0019459,0.018821,0.020314,0.04037,0.10701,0.20984,0.26311,0.30457,0.3819,0.40777,0.4644,0.53913,0.55645,0.60305,0.59283,0.7026
0.5012,-0.0082179,0.0035071,0.0019459,0.014178,0.021862,0.046561,0.10856,0.2052,0.26311,0.30612,0.37416,0.41241,0.45511,0.53603,0.558,0.62471,0.59283,0.71807
0.5013,-0.0082179,0.0050547,0.0065888,0.021916,0.017219,0.045013,0.1101,0.21448,0.27395,0.30766,0.37725,0.41551,0.45511,0.54377,0.54872,0.61698,0.59438,0.72272
0.5014,-0.0082179,-0.0011358,0.00039822,0.020368,0.021862,0.04037,0.10856,0.20984,0.27395,0.30612,0.38035,0.41396,0.44428,0.53913,0.56265,0.6309,0.59128,0.72736
0.5015,-0.0051226,0.0004118,-0.0026971,0.014178,0.018766,0.037275,0.10546,0.20675,0.27085,0.29993,0.38809,0.4186,0.45202,0.53294,0.55645,0.6309,0.59283,0.74129
0.5016,-0.003575,0.0004118,0.0096841,0.021916,0.018766,0.04037,0.10391,0.21448,0.2724,0.30766,0.38499,0.4217,0.45202,0.52984,0.55645,0.63555,0.58664,0.732
0.5017,-0.014408,-0.0042311,0.0065888,0.021916,0.020314,0.038822,0.10701,0.21294,0.26466,0.3154,0.38499,0.41241,0.45975,0.52365,0.55645,0.61388,0.59438,0.73819
0.5018,-0.003575,-0.0057788,0.0096841,0.025011,0.017219,0.037275,0.10546,0.21294,0.26157,0.31385,0.3788,0.41086,0.45666,0.5252,0.55955,0.61233,0.60676,0.73046
0.5019,0.001068,-0.0057788,0.0034935,0.023464,0.021862,0.043465,0.10391,0.20675,0.26776,0.30921,0.38035,0.41551,0.45047,0.53913,0.55491,0.60614,0.59902,0.72427
0.502,-0.0051226,-0.0042311,-0.0011494,0.018821,0.024957,0.037275,0.10082,0.2052,0.27704,0.3154,0.3788,0.42015,0.44892,0.53448,0.55955,0.60614,0.58664,0.73355
0.5021,-0.003575,-0.0026835,-0.0011494,0.018821,0.015671,0.04037,0.10546,0.2021,0.27704,0.30921,0.3819,0.42943,0.45356,0.52365,0.55645,0.61233,0.59592,0.732
0.5022,-0.003575,-0.0011358,0.011232,0.01263,0.015671,0.037275,0.10391,0.2021,0.27704,0.31385,0.36952,0.42943,0.45666,0.52829,0.55955,0.61233,0.59283,0.72891
0.5023,0.0026156,0.0035071,-0.0026971,0.018821,0.021862,0.04037,0.10701,0.19901,0.28168,0.3154,0.37725,0.4186,0.46285,0.53603,0.5611,0.60614,0.59592,0.71653
0.5024,-0.0066702,0.0004118,0.0019459,0.0095347,0.018766,0.04037,0.10701,0.19591,0.27704,0.31385,0.3788,0.41396,0.45666,0.53448,0.55645,0.60614,0.60057,0.72736
0.5025,-0.003575,-0.0011358,0.0096841,0.01263,0.018766,0.048108,0.10856,0.2052,0.2724,0.30766,0.3819,0.41551,0.45202,0.52365,0.54872,0.61078,0.60211,0.72427
0.5026,-0.0020273,-0.0011358,0.0096841,0.026559,0.017219,0.041918,0.10856,0.20365,0.28014,0.30766,0.36797,0.42324,0.45666,0.52056,0.54717,0.61698,0.60057,0.71962
0.5027,-0.00047968,-0.0011358,0.0096841,0.025011,0.021862,0.04037,0.11165,0.2021,0.28323,0.30766,0.36952,0.42015,0.45511,0.52056,0.55181,0.61388,0.59283,0.72736
0.5028,0.001068,0.0035071,0.0065888,0.021916,0.021862,0.046561,0.096176,0.20829,0.28168,0.31231,0.36952,0.4186,0.45975,0.53294,0.558,0.60924,0.59592,0.73665
0.5029,0.001068,0.0050547,0.01897,0.0095347,0.024957,0.04037,0.10856,0.20675,0.2693,0.31385,0.37571,0.42943,0.45356,0.53448,0.55645,0.60924,0.59438,0.71807
0.503,-0.003575,-0.0011358,0.0050412,0.015725,0.0296,0.034179,0.10391,0.20829,0.27395,0.30921,0.3819,0.42634,0.45511,0.52675,0.558,0.61543,0.60831,0.71807
0.5031,0.0026156,-0.0057788,0.014327,0.014178,0.020314,0.034179,0.097723,0.2021,0.2693,0.30921,0.38654,0.4217,0.44737,0.51282,0.5611,0.61388,0.59902,0.71034
0.5032,-0.0020273,0.0004118,0.0019459,0.014178,0.031147,0.048108,0.10546,0.19746,0.26466,0.30612,0.38499,0.4186,0.45511,0.51746,0.55491,0.59686,0.59902,0.71498
0.5033,-0.0020273,0.0050547,0.0019459,0.0095347,0.028052,0.046561,0.10856,0.19746,0.2724,0.30457,0.3819,0.4217,0.45821,0.5221,0.55491,0.60305,0.60366,0.71498
0.5034,-0.0020273,-0.0057788,0.0034935,0.021916,0.021862,0.043465,0.10237,0.20829,0.26621,0.30612,0.37261,0.41241,0.45356,0.52056,0.5611,0.62471,0.62069,0.71188
0.5035,-0.0066702,-0.0026835,0.0034935,0.0095347,0.021862,0.037275,0.1101,0.21294,0.27395,0.30612,0.36952,0.41705,0.45202,0.53294,0.55645,0.62936,0.6145,0.73974
0.5036,-0.00047968,0.0035071,-0.0042447,0.015725,0.020314,0.041918,0.1101,0.20675,0.28168,0.30457,0.36487,0.41705,0.44737,0.52984,0.57038,0.61698,0.6114,0.73974
0.5037,-0.0082179,0.0035071,-0.0026971,0.015725,0.024957,0.049656,0.10701,0.2052,0.2724,0.3154,0.36332,0.42789,0.45511,0.53294,0.5611,0.61233,0.61604,0.74129
0.5038,-0.0082179,-0.0011358,0.0019459,0.011082,0.021862,0.049656,0.10546,0.2021,0.2724,0.31231,0.36797,0.41551,0.47214,0.53448,0.55181,0.62471,0.62223,0.73665
0.5039,-0.0020273,-0.0026835,0.0019459,0.015725,0.015671,0.054299,0.11475,0.19901,0.27859,0.30766,0.3819,0.4217,0.4644,0.52829,0.5611,0.62317,0.62223,0.73665
0.504,-0.0097655,0.0096977,-0.0011494,0.014178,0.023409,0.045013,0.1101,0.19746,0.27859,0.30612,0.37261,0.41396,0.45821,0.52056,0.55336,0.61078,0.6114,0.74284
0.5041,-0.0082179,-0.0042311,0.0019459,0.023464,0.020314,0.031084,0.10856,0.19746,0.2693,0.30147,0.37725,0.40932,0.4644,0.5221,0.55181,0.61852,0.61604,0.71962
0.5042,-0.0097655,-0.0026835,0.0034935,0.015725,0.018766,0.034179,0.1132,0.20365,0.27085,0.30766,0.37261,0.42015,0.45356,0.53294,0.5611,0.61852,0.61914,0.73355
0.5043,-0.0082179,-0.0073264,0.0019459,0.014178,0.015671,0.043465,0.11165,0.2052,0.2693,0.29528,0.37416,0.4217,0.44273,0.52675,0.55336,0.62471,0.62378,0.73819
0.5044,-0.00047968,-0.0026835,0.0019459,0.018821,0.023409,0.038822,0.1101,0.20829,0.26311,0.29064,0.37106,0.42015,0.46594,0.53294,0.54872,0.61388,0.61914,0.72427
0.5045,-0.0097655,-0.0011358,0.0065888,0.014178,0.023409,0.04037,0.10856,0.20675,0.27859,0.30147,0.36178,0.42324,0.45356,0.53294,0.53788,0.61233,0.6114,0.73046
0.5046,-0.014408,0.00815,0.0081364,0.01263,0.021862,0.043465,0.10237,0.19901,0.28168,0.30457,0.37261,0.4186,0.45975,0.52829,0.54098,0.62317,0.61914,0.73046
0.5047,-0.003575,0.0050547,0.0034935,0.011082,0.017219,0.041918,0.10701,0.20829,0.27859,0.29993,0.36952,0.41396,0.45821,0.53603,0.53479,0.62936,0.60831,0.71962
0.5048,-0.0020273,0.0004118,0.0034935,0.01263,0.021862,0.04037,0.10856,0.20675,0.27395,0.30766,0.38499,0.40777,0.44737,0.54067,0.54407,0.61388,0.60985,0.71962
0.5049,-0.003575,-0.0026835,0.0096841,0.0048918,0.026505,0.041918,0.10701,0.2052,0.27704,0.30921,0.37261,0.41705,0.44273,0.53294,0.54098,0.61543,0.60211,0.72581
0.505,-0.0051226,-0.0026835,0.0096841,0.015725,0.020314,0.04037,0.11475,0.20984,0.2693,0.3154,0.36952,0.42634,0.44583,0.53603,0.55336,0.61078,0.60211,0.72272
0.5051,-0.003575,-0.0011358,0.0081364,0.020368,0.014123,0.035727,0.10856,0.20365,0.2724,0.30766,0.36642,0.41241,0.4644,0.54377,0.55026,0.61078,0.61604,0.71807
0.5052,-0.0051226,-0.0011358,0.00039822,0.018821,0.015671,0.043465,0.10701,0.20829,0.28014,0.30921,0.37416,0.41241,0.4644,0.53913,0.54872,0.61698,0.62533,0.71343
0.5053,0.001068,-0.0057788,0.00039822,0.020368,0.023409,0.043465,0.10856,0.20675,0.27859,0.30612,0.36952,0.41705,0.45511,0.54377,0.56729,0.61543,0.61914,0.71653
0.5054,-0.0020273,-0.0026835,-0.0011494,0.018821,0.021862,0.046561,0.10701,0.2021,0.27395,0.29993,0.36797,0.4186,0.45202,0.54067,0.55955,0.60769,0.60831,0.71807
0.5055,-0.0082179,0.0004118,0.0065888,0.021916,0.017219,0.046561,0.10237,0.20675,0.2693,0.29838,0.36797,0.41705,0.44428,0.53603,0.55181,0.61388,0.61295,0.71962
0.5056,-0.0097655,0.0096977,0.011232,0.020368,0.017219,0.043465,0.10237,0.19591,0.26621,0.30302,0.3788,0.41551,0.44583,0.53603,0.55645,0.62007,0.61604,0.72427
0.5057,-0.00047968,0.0019594,0.0065888,0.0079871,0.020314,0.045013,0.10391,0.19591,0.26776,0.29374,0.37416,0.41396,0.45047,0.52984,0.56419,0.61543,0.61604,0.71962
0.5058,-0.0020273,0.0019594,0.0034935,0.011082,0.020314,0.041918,0.10546,0.2052,0.27704,0.29528,0.36952,0.41705,0.45821,0.53294,0.55645,0.61078,0.61759,0.71807
0.5059,-0.0051226,0.0019594,0.0019459,0.0079871,0.020314,0.041918,0.10701,0.20984,0.2724,0.29683,0.36642,0.42943,0.45821,0.54532,0.55955,0.61233,0.60831,0.71343
0.506,-0.00047968,0.0035071,0.0019459,0.018821,0.021862,0.038822,0.11165,0.2052,0.26776,0.30612,0.36178,0.42015,0.46285,0.54687,0.55955,0.60614,0.59438,0.71498
0.5061,-0.0051226,-0.0026835,0.0019459,0.020368,0.021862,0.038822,0.1132,0.20365,0.26621,0.30921,0.36332,0.42789,0.45356,0.54377,0.54872,0.60614,0.59592,0.71962
0.5062,-0.003575,0.0019594,0.0019459,0.014178,0.028052,0.04037,0.10237,0.20829,0.2724,0.30612,0.37416,0.42324,0.45821,0.53913,0.54717,0.60769,0.6114,0.72581
0.5063,-0.0066702,-0.0026835,0.0081364,0.018821,0.018766,0.035727,0.10546,0.21294,0.2693,0.3154,0.36023,0.4186,0.44737,0.52984,0.54717,0.61543,0.61295,0.71962
0.5064,-0.0082179,-0.0026835,0.0081364,0.021916,0.021862,0.035727,0.10546,0.20829,0.26776,0.30612,0.36642,0.41086,0.45202,0.53294,0.54717,0.62162,0.61914,0.71653
0.5065,-0.0066702,0.0035071,0.0034935,0.021916,0.023409,0.045013,0.10391,0.20984,0.27085,0.30921,0.37106,0.40932,0.45356,0.53758,0.54717,0.62007,0.62223,0.72736
0.5066,-0.003575,0.0066024,-0.0011494,0.01263,0.024957,0.045013,0.10701,0.20984,0.27085,0.30766,0.36952,0.41396,0.45511,0.52056,0.54253,0.61388,0.62842,0.72736
0.5067,-0.0082179,0.0035071,0.0019459,0.021916,0.024957,0.04037,0.10391,0.21139,0.26621,0.30921,0.37261,0.41241,0.45202,0.52365,0.54098,0.62007,0.61759,0.72581
0.5068,-0.00047968,0.0019594,0.0081364,0.023464,0.028052,0.043465,0.10856,0.20984,0.26311,0.30921,0.37261,0.41086,0.45047,0.52056,0.54407,0.62781,0.62997,0.72891
0.5069,0.001068,0.0035071,0.0081364,0.01263,0.020314,0.045013,0.11165,0.2052,0.26776,0.30766,0.37261,0.41396,0.46285,0.5252,0.54562,0.62781,0.63461,0.71962
0.507,0.001068,0.0050547,0.0081364,0.018821,0.021862,0.04037,0.1101,0.21139,0.26466,0.29838,0.37261,0.41241,0.46594,0.52675,0.54098,0.62781,0.6145,0.72581
0.5071,-0.0051226,-0.0057788,0.015875,0.01263,0.018766,0.034179,0.11475,0.20829,0.2724,0.30612,0.37416,0.41396,0.45975,0.53448,0.54098,0.62936,0.63307,0.73665
0.5072,-0.0066702,-0.0026835,0.0081364,0.0048918,0.018766,0.04037,0.10701,0.21448,0.2693,0.3154,0.37571,0.4217,0.45666,0.53448,0.54407,0.62007,0.62378,0.74284
0.5073,-0.0020273,0.0050547,0.0050412,0.0064395,0.021862,0.041918,0.10546,0.21139,0.2724,0.30921,0.38654,0.42789,0.45511,0.54067,0.54717,0.62162,0.61604,0.73665
0.5074,-0.003575,0.0050547,0.0081364,0.020368,0.020314,0.045013,0.10546,0.20829,0.2693,0.31231,0.37725,0.4217,0.45666,0.53913,0.54098,0.61852,0.60831,0.73819
0.5075,-0.0051226,0.0004118,0.0081364,0.021916,0.018766,0.049656,0.10701,0.19901,0.27085,0.30766,0.36952,0.41551,0.45047,0.53603,0.53788,0.62162,0.62069,0.73046
0.5076,-0.0051226,-0.0026835,0.0081364,0.023464,0.014123,0.048108,0.1101,0.20365,0.26466,0.31385,0.37416,0.41551,0.45356,0.53603,0.53788,0.61388,0.62378,0.72736
0.5077,0.0026156,-0.0026835,0.0096841,0.020368,0.018766,0.035727,0.10856,0.19746,0.26311,0.31385,0.37725,0.42015,0.44583,0.54222,0.53479,0.61078,0.63461,0.72891
0.5078,-0.0020273,0.0050547,0.00039822,0.020368,0.015671,0.035727,0.10856,0.18663,0.26621,0.30766,0.3788,0.42015,0.45511,0.53913,0.54098,0.61233,0.62842,0.73974
0.5079,-0.003575,0.0035071,0.0050412,0.018821,0.020314,0.038822,0.12094,0.21448,0.26776,0.30766,0.38035,0.42789,0.47523,0.52829,0.54562,0.61388,0.62997,0.73355
0.508,-0.003575,-0.0011358,0.0019459,0.014178,0.026505,0.035727,0.11165,0.21448,0.26776,0.30612,0.38035,0.4217,0.47059,0.53758,0.53479,0.62317,0.62378,0.72736
0.5081,0.001068,-0.0011358,0.0034935,0.014178,0.021862,0.035727,0.1132,0.21294,0.26466,0.29993,0.37261,0.42015,0.47214,0.53913,0.54098,0.62626,0.62069,0.73046
0.5082,-0.00047968,0.0004118,0.0065888,0.0079871,0.018766,0.038822,0.11165,0.21294,0.27085,0.29683,0.37416,0.42789,0.46594,0.53758,0.53324,0.61233,0.62842,0.71807
0.5083,-0.0020273,0.0019594,0.0050412,0.0079871,0.018766,0.038822,0.10701,0.20829,0.26621,0.30457,0.37261,0.42943,0.45511,0.53294,0.53634,0.61388,0.62378,0.72581
0.5084,-0.0020273,-0.0026835,0.0081364,0.01263,0.021862,0.043465,0.10391,0.20984,0.26621,0.30766,0.36797,0.42324,0.45666,0.52675,0.54098,0.61698,0.6145,0.71653
0.5085,-0.011313,-0.010422,0.0081364,0.014178,0.020314,0.046561,0.10237,0.20365,0.26466,0.30147,0.36797,0.42634,0.4644,0.52829,0.54717,0.61543,0.62223,0.71653
0.5086,-0.0082179,-0.0026835,0.0065888,0.0048918,0.021862,0.035727,0.10391,0.19746,0.26002,0.29838,0.37725,0.4186,0.4644,0.51436,0.54253,0.61233,0.62842,0.72891
0.5087,-0.003575,0.0004118,0.0034935,0.01263,0.021862,0.04037,0.11165,0.2021,0.26776,0.29838,0.37106,0.4217,0.46749,0.52829,0.53324,0.61852,0.6145,0.732
0.5088,-0.003575,-0.0011358,0.0050412,0.014178,0.024957,0.04037,0.11475,0.20829,0.2724,0.30766,0.37261,0.43408,0.46904,0.5252,0.53788,0.62007,0.62223,0.73665
0.5089,-0.0066702,0.0004118,0.0050412,0.018821,0.024957,0.046561,0.11939,0.19901,0.26466,0.31231,0.36487,0.43098,0.46594,0.5221,0.53943,0.62781,0.61759,0.72891
0.509,-0.00047968,0.0066024,0.0065888,0.0095347,0.024957,0.045013,0.1132,0.20675,0.26311,0.30302,0.37416,0.42015,0.45666,0.5252,0.53479,0.62162,0.62223,0.73665
0.5091,-0.0020273,-0.0042311,0.00039822,0.0095347,0.021862,0.041918,0.1132,0.20829,0.26776,0.30457,0.37416,0.41396,0.46285,0.53758,0.53634,0.62162,0.62842,0.72427
0.5092,-0.0051226,0.0019594,0.0034935,0.021916,0.021862,0.04037,0.11475,0.20829,0.27395,0.30457,0.37106,0.42324,0.45356,0.53913,0.53943,0.6309,0.62997,0.72581
0.5093,0.0041632,-0.0011358,0.017422,0.014178,0.023409,0.04037,0.11165,0.21139,0.2724,0.30612,0.37725,0.42789,0.44583,0.52675,0.54098,0.62317,0.62223,0.72891
0.5094,0.001068,0.0019594,0.0096841,0.0048918,0.018766,0.04037,0.11165,0.2052,0.26466,0.30302,0.36952,0.42015,0.44273,0.53448,0.55336,0.61698,0.62069,0.72427
0.5095,-0.0097655,0.0004118,0.0096841,0.014178,0.020314,0.038822,0.1132,0.2052,0.27859,0.30457,0.36952,0.42324,0.45511,0.53294,0.54562,0.61233,0.62378,0.70879
0.5096,-0.0066702,0.0004118,0.0096841,0.020368,0.021862,0.043465,0.10856,0.2052,0.26776,0.31231,0.37725,0.43253,0.44583,0.51746,0.53479,0.62007,0.62997,0.71498
0.5097,-0.017504,0.0004118,0.0081364,0.018821,0.017219,0.045013,0.11475,0.19746,0.25537,0.30612,0.37571,0.4217,0.45356,0.52984,0.54717,0.634,0.63152,0.72736
0.5098,-0.019051,-0.0011358,0.0050412,0.014178,0.015671,0.04037,0.1132,0.2052,0.25537,0.29993,0.36487,0.41241,0.44892,0.52829,0.54407,0.62936,0.62842,0.71188
0.5099,-0.0051226,-0.0026835,0.0050412,0.021916,0.020314,0.045013,0.11939,0.2052,0.26466,0.30302,0.36797,0.42634,0.44892,0.5252,0.54717,0.61233,0.62069,0.70879
0.51,-0.0020273,-0.0057788,0.0096841,0.023464,0.018766,0.037275,0.1132,0.20675,0.26157,0.30302,0.37725,0.43253,0.45511,0.52056,0.54407,0.62007,0.62533,0.71343
0.5101,-0.0066702,-0.0011358,0.0096841,0.014178,0.021862,0.034179,0.10856,0.2052,0.26311,0.30147,0.36952,0.42943,0.46285,0.52984,0.54098,0.62781,0.62378,0.70415
0.5102,-0.0097655,0.0050547,0.014327,0.014178,0.024957,0.035727,0.10391,0.20365,0.27085,0.32314,0.37416,0.42789,0.45975,0.52365,0.53943,0.6309,0.61914,0.7026
0.5103,-0.0097655,0.0050547,0.017422,0.020368,0.014123,0.034179,0.10546,0.19746,0.2693,0.32159,0.38035,0.42324,0.45975,0.51436,0.54872,0.62317,0.61759,0.71034
0.5104,-0.003575,0.0004118,0.0065888,0.014178,0.014123,0.041918,0.11165,0.2021,0.26466,0.30147,0.37261,0.4186,0.45666,0.51436,0.54407,0.61543,0.62997,0.71653
0.5105,-0.0051226,-0.0026835,-0.0026971,0.0017965,0.0296,0.035727,0.11165,0.21758,0.2724,0.30147,0.37106,0.42015,0.46285,0.51746,0.55955,0.61078,0.63152,0.72581
0.5106,-0.0051226,0.0035071,0.0050412,0.0079871,0.023409,0.034179,0.10391,0.21603,0.26776,0.30147,0.37571,0.41551,0.4644,0.5252,0.54562,0.62007,0.62997,0.71807
0.5107,-0.0082179,0.0035071,0.011232,0.020368,0.021862,0.041918,0.11629,0.20365,0.26621,0.30766,0.38035,0.41396,0.47368,0.52675,0.53788,0.61852,0.62223,0.71807
0.5108,-0.0051226,0.0035071,0.0050412,0.018821,0.020314,0.032632,0.1101,0.2052,0.2693,0.30612,0.38035,0.4186,0.45666,0.52056,0.55026,0.61233,0.6145,0.70879
0.5109,-0.00047968,0.0035071,0.0065888,0.023464,0.023409,0.038822,0.10856,0.20675,0.28014,0.31385,0.38654,0.4186,0.44892,0.51591,0.54872,0.60305,0.62223,0.71034
0.511,-0.003575,-0.0026835,0.0034935,0.023464,0.018766,0.041918,0.10391,0.20984,0.27859,0.30921,0.38963,0.41705,0.46285,0.51127,0.54717,0.59376,0.62997,0.71343
0.5111,0.001068,-0.0011358,0.0050412,0.014178,0.021862,0.04037,0.10546,0.2052,0.28168,0.30921,0.37725,0.41551,0.47214,0.5252,0.54717,0.59067,0.60985,0.71343
0.5112,-0.00047968,0.0050547,0.0034935,0.015725,0.020314,0.034179,0.10856,0.20365,0.27859,0.31385,0.39118,0.42015,0.46749,0.5252,0.55955,0.6015,0.60676,0.72427
0.5113,-0.0082179,0.0019594,0.0065888,0.014178,0.021862,0.037275,0.11784,0.20984,0.28014,0.31231,0.37416,0.42015,0.46285,0.5252,0.55181,0.61388,0.61604,0.71962
0.5114,-0.003575,-0.0026835,0.0081364,0.01263,0.015671,0.037275,0.10856,0.20365,0.27085,0.30766,0.37416,0.42015,0.45975,0.52829,0.55026,0.61698,0.62223,0.72272
0.5115,-0.0066702,0.0004118,0.015875,0.023464,0.028052,0.04037,0.1101,0.20675,0.2724,0.30921,0.37571,0.42943,0.46285,0.5221,0.55491,0.61698,0.62378,0.72891
0.5116,-0.0066702,-0.0057788,0.0096841,0.021916,0.0296,0.043465,0.11475,0.2021,0.27395,0.31385,0.37571,0.42324,0.45975,0.51746,0.55026,0.61852,0.62223,0.72581
0.5117,-0.0020273,-0.0057788,0.0050412,0.0048918,0.018766,0.038822,0.1101,0.2052,0.27085,0.31231,0.3788,0.4186,0.4644,0.51901,0.55336,0.61388,0.62842,0.72581
0.5118,-0.0020273,0.0035071,0.0050412,0.020368,0.017219,0.041918,0.10856,0.21603,0.27395,0.29993,0.38809,0.41241,0.46285,0.5252,0.54872,0.60305,0.62533,0.71962
0.5119,-0.0020273,0.0035071,0.0096841,0.021916,0.023409,0.041918,0.10546,0.19282,0.27859,0.30147,0.39118,0.4186,0.4644,0.53758,0.55181,0.59376,0.61914,0.71653
0.512,-0.0097655,0.0050547,0.015875,0.021916,0.024957,0.041918,0.10082,0.19901,0.27085,0.30766,0.39428,0.42015,0.45666,0.51591,0.55336,0.61543,0.62223,0.72427
0.5121,-0.003575,-0.0011358,0.014327,0.025011,0.018766,0.04037,0.10237,0.2052,0.2724,0.30921,0.39118,0.42015,0.45047,0.51436,0.55336,0.62007,0.63152,0.71498
0.5122,-0.003575,0.0004118,0.014327,0.021916,0.0094804,0.045013,0.10391,0.20829,0.2693,0.30302,0.38654,0.41705,0.45666,0.51591,0.54562,0.61698,0.63771,0.71343
0.5123,-0.003575,-0.0011358,0.0019459,0.015725,0.020314,0.04037,0.10701,0.21139,0.27704,0.30302,0.3788,0.4217,0.45975,0.51282,0.558,0.61233,0.62378,0.71343
0.5124,-0.0051226,0.0019594,0.0081364,0.020368,0.018766,0.04037,0.10701,0.19901,0.27085,0.30147,0.39273,0.41396,0.45821,0.51901,0.55336,0.61233,0.62997,0.71498
0.5125,-0.0066702,0.0050547,0.0065888,0.021916,0.018766,0.041918,0.1101,0.2021,0.27395,0.29528,0.39118,0.41396,0.45821,0.51746,0.54717,0.6015,0.63152,0.70879
0.5126,-0.014408,-0.0042311,0.0081364,0.020368,0.017219,0.04037,0.1101,0.2021,0.27704,0.29683,0.38963,0.41241,0.44118,0.51901,0.55645,0.60924,0.62069,0.70415
0.5127,-0.00047968,-0.0057788,0.0034935,0.021916,0.021862,0.037275,0.10856,0.19901,0.2693,0.29993,0.38654,0.42015,0.45511,0.51746,0.56574,0.61852,0.6145,0.69796
0.5128,-0.0051226,0.0019594,0.015875,0.020368,0.015671,0.049656,0.1101,0.2052,0.27395,0.30612,0.3819,0.4186,0.45202,0.5252,0.55645,0.61852,0.61295,0.69641
0.5129,-0.011313,0.0035071,0.0065888,0.020368,0.015671,0.034179,0.10856,0.19746,0.27859,0.29993,0.37571,0.42015,0.45356,0.5252,0.5611,0.62162,0.61295,0.7026
0.513,-0.0082179,0.0035071,0.0081364,0.023464,0.021862,0.032632,0.11165,0.19746,0.27395,0.29683,0.40047,0.41396,0.46594,0.52365,0.55491,0.60614,0.62842,0.69331
0.5131,-0.0066702,-0.0026835,0.0019459,0.01263,0.020314,0.037275,0.10701,0.20365,0.27395,0.29374,0.39273,0.42324,0.45821,0.51901,0.55181,0.60305,0.62997,0.68557
0.5132,-0.0066702,0.0050547,0.0019459,0.014178,0.026505,0.043465,0.10701,0.20365,0.27859,0.29993,0.38499,0.42015,0.45511,0.51436,0.55181,0.61078,0.63152,0.68557
0.5133,-0.0097655,0.0050547,0.0019459,0.018821,0.026505,0.032632,0.10701,0.20365,0.27085,0.29993,0.3788,0.41396,0.45821,0.51746,0.5611,0.61698,0.62533,0.69486
0.5134,-0.0020273,0.0050547,0.0081364,0.0064395,0.023409,0.037275,0.10546,0.19436,0.27085,0.30612,0.38035,0.41086,0.45356,0.51901,0.56574,0.61852,0.62842,0.69641
0.5135,-0.0051226,0.0035071,0.0081364,0.0095347,0.024957,0.041918,0.10546,0.18353,0.28014,0.30766,0.37571,0.40777,0.45975,0.52056,0.55181,0.61852,0.62069,0.70105
0.5136,-0.0020273,0.0035071,-0.0011494,0.020368,0.021862,0.045013,0.10701,0.18972,0.26466,0.30612,0.3788,0.41241,0.46285,0.52829,0.5611,0.62781,0.62378,0.70879
0.5137,0.001068,-0.0026835,0.0019459,0.018821,0.017219,0.043465,0.10701,0.19436,0.27859,0.29993,0.38499,0.41396,0.45511,0.52829,0.57038,0.62781,0.62997,0.70724
0.5138,-0.0020273,-0.0026835,0.0096841,0.015725,0.017219,0.04037,0.11165,0.19591,0.28168,0.29219,0.38035,0.42015,0.45511,0.52675,0.57657,0.634,0.62378,0.69796
0.5139,-0.0097655,0.0004118,0.0019459,0.026559,0.017219,0.043465,0.1101,0.19436,0.2724,0.28754,0.38963,0.42324,0.45356,0.51282,0.55491,0.63555,0.59902,0.70569
0.514,-0.00047968,0.0050547,0.0050412,0.025011,0.0079328,0.046561,0.1132,0.19282,0.27704,0.29528,0.39583,0.42015,0.44583,0.50972,0.56574,0.634,0.6145,0.70879
0.5141,-0.0051226,0.0035071,0.0050412,0.0095347,0.015671,0.041918,0.11629,0.19436,0.2693,0.29374,0.38963,0.4217,0.45975,0.50817,0.56574,0.62007,0.62069,0.69486
0.5142,-0.00047968,-0.0026835,0.0050412,0.0079871,0.024957,0.045013,0.11784,0.2052,0.2693,0.30147,0.38035,0.42015,0.4644,0.51282,0.56729,0.62317,0.62842,0.69796
0.5143,-0.0020273,-0.0011358,0.0050412,0.011082,0.020314,0.045013,0.11165,0.19746,0.26466,0.30457,0.38035,0.4217,0.46285,0.50972,0.56265,0.62781,0.63307,0.69176
0.5144,-0.0066702,0.0004118,0.0081364,0.023464,0.021862,0.041918,0.10856,0.18663,0.26621,0.30766,0.3788,0.41551,0.45975,0.51591,0.57038,0.62162,0.62533,0.69796
0.5145,-0.0051226,-0.0011358,0.014327,0.014178,0.026505,0.038822,0.10546,0.19127,0.28014,0.31385,0.37571,0.41551,0.4644,0.51591,0.5611,0.62162,0.62378,0.70569
0.5146,-0.0020273,-0.0057788,0.0034935,0.018821,0.026505,0.043465,0.10701,0.18817,0.28014,0.30612,0.38035,0.42015,0.45821,0.51436,0.55336,0.61852,0.63461,0.71343
0.5147,-0.0020273,-0.0057788,0.00039822,0.021916,0.020314,0.045013,0.11165,0.19591,0.2693,0.30147,0.38963,0.42324,0.46904,0.51901,0.56265,0.61543,0.62378,0.71807
0.5148,-0.0051226,0.0035071,0.0065888,0.014178,0.015671,0.035727,0.10856,0.19901,0.26776,0.30302,0.39118,0.42015,0.47833,0.51591,0.5611,0.61233,0.62378,0.71962
0.5149,-0.0051226,-0.0026835,0.0096841,0.021916,0.020314,0.037275,0.10856,0.19282,0.26621,0.30457,0.38499,0.42015,0.47214,0.51591,0.54872,0.61543,0.62069,0.71188
0.515,-0.0082179,-0.0026835,0.0034935,0.015725,0.021862,0.041918,0.1101,0.19746,0.26002,0.29993,0.38035,0.42015,0.47059,0.51436,0.54562,0.60614,0.63152,0.70879
0.5151,-0.0097655,0.0004118,0.014327,0.01263,0.020314,0.045013,0.11165,0.20829,0.26466,0.29374,0.38809,0.41396,0.47214,0.51127,0.558,0.61388,0.62997,0.70724
0.5152,-0.0020273,-0.0011358,0.015875,0.020368,0.023409,0.045013,0.1101,0.2052,0.2693,0.30147,0.39118,0.41086,0.46594,0.51282,0.55955,0.62317,0.62533,0.7026
0.5153,-0.0066702,0.0019594,0.0081364,0.0095347,0.023409,0.038822,0.11475,0.20365,0.26621,0.30612,0.39583,0.41396,0.46285,0.5252,0.56574,0.61698,0.62533,0.70415
0.5154,-0.0066702,-0.0042311,0.0081364,0.020368,0.023409,0.038822,0.1132,0.2021,0.26311,0.31231,0.38499,0.42943,0.45666,0.52675,0.55955,0.61543,0.62223,0.70105
0.5155,-0.0066702,0.0004118,0.0081364,0.020368,0.021862,0.041918,0.11475,0.19436,0.27395,0.31231,0.39118,0.42943,0.4644,0.51746,0.56574,0.6015,0.61604,0.71498
0.5156,-0.0097655,-0.0026835,0.0034935,0.020368,0.017219,0.04037,0.10701,0.20829,0.27395,0.29683,0.38963,0.41551,0.46285,0.52365,0.56419,0.59067,0.61295,0.71188
0.5157,-0.0082179,0.0004118,0.0081364,0.025011,0.020314,0.045013,0.10546,0.2021,0.26466,0.30612,0.38654,0.41241,0.45202,0.5252,0.55336,0.61078,0.61914,0.71343
0.5158,-0.011313,0.0019594,0.0050412,0.020368,0.020314,0.04037,0.099271,0.19591,0.2693,0.30766,0.39118,0.4217,0.45975,0.51901,0.54872,0.60614,0.61295,0.71034
0.5159,-0.012861,-0.0011358,0.0065888,0.026559,0.024957,0.041918,0.10856,0.2052,0.26002,0.30457,0.39118,0.41396,0.45975,0.53603,0.54872,0.60305,0.61295,0.71498
0.516,-0.0051226,-0.0011358,0.0034935,0.025011,0.020314,0.041918,0.10701,0.2021,0.25692,0.29219,0.39118,0.4186,0.45202,0.52365,0.55336,0.61388,0.62069,0.71807
0.5161,-0.0020273,-0.0057788,0.011232,0.014178,0.014123,0.04037,0.10856,0.19436,0.26466,0.29683,0.3819,0.4217,0.45356,0.51746,0.55181,0.61543,0.62533,0.71188
0.5162,-0.0020273,0.0035071,0.0096841,0.020368,0.020314,0.043465,0.10701,0.19901,0.26002,0.29993,0.3819,0.4217,0.46285,0.52365,0.55336,0.61388,0.63461,0.71034
0.5163,-0.0020273,0.0035071,0.014327,0.021916,0.020314,0.034179,0.11165,0.19436,0.26157,0.30612,0.39118,0.42789,0.45975,0.52056,0.56265,0.60305,0.63771,0.70879
0.5164,0.001068,-0.0026835,0.0065888,0.025011,0.018766,0.04037,0.10856,0.2021,0.26002,0.31385,0.38035,0.42943,0.4644,0.51901,0.558,0.60924,0.63926,0.71807
0.5165,-0.0066702,0.0050547,0.011232,0.020368,0.017219,0.041918,0.10546,0.20365,0.26002,0.30766,0.38035,0.43098,0.45975,0.51746,0.55336,0.61078,0.63461,0.71498
0.5166,-0.0066702,0.0035071,0.0096841,0.020368,0.023409,0.041918,0.10701,0.19746,0.26466,0.29993,0.38499,0.43563,0.47523,0.51591,0.55491,0.61388,0.63771,0.71188
0.5167,-0.0082179,-0.0026835,0.0019459,0.014178,0.026505,0.035727,0.11165,0.19746,0.26776,0.30147,0.37571,0.42943,0.45666,0.51746,0.558,0.62471,0.63461,0.72736
0.5168,-0.003575,-0.0057788,0.0034935,0.014178,0.014123,0.032632,0.10856,0.19901,0.25537,0.30302,0.38499,0.41705,0.46285,0.51746,0.55491,0.61698,0.63307,0.71034
0.5169,-0.0066702,0.0035071,0.0065888,0.021916,0.018766,0.032632,0.11165,0.18663,0.26002,0.29993,0.37261,0.41396,0.45356,0.5252,0.56265,0.59995,0.62688,0.71188
0.517,-0.0020273,0.0066024,0.0034935,0.025011,0.026505,0.032632,0.1132,0.18508,0.25847,0.29993,0.36952,0.42324,0.45356,0.52056,0.56574,0.59221,0.62378,0.70569
0.5171,-0.003575,-0.0011358,0.0065888,0.01263,0.023409,0.035727,0.11475,0.19127,0.2693,0.30147,0.36332,0.42634,0.45666,0.51127,0.56419,0.58757,0.62069,0.71343
0.5172,-0.00047968,-0.0026835,0.0065888,0.014178,0.026505,0.034179,0.1101,0.19591,0.2693,0.30457,0.37416,0.42789,0.46749,0.51746,0.54562,0.59531,0.61295,0.71034
0.5173,-0.0082179,0.0035071,0.0034935,0.021916,0.023409,0.032632,0.10856,0.19436,0.26776,0.30612,0.37416,0.43408,0.46285,0.52365,0.55491,0.60614,0.6114,0.70724
0.5174,-0.0082179,-0.0011358,0.014327,0.021916,0.031147,0.037275,0.11165,0.2021,0.26621,0.30457,0.36952,0.42324,0.46749,0.51746,0.55181,0.61388,0.6145,0.71653
0.5175,-0.0051226,-0.0011358,0.0050412,0.014178,0.026505,0.041918,0.1101,0.19746,0.26157,0.30457,0.37571,0.4217,0.47059,0.50972,0.55181,0.60305,0.63307,0.71343
0.5176,-0.0082179,-0.0011358,0.0065888,0.018821,0.021862,0.035727,0.10856,0.19901,0.2693,0.30457,0.38035,0.42943,0.47368,0.51746,0.55181,0.58912,0.62533,0.69796
0.5177,-0.0082179,0.0019594,0.0065888,0.020368,0.017219,0.043465,0.10546,0.19127,0.25537,0.31385,0.38499,0.42015,0.46594,0.52829,0.54717,0.60614,0.60985,0.71343
0.5178,0.0026156,0.0035071,0.0065888,0.023464,0.024957,0.037275,0.10237,0.19591,0.26002,0.30766,0.37416,0.42324,0.46285,0.5221,0.55181,0.61078,0.60676,0.71807
0.5179,-0.003575,0.0035071,0.0081364,0.018821,0.020314,0.038822,0.10856,0.19436,0.26002,0.30147,0.37106,0.43563,0.46594,0.51746,0.55336,0.60614,0.61914,0.71188
0.518,-0.012861,0.0004118,0.0081364,0.011082,0.020314,0.04037,0.11784,0.18663,0.26466,0.30612,0.37416,0.42324,0.46594,0.51746,0.558,0.60614,0.61759,0.71807
0.5181,-0.015956,0.0096977,0.0050412,0.018821,0.021862,0.037275,0.1132,0.19127,0.26002,0.29993,0.36642,0.42324,0.46594,0.5221,0.55645,0.60305,0.60831,0.71034
0.5182,-0.014408,0.0035071,0.0050412,0.021916,0.017219,0.035727,0.1101,0.19591,0.26311,0.29683,0.36487,0.42943,0.47059,0.53448,0.54562,0.5984,0.6145,0.72272
0.5183,-0.015956,-0.0011358,0.0081364,0.0095347,0.021862,0.041918,0.11629,0.19746,0.26776,0.30457,0.36487,0.43098,0.45511,0.52829,0.54872,0.59686,0.61759,0.72581
0.5184,-0.0082179,-0.0026835,0.0050412,0.014178,0.014123,0.045013,0.1101,0.18508,0.26621,0.30612,0.35868,0.42943,0.4644,0.5252,0.558,0.60614,0.62378,0.71498
0.5185,0.0041632,0.0035071,0.0050412,0.0079871,0.015671,0.04037,0.1101,0.18663,0.2693,0.3154,0.36642,0.42324,0.45356,0.50972,0.55181,0.60614,0.61914,0.6995
0.5186,-0.00047968,0.0035071,0.01897,0.011082,0.021862,0.04037,0.10391,0.18198,0.26311,0.30147,0.36332,0.41551,0.45666,0.50817,0.558,0.61233,0.62378,0.70415
0.5187,-0.0097655,0.0019594,0.0081364,0.014178,0.024957,0.037275,0.10701,0.18353,0.26002,0.29838,0.35868,0.42015,0.45666,0.52056,0.55955,0.61233,0.62378,0.71653
0.5188,-0.014408,-0.0011358,0.0034935,0.014178,0.024957,0.038822,0.1101,0.19127,0.26311,0.29683,0.35404,0.43253,0.45975,0.52984,0.558,0.61388,0.62997,0.71034
0.5189,-0.003575,0.0004118,0.0050412,0.015725,0.024957,0.041918,0.11165,0.18508,0.26621,0.29683,0.36023,0.42634,0.45975,0.52365,0.57348,0.61543,0.62533,0.71188
0.519,-0.0051226,-0.0042311,0.0034935,0.014178,0.023409,0.04037,0.10546,0.18817,0.26311,0.29838,0.37416,0.4217,0.47523,0.5252,0.56265,0.60305,0.62069,0.71343
0.5191,-0.0051226,-0.0026835,0.0050412,0.01263,0.018766,0.043465,0.1132,0.19591,0.26311,0.30921,0.36023,0.4217,0.46749,0.51746,0.57038,0.59531,0.61759,0.70879
0.5192,-0.0066702,0.0050547,0.0081364,0.011082,0.023409,0.04037,0.11475,0.19746,0.26466,0.30766,0.36952,0.42943,0.45975,0.51746,0.56419,0.59686,0.6145,0.7026
0.5193,-0.0051226,-0.0042311,0.011232,0.0095347,0.021862,0.04037,0.10701,0.18817,0.2693,0.29528,0.37106,0.43872,0.45821,0.51901,0.558,0.59376,0.62069,0.69331
0.5194,-0.0097655,-0.0042311,0.0050412,0.011082,0.020314,0.034179,0.10856,0.18508,0.26621,0.31231,0.36332,0.44027,0.45356,0.52056,0.55955,0.5984,0.61759,0.6995
0.5195,-0.0066702,0.014341,0.0065888,0.018821,0.014123,0.04037,0.10701,0.18972,0.25692,0.30766,0.36332,0.44336,0.46285,0.5221,0.56265,0.6015,0.60676,0.69796
0.5196,-0.0082179,0.0035071,0.0050412,0.015725,0.018766,0.045013,0.1101,0.18508,0.27085,0.30766,0.35559,0.42015,0.46285,0.5221,0.55645,0.60305,0.60211,0.69796
0.5197,-0.0066702,0.0050547,0.014327,0.01263,0.024957,0.041918,0.10701,0.18353,0.27085,0.29993,0.36023,0.41551,0.46749,0.5252,0.558,0.59376,0.6145,0.69641
0.5198,-0.003575,0.011245,0.0081364,0.0095347,0.021862,0.04037,0.10391,0.18817,0.26002,0.30147,0.36332,0.42324,0.46749,0.5221,0.56265,0.59686,0.60366,0.69641
0.5199,-0.0082179,-0.0011358,0.014327,0.011082,0.020314,0.037275,0.099271,0.19127,0.25537,0.30612,0.36642,0.43253,0.46594,0.5221,0.55645,0.6015,0.6145,0.69641
0.52,-0.014408,-0.0026835,0.0081364,0.0064395,0.017219,0.034179,0.10391,0.19591,0.25692,0.30612,0.36797,0.42324,0.46594,0.51901,0.55181,0.60614,0.62069,0.69331
0.5201,0.0026156,0.0050547,0.0096841,0.01263,0.015671,0.037275,0.10082,0.19436,0.25847,0.30766,0.35559,0.42943,0.46749,0.51591,0.5611,0.6015,0.63152,0.68557
0.5202,-0.0082179,0.0019594,0.0050412,0.018821,0.018766,0.04037,0.096176,0.18972,0.25537,0.31385,0.35404,0.43563,0.4644,0.50972,0.56419,0.60769,0.62997,0.68712
0.5203,-0.0097655,0.0019594,0.00039822,0.018821,0.017219,0.041918,0.1101,0.18508,0.25692,0.30921,0.35713,0.43408,0.46749,0.50044,0.56419,0.60614,0.62842,0.68712
0.5204,-0.0097655,0.0050547,0.0034935,0.020368,0.0079328,0.043465,0.11165,0.19436,0.26002,0.30612,0.35868,0.42789,0.46904,0.50508,0.57038,0.61078,0.62997,0.68867
0.5205,-0.0097655,-0.0011358,0.0081364,0.01263,0.014123,0.04037,0.11784,0.18817,0.25073,0.30612,0.35404,0.41241,0.46285,0.51127,0.55491,0.60769,0.63616,0.69486
0.5206,-0.0020273,0.0004118,0.0050412,0.014178,0.020314,0.038822,0.10546,0.18972,0.26157,0.30302,0.36178,0.40622,0.46904,0.51282,0.55645,0.60614,0.63307,0.68712
0.5207,-0.0082179,0.0035071,0.0081364,0.025011,0.014123,0.04037,0.097723,0.19127,0.26157,0.30147,0.36487,0.41551,0.47833,0.51901,0.55336,0.60305,0.63926,0.69641
0.5208,-0.003575,0.0066024,0.0019459,0.020368,0.023409,0.038822,0.10546,0.19436,0.26311,0.30457,0.35713,0.41551,0.48142,0.51746,0.55645,0.58757,0.62997,0.69176
0.5209,-0.0051226,0.0019594,0.0019459,0.018821,0.026505,0.04037,0.10391,0.19591,0.26776,0.30612,0.35094,0.41551,0.47523,0.51591,0.56419,0.59221,0.62688,0.69022
0.521,-0.014408,-0.0057788,0.0065888,0.020368,0.023409,0.043465,0.10082,0.19591,0.26621,0.30612,0.36642,0.4186,0.48142,0.51436,0.55336,0.60305,0.62223,0.70879
0.5211,-0.0082179,-0.0011358,0.0081364,0.023464,0.020314,0.04037,0.10856,0.19591,0.26621,0.30766,0.36178,0.40622,0.47987,0.51746,0.55026,0.61543,0.62378,0.70724
0.5212,-0.003575,0.0035071,0.0096841,0.014178,0.026505,0.032632,0.10082,0.18817,0.26157,0.30147,0.36178,0.41705,0.47059,0.50817,0.54872,0.61233,0.61604,0.71653
0.5213,-0.0082179,0.0019594,0.0034935,0.0095347,0.021862,0.04037,0.10082,0.18663,0.26466,0.30457,0.36487,0.41396,0.48297,0.50817,0.54872,0.61388,0.62069,0.71807
0.5214,-0.003575,0.0035071,0.0065888,0.023464,0.014123,0.034179,0.10546,0.19127,0.26157,0.30457,0.36487,0.41086,0.47833,0.51591,0.55645,0.6015,0.62069,0.72427
0.5215,-0.0097655,0.0004118,0.0096841,0.0079871,0.015671,0.038822,0.10701,0.19436,0.26311,0.30612,0.35559,0.4186,0.47368,0.51282,0.56265,0.60305,0.60985,0.72736
0.5216,-0.0020273,-0.0011358,0.0050412,0.015725,0.018766,0.041918,0.1101,0.19591,0.27085,0.30302,0.35559,0.41705,0.47523,0.51282,0.5611,0.61233,0.61604,0.72427
0.5217,-0.0020273,-0.0011358,0.00039822,0.021916,0.024957,0.035727,0.10701,0.19901,0.26157,0.31385,0.35559,0.42015,0.47523,0.50353,0.55955,0.61388,0.6114,0.72272
0.5218,-0.0097655,0.0019594,0.0065888,0.023464,0.020314,0.035727,0.10856,0.19591,0.26621,0.31231,0.34785,0.43098,0.47833,0.50198,0.55336,0.59376,0.6114,0.72427
0.5219,-0.0066702,-0.0026835,0.014327,0.014178,0.017219,0.029536,0.11165,0.18972,0.26621,0.30612,0.3494,0.41396,0.48297,0.50972,0.54872,0.6015,0.61759,0.72272
0.522,-0.0066702,-0.010422,0.0050412,0.0095347,0.017219,0.031084,0.1101,0.18663,0.26157,0.30302,0.35559,0.40932,0.47833,0.51901,0.55181,0.59686,0.60211,0.71498
0.5221,-0.003575,-0.0026835,0.0081364,0.014178,0.020314,0.037275,0.097723,0.18663,0.26311,0.30457,0.3494,0.41241,0.47987,0.51591,0.55645,0.6015,0.59902,0.72427
0.5222,-0.0082179,0.0004118,0.0034935,0.01263,0.015671,0.034179,0.10082,0.19591,0.26157,0.29993,0.35868,0.40932,0.48452,0.51282,0.56729,0.59376,0.61295,0.71962
0.5223,-0.0082179,-0.0026835,0.0019459,0.0064395,0.015671,0.043465,0.10701,0.19127,0.26002,0.30612,0.35868,0.40777,0.48142,0.51282,0.5611,0.59686,0.61914,0.72272
0.5224,-0.003575,-0.0011358,0.0034935,0.021916,0.014123,0.048108,0.097723,0.19127,0.25383,0.30612,0.35559,0.41396,0.47833,0.50198,0.558,0.61698,0.61914,0.71807
0.5225,-0.003575,0.0019594,0.014327,0.020368,0.015671,0.035727,0.10701,0.18817,0.24918,0.31231,0.35559,0.4217,0.48606,0.48651,0.5611,0.61078,0.61914,0.71188
0.5226,0.0041632,0.0019594,0.0065888,0.014178,0.020314,0.035727,0.10701,0.19436,0.25847,0.30612,0.35868,0.40777,0.47059,0.50198,0.56729,0.60769,0.62533,0.72581
0.5227,-0.003575,0.0050547,0.0065888,0.014178,0.023409,0.038822,0.10391,0.19746,0.26002,0.30457,0.36642,0.41086,0.46594,0.49579,0.55955,0.61852,0.63771,0.72272
0.5228,-0.0097655,0.0019594,0.0081364,0.015725,0.017219,0.037275,0.10546,0.19436,0.25847,0.31231,0.36178,0.41551,0.47987,0.49579,0.5611,0.62007,0.62223,0.72891
0.5229,-0.0082179,0.0019594,0.0065888,0.0095347,0.018766,0.038822,0.099271,0.18663,0.26157,0.30612,0.35713,0.4186,0.47214,0.50198,0.558,0.62162,0.61914,0.71962
0.523,0.0057109,-0.0088741,0.0081364,0.020368,0.021862,0.04037,0.1101,0.19127,0.26157,0.30766,0.35559,0.40777,0.47678,0.51746,0.54407,0.61388,0.62223,0.72891
0.5231,-0.00047968,-0.011969,0.0019459,0.028106,0.023409,0.048108,0.1101,0.19282,0.26311,0.30612,0.35559,0.40777,0.47523,0.52056,0.54717,0.61078,0.62069,0.72427
0.5232,-0.0051226,-0.0057788,0.0096841,0.023464,0.017219,0.041918,0.11165,0.19436,0.26621,0.30921,0.35868,0.41396,0.47368,0.51591,0.56265,0.60769,0.63152,0.70879
0.5233,-0.0082179,-0.0073264,0.017422,0.015725,0.0296,0.04037,0.11784,0.19127,0.26157,0.30302,0.35559,0.40932,0.47987,0.51591,0.56419,0.61543,0.62223,0.70879
0.5234,-0.003575,0.0019594,0.014327,0.023464,0.0296,0.032632,0.11165,0.18817,0.26621,0.30302,0.36023,0.40932,0.47523,0.50817,0.55955,0.61233,0.62378,0.71498
0.5235,-0.0051226,0.0004118,0.014327,0.023464,0.018766,0.037275,0.10856,0.19436,0.26466,0.30457,0.36332,0.42015,0.47059,0.51127,0.558,0.61852,0.62223,0.72891
0.5236,-0.012861,0.0019594,0.0081364,0.021916,0.015671,0.029536,0.10546,0.19746,0.2693,0.29374,0.35713,0.41551,0.46594,0.51127,0.55181,0.61852,0.62223,0.72736
0.5237,0.001068,-0.0011358,0.0096841,0.011082,0.024957,0.034179,0.1101,0.19591,0.27859,0.29838,0.36023,0.41705,0.47214,0.51436,0.55181,0.62007,0.63152,0.72736
0.5238,0.0026156,-0.0042311,0.0096841,0.011082,0.026505,0.032632,0.10237,0.19282,0.2693,0.30766,0.36332,0.42634,0.4644,0.52365,0.54717,0.62162,0.61759,0.732
0.5239,-0.0066702,-0.0073264,-0.0042447,0.01263,0.028052,0.04037,0.10546,0.19746,0.2693,0.30766,0.35559,0.4217,0.46749,0.5221,0.55336,0.61233,0.6145,0.72736
0.524,-0.0097655,0.0004118,0.0065888,0.018821,0.026505,0.037275,0.10701,0.19127,0.26466,0.30921,0.35559,0.4186,0.47368,0.51746,0.55491,0.60305,0.62069,0.72427
0.5241,-0.0082179,-0.0011358,0.0065888,0.011082,0.023409,0.034179,0.11165,0.18508,0.2724,0.30147,0.35559,0.41086,0.47678,0.53294,0.54872,0.59376,0.62069,0.72427
0.5242,-0.011313,0.0035071,0.0019459,0.0048918,0.018766,0.034179,0.1101,0.18817,0.2693,0.29993,0.35713,0.41396,0.47214,0.52365,0.54253,0.6015,0.62378,0.71498
0.5243,-0.011313,0.0050547,-0.0057923,0.014178,0.011028,0.038822,0.10237,0.19436,0.26466,0.30302,0.36178,0.40777,0.46285,0.51591,0.558,0.60924,0.62997,0.70879
0.5244,-0.003575,0.0019594,0.0050412,0.020368,0.017219,0.027989,0.099271,0.18817,0.27395,0.29683,0.35249,0.41551,0.46749,0.51901,0.55645,0.61852,0.62533,0.71343
0.5245,0.001068,0.0050547,0.011232,0.020368,0.021862,0.043465,0.10391,0.18972,0.25847,0.29993,0.3494,0.42943,0.47059,0.52365,0.54872,0.61233,0.63461,0.71962
0.5246,-0.0020273,0.0019594,0.0096841,0.020368,0.023409,0.049656,0.10237,0.19282,0.26776,0.29219,0.35094,0.42324,0.47214,0.52675,0.54872,0.60924,0.62223,0.72581
0.5247,-0.012861,-0.0011358,0.0019459,0.023464,0.024957,0.043465,0.11629,0.18353,0.25692,0.30612,0.34785,0.4217,0.48142,0.52056,0.54253,0.61543,0.6114,0.71962
0.5248,-0.014408,-0.0042311,0.0050412,0.018821,0.020314,0.038822,0.1101,0.18353,0.26311,0.30921,0.34785,0.42015,0.46594,0.52675,0.55026,0.62317,0.61604,0.72272
0.5249,-0.012861,0.0004118,0.0081364,0.01263,0.026505,0.04037,0.10391,0.19127,0.26466,0.30302,0.35249,0.4217,0.46749,0.51746,0.54717,0.61078,0.61604,0.73046
0.525,-0.0051226,0.0004118,0.00039822,0.025011,0.023409,0.045013,0.10701,0.19901,0.25692,0.31231,0.35713,0.4217,0.45666,0.51436,0.55336,0.60769,0.61295,0.71498
0.5251,0.0041632,-0.0042311,0.00039822,0.01263,0.017219,0.037275,0.10701,0.18817,0.25847,0.30612,0.35094,0.43253,0.45821,0.51591,0.55491,0.61543,0.62069,0.71498
0.5252,-0.003575,-0.0026835,-0.0011494,0.018821,0.014123,0.038822,0.10701,0.18972,0.25692,0.30457,0.3494,0.42324,0.45975,0.52056,0.54872,0.62162,0.62069,0.71343
0.5253,-0.0066702,-0.0026835,0.01897,0.021916,0.015671,0.034179,0.1101,0.19591,0.25847,0.29838,0.34011,0.41705,0.47368,0.5221,0.55491,0.62007,0.62378,0.71343
0.5254,-0.003575,0.0050547,0.0081364,0.021916,0.018766,0.038822,0.1101,0.19746,0.25847,0.30302,0.35404,0.4217,0.47678,0.51901,0.5611,0.61698,0.62378,0.71807
0.5255,-0.0020273,0.0050547,0.00039822,0.021916,0.021862,0.032632,0.10391,0.20365,0.26466,0.29683,0.35868,0.41551,0.46904,0.51127,0.56265,0.6309,0.62223,0.71498
0.5256,-0.0097655,0.0035071,0.0065888,0.020368,0.017219,0.034179,0.1101,0.19436,0.26311,0.29528,0.35094,0.42634,0.45821,0.51746,0.55336,0.61698,0.61604,0.71962
0.5257,-0.00047968,-0.0026835,0.0096841,0.014178,0.020314,0.038822,0.11784,0.19436,0.25383,0.29219,0.35559,0.4186,0.45511,0.52984,0.558,0.60769,0.61759,0.72427
0.5258,-0.0051226,0.0066024,0.0065888,0.0095347,0.023409,0.031084,0.1132,0.19127,0.25537,0.29993,0.35559,0.42015,0.46285,0.52829,0.5611,0.60614,0.62069,0.71653
0.5259,0.0041632,0.0050547,0.0019459,0.025011,0.015671,0.035727,0.10237,0.19436,0.25537,0.29683,0.3494,0.41241,0.46285,0.5221,0.55955,0.61078,0.62378,0.72581
0.526,-0.003575,0.0004118,0.0081364,0.018821,0.014123,0.038822,0.10391,0.18817,0.26157,0.29374,0.35094,0.41086,0.4644,0.5221,0.55955,0.61078,0.62378,0.72736
0.5261,-0.0097655,-0.0057788,0.015875,0.025011,0.018766,0.04037,0.10237,0.18817,0.26157,0.29993,0.35249,0.41241,0.45975,0.52829,0.55955,0.60924,0.62378,0.72272
0.5262,-0.012861,-0.0026835,0.0050412,0.029654,0.026505,0.035727,0.1101,0.18198,0.26466,0.30147,0.34011,0.42015,0.46904,0.52984,0.57038,0.62007,0.62378,0.72427
0.5263,-0.0066702,0.011245,0.0019459,0.023464,0.0296,0.037275,0.10856,0.18198,0.26466,0.29528,0.34011,0.42324,0.46904,0.5221,0.558,0.61852,0.61914,0.71653
0.5264,-0.0082179,0.0004118,0.0065888,0.025011,0.023409,0.037275,0.10701,0.18198,0.26466,0.30147,0.35094,0.4186,0.45666,0.51746,0.55336,0.60769,0.62223,0.71034
0.5265,-0.0082179,0.0066024,0.0034935,0.018821,0.028052,0.037275,0.10082,0.18663,0.26466,0.30766,0.35094,0.42015,0.4644,0.5252,0.55491,0.61543,0.62997,0.72272
0.5266,-0.0020273,0.00815,-0.0026971,0.018821,0.0296,0.04037,0.1101,0.18508,0.27085,0.29993,0.3494,0.41396,0.46904,0.52829,0.55645,0.62007,0.62378,0.71498
0.5267,-0.0020273,0.0035071,0.0096841,0.011082,0.020314,0.034179,0.11475,0.18817,0.26002,0.29993,0.35404,0.40932,0.45666,0.53448,0.56419,0.61543,0.63926,0.72272
0.5268,-0.003575,-0.0026835,0.014327,0.021916,0.028052,0.04037,0.10546,0.19127,0.25847,0.29993,0.3494,0.41705,0.46285,0.5221,0.56574,0.62007,0.62533,0.71962
0.5269,-0.0051226,0.0019594,0.017422,0.0079871,0.026505,0.035727,0.10701,0.18972,0.26466,0.30766,0.35094,0.41241,0.4644,0.51591,0.56265,0.61388,0.62842,0.71653
0.527,-0.0082179,0.0019594,0.014327,0.020368,0.028052,0.038822,0.10546,0.18353,0.27085,0.30147,0.3494,0.40932,0.4644,0.51591,0.55336,0.61543,0.62378,0.72736
0.5271,-0.0082179,-0.0011358,0.0081364,0.018821,0.018766,0.038822,0.10082,0.18198,0.27859,0.29064,0.35094,0.41241,0.45511,0.51282,0.55181,0.61233,0.63152,0.72581
0.5272,-0.015956,-0.0026835,0.0096841,0.01263,0.015671,0.043465,0.10237,0.19127,0.2724,0.29374,0.34785,0.41396,0.45356,0.51901,0.55026,0.62781,0.62223,0.70879
0.5273,-0.011313,0.0035071,0.0081364,0.018821,0.0094804,0.045013,0.10237,0.18817,0.2693,0.28909,0.35559,0.41551,0.45821,0.51436,0.55181,0.61233,0.61295,0.70569
0.5274,-0.0097655,0.0004118,0.0081364,0.01263,0.015671,0.041918,0.11475,0.18663,0.26466,0.29374,0.35559,0.4217,0.47368,0.51127,0.56419,0.61233,0.62069,0.70724
0.5275,-0.0051226,-0.0026835,0.0081364,0.011082,0.026505,0.043465,0.10546,0.18663,0.2693,0.30302,0.35559,0.4217,0.47214,0.51127,0.56729,0.63245,0.62069,0.71188
0.5276,-0.0066702,-0.0011358,0.011232,0.020368,0.017219,0.034179,0.10701,0.18972,0.26311,0.30147,0.35713,0.41241,0.48761,0.51282,0.54872,0.62317,0.62223,0.72581
0.5277,-0.0051226,0.0050547,0.0050412,0.021916,0.021862,0.034179,0.10546,0.18353,0.2724,0.29993,0.36178,0.40622,0.48142,0.50353,0.55645,0.61852,0.62223,0.71653
0.5278,-0.0020273,-0.0073264,0.0034935,0.018821,0.017219,0.035727,0.10856,0.18198,0.26311,0.30147,0.36332,0.4186,0.47059,0.50044,0.56265,0.61233,0.63152,0.72581
0.5279,-0.012861,-0.0011358,0.0065888,0.014178,0.015671,0.041918,0.10856,0.17579,0.26466,0.29374,0.35868,0.41086,0.46594,0.50663,0.5611,0.62007,0.61759,0.72581
0.528,-0.0082179,-0.0073264,0.0081364,0.020368,0.017219,0.035727,0.10391,0.18353,0.26311,0.29374,0.35249,0.42015,0.45047,0.50508,0.56574,0.61543,0.62533,0.70879
0.5281,-0.0066702,0.0004118,0.011232,0.018821,0.014123,0.035727,0.10856,0.18817,0.26466,0.29064,0.35404,0.43563,0.45821,0.51746,0.56729,0.60305,0.62688,0.71343
0.5282,-0.0082179,-0.0011358,0.0096841,0.014178,0.020314,0.041918,0.11629,0.18817,0.26002,0.28754,0.34785,0.43253,0.46749,0.51436,0.55955,0.60614,0.62997,0.70415
0.5283,-0.0020273,0.0004118,0.011232,0.01263,0.021862,0.043465,0.1132,0.18508,0.26621,0.28445,0.34785,0.42789,0.46904,0.50972,0.56265,0.59995,0.63152,0.69022
0.5284,-0.0066702,-0.0026835,0.014327,0.011082,0.026505,0.038822,0.1101,0.18508,0.26621,0.28909,0.34785,0.43098,0.46594,0.51901,0.56265,0.61078,0.61604,0.69641
0.5285,-0.0097655,-0.0026835,0.0050412,0.021916,0.021862,0.038822,0.10546,0.18663,0.26621,0.29993,0.33856,0.41551,0.46594,0.51746,0.558,0.61543,0.61759,0.71962
0.5286,-0.00047968,-0.0057788,0.0065888,0.021916,0.026505,0.041918,0.10546,0.19591,0.26157,0.29993,0.34321,0.41705,0.46749,0.52056,0.54872,0.59686,0.60831,0.71034
0.5287,-0.0082179,0.0035071,0.0096841,0.015725,0.0296,0.04037,0.11475,0.18508,0.27395,0.30766,0.35249,0.42324,0.46594,0.5221,0.55645,0.59686,0.61759,0.71034
0.5288,-0.0020273,0.00815,0.0019459,0.018821,0.026505,0.037275,0.10856,0.19436,0.26466,0.30457,0.34785,0.41551,0.47523,0.51901,0.57038,0.60769,0.61604,0.71034
0.5289,-0.0066702,0.0035071,0.014327,0.01263,0.021862,0.043465,0.10701,0.18972,0.26002,0.28754,0.35249,0.42015,0.47059,0.51436,0.56574,0.61543,0.62223,0.71807
0.529,-0.003575,0.0050547,0.011232,0.020368,0.017219,0.04037,0.10237,0.18663,0.25692,0.29064,0.3494,0.42324,0.46594,0.51282,0.56419,0.61698,0.63307,0.71498
0.5291,-0.0020273,0.0004118,0.0096841,0.023464,0.026505,0.041918,0.10701,0.18972,0.25847,0.29374,0.36023,0.4217,0.45666,0.51127,0.57812,0.62317,0.63307,0.71343
0.5292,-0.003575,-0.0011358,-0.0011494,0.023464,0.018766,0.043465,0.10856,0.18663,0.25847,0.29219,0.35249,0.4186,0.47059,0.51282,0.57038,0.60924,0.63771,0.70569
0.5293,-0.0082179,0.00815,0.0050412,0.018821,0.028052,0.038822,0.1132,0.18972,0.26002,0.28754,0.35094,0.41705,0.47214,0.51127,0.56729,0.59686,0.63152,0.71034
0.5294,-0.0097655,0.00815,-0.0042447,0.015725,0.032695,0.046561,0.10546,0.18972,0.26002,0.28909,0.33702,0.41396,0.47368,0.51127,0.57657,0.60614,0.63771,0.70879
0.5295,-0.003575,0.0050547,0.0081364,0.011082,0.028052,0.043465,0.10856,0.18508,0.26002,0.28754,0.33702,0.42015,0.46285,0.51901,0.58586,0.61388,0.63461,0.71653
0.5296,-0.003575,0.0050547,0.0081364,0.020368,0.026505,0.043465,0.10546,0.17889,0.2693,0.28445,0.3494,0.41396,0.46285,0.52056,0.58276,0.60924,0.62842,0.71962
0.5297,-0.0051226,0.0019594,0.014327,0.01263,0.020314,0.041918,0.10701,0.18353,0.26776,0.28909,0.34321,0.41241,0.46285,0.51746,0.58276,0.61078,0.62378,0.71498
0.5298,-0.0051226,0.0004118,0.0050412,0.01263,0.021862,0.041918,0.11165,0.18353,0.26776,0.286,0.33547,0.41396,0.47368,0.50663,0.57812,0.61078,0.64081,0.71034
0.5299,-0.012861,-0.0011358,0.0096841,0.011082,0.020314,0.034179,0.10856,0.18663,0.26776,0.29374,0.34321,0.41396,0.47523,0.50508,0.57348,0.61078,0.63926,0.70415
0.53,-0.0082179,0.0035071,0.0081364,0.0079871,0.023409,0.04037,0.10237,0.18817,0.26621,0.29838,0.33856,0.40467,0.48297,0.51282,0.57503,0.59686,0.64235,0.70879
0.5301,-0.0097655,-0.0026835,0.0050412,0.0095347,0.018766,0.034179,0.10546,0.18353,0.26157,0.29064,0.33392,0.40932,0.47523,0.52056,0.57193,0.60305,0.64081,0.71034
0.5302,-0.012861,-0.0026835,0.0065888,0.014178,0.024957,0.04037,0.10856,0.18508,0.26002,0.29528,0.35559,0.40312,0.47059,0.52056,0.57348,0.60614,0.64854,0.71034
0.5303,-0.015956,-0.0042311,0.015875,0.018821,0.023409,0.045013,0.1132,0.18508,0.2693,0.28754,0.35404,0.39693,0.47214,0.50817,0.57503,0.61078,0.647,0.70879
0.5304,-0.012861,0.0004118,0.017422,0.023464,0.015671,0.04037,0.10856,0.18353,0.26466,0.28909,0.3494,0.40467,0.48452,0.51436,0.57503,0.61078,0.64081,0.7026
0.5305,-0.012861,-0.0011358,0.0081364,0.015725,0.017219,0.031084,0.10701,0.19127,0.26621,0.29219,0.34166,0.40158,0.48916,0.51901,0.57193,0.59221,0.63616,0.70105
0.5306,-0.0066702,0.0050547,0.0050412,0.01263,0.024957,0.038822,0.11165,0.18508,0.25537,0.29683,0.33702,0.40777,0.49071,0.51746,0.57967,0.59221,0.63926,0.69796
0.5307,-0.0066702,0.0050547,-0.0011494,0.01263,0.0296,0.043465,0.099271,0.18353,0.26002,0.28909,0.34166,0.41086,0.48916,0.51746,0.58276,0.61388,0.62997,0.69796
0.5308,-0.011313,0.0035071,0.0050412,0.023464,0.023409,0.04037,0.10082,0.18972,0.26776,0.2829,0.34011,0.41396,0.47987,0.51591,0.56574,0.60614,0.62533,0.70569
0.5309,-0.019051,0.0004118,0.00039822,0.015725,0.018766,0.032632,0.10237,0.18508,0.26621,0.28445,0.34166,0.41551,0.48297,0.51901,0.5611,0.57828,0.62533,0.71653
0.531,-0.017504,0.0004118,-0.0011494,0.018821,0.014123,0.043465,0.10546,0.18972,0.26002,0.29064,0.35094,0.41241,0.47987,0.51436,0.56419,0.57983,0.61914,0.71653
0.5311,-0.003575,-0.0042311,0.0034935,0.014178,0.017219,0.041918,0.097723,0.18972,0.25692,0.28909,0.34785,0.40932,0.48297,0.52056,0.558,0.59221,0.60366,0.70105
0.5312,-0.0066702,-0.0057788,0.0050412,0.015725,0.020314,0.037275,0.099271,0.18508,0.26002,0.28445,0.34166,0.41086,0.48452,0.50663,0.56265,0.59376,0.61914,0.71034
0.5313,-0.0051226,0.0035071,0.0050412,0.021916,0.018766,0.032632,0.097723,0.18353,0.27085,0.29683,0.34321,0.4217,0.48452,0.51591,0.58741,0.5984,0.62533,0.72272
0.5314,-0.012861,-0.0011358,0.0050412,0.020368,0.014123,0.032632,0.099271,0.18663,0.2693,0.30147,0.36023,0.41551,0.48142,0.51901,0.58276,0.61388,0.61914,0.71962
0.5315,-0.0066702,-0.0011358,0.0050412,0.015725,0.018766,0.043465,0.10701,0.18817,0.26776,0.30147,0.35559,0.41241,0.49225,0.51591,0.57503,0.60305,0.62842,0.72272
0.5316,-0.0051226,-0.0011358,0.0019459,0.014178,0.024957,0.052751,0.10391,0.18353,0.26311,0.30302,0.35094,0.41086,0.4938,0.51901,0.558,0.60769,0.62842,0.71807
0.5317,-0.0020273,-0.0042311,0.0034935,0.023464,0.017219,0.043465,0.10082,0.18353,0.2693,0.29219,0.35713,0.40932,0.49071,0.52829,0.56265,0.61233,0.63307,0.72427
0.5318,-0.003575,-0.0026835,0.0034935,0.021916,0.023409,0.035727,0.10391,0.19436,0.2693,0.28754,0.35094,0.41396,0.48606,0.51746,0.5611,0.60769,0.63616,0.70724
0.5319,-0.0066702,-0.0042311,0.020518,0.014178,0.023409,0.037275,0.1132,0.19127,0.2693,0.28909,0.34321,0.40777,0.47368,0.51591,0.56265,0.59531,0.63461,0.7026
0.532,-0.0097655,-0.0073264,0.0096841,0.020368,0.023409,0.041918,0.1101,0.19436,0.27395,0.28909,0.34166,0.40932,0.46749,0.51746,0.56574,0.59067,0.63616,0.70105
0.5321,-0.003575,-0.0057788,0.015875,0.011082,0.024957,0.043465,0.10856,0.18972,0.27395,0.28909,0.3494,0.41086,0.46904,0.51436,0.56419,0.58912,0.64081,0.70105
0.5322,-0.012861,-0.0026835,0.014327,0.018821,0.028052,0.038822,0.10856,0.18663,0.27085,0.28754,0.35249,0.41086,0.47523,0.50663,0.55336,0.60769,0.63771,0.6995
0.5323,-0.0082179,0.0004118,0.0081364,0.015725,0.0296,0.037275,0.11165,0.18817,0.26621,0.29374,0.35713,0.40932,0.46904,0.50972,0.55336,0.61388,0.63152,0.7026
0.5324,-0.00047968,-0.0011358,0.0034935,0.023464,0.020314,0.041918,0.10701,0.18353,0.26776,0.29374,0.3494,0.40777,0.48297,0.51591,0.55645,0.61388,0.63307,0.71653
0.5325,-0.003575,0.0019594,0.011232,0.011082,0.023409,0.04037,0.10546,0.18663,0.2693,0.29683,0.34475,0.41086,0.47059,0.51436,0.55645,0.59686,0.63152,0.72427
0.5326,-0.0082179,0.0035071,0.014327,0.0064395,0.021862,0.041918,0.1101,0.18817,0.2693,0.29993,0.35559,0.41396,0.45975,0.51436,0.55181,0.59376,0.62069,0.70415
0.5327,-0.003575,0.0019594,0.0034935,0.00024889,0.024957,0.038822,0.11165,0.18353,0.26157,0.29683,0.34475,0.42015,0.4644,0.51127,0.55026,0.60305,0.62688,0.70569
0.5328,-0.00047968,0.0035071,0.0050412,0.0079871,0.018766,0.04037,0.11784,0.19282,0.25847,0.30302,0.34321,0.41705,0.45975,0.51746,0.558,0.61388,0.63152,0.70105
0.5329,-0.003575,-0.0057788,0.0096841,0.018821,0.018766,0.045013,0.10391,0.18508,0.26466,0.30457,0.34785,0.4217,0.4644,0.51127,0.56729,0.61233,0.63771,0.69486
0.533,-0.003575,-0.0057788,0.0096841,0.0095347,0.020314,0.043465,0.10701,0.18198,0.26621,0.28754,0.35094,0.42789,0.4644,0.51591,0.57348,0.61233,0.64081,0.69796
0.5331,-0.0066702,-0.0057788,0.0096841,0.014178,0.024957,0.038822,0.10237,0.18508,0.26621,0.28909,0.35868,0.41086,0.45821,0.52829,0.56729,0.61078,0.65473,0.70105
0.5332,-0.00047968,-0.0011358,0.0019459,0.014178,0.021862,0.04037,0.10237,0.18972,0.26621,0.30302,0.35249,0.40777,0.46285,0.53448,0.54872,0.60614,0.63461,0.70724
0.5333,-0.00047968,-0.0011358,0.0065888,0.023464,0.024957,0.043465,0.10082,0.18817,0.26776,0.30147,0.35249,0.41705,0.46594,0.5252,0.55645,0.59531,0.63616,0.7026
0.5334,-0.003575,-0.0057788,0.0081364,0.01263,0.0296,0.038822,0.10082,0.18508,0.2724,0.29993,0.35713,0.41551,0.46904,0.51591,0.5611,0.59067,0.63771,0.7026
0.5335,-0.003575,0.0019594,0.0081364,0.014178,0.031147,0.04037,0.10546,0.18508,0.26621,0.30147,0.34785,0.42015,0.47214,0.52056,0.56265,0.5984,0.62842,0.70415
0.5336,-0.0020273,-0.0011358,0.00039822,0.01263,0.015671,0.041918,0.1132,0.18353,0.26776,0.29064,0.35713,0.4186,0.4644,0.51746,0.56729,0.60305,0.62069,0.71188
0.5337,-0.0051226,-0.0042311,0.0065888,0.018821,0.023409,0.041918,0.10856,0.18972,0.2693,0.29064,0.35868,0.4186,0.46749,0.51746,0.558,0.61078,0.62378,0.70879
0.5338,-0.0020273,0.0019594,0.017422,0.011082,0.0296,0.04037,0.1101,0.19591,0.2724,0.28909,0.35559,0.41551,0.4644,0.51901,0.56265,0.61543,0.62533,0.70879
0.5339,-0.0082179,-0.0026835,0.0034935,0.015725,0.020314,0.038822,0.10701,0.19591,0.26466,0.286,0.3494,0.40932,0.4644,0.51436,0.56419,0.61698,0.63152,0.70724
0.534,-0.0066702,0.0004118,0.0065888,0.020368,0.015671,0.046561,0.10856,0.18972,0.26776,0.28909,0.3494,0.41086,0.45975,0.51591,0.55955,0.61233,0.61295,0.69641
0.5341,-0.0066702,0.0019594,0.0034935,0.015725,0.017219,0.043465,0.1132,0.18817,0.26776,0.29219,0.35404,0.40932,0.45975,0.51591,0.5611,0.6015,0.6114,0.70415
0.5342,-0.012861,0.0004118,0.0096841,0.0048918,0.017219,0.043465,0.10701,0.19436,0.27085,0.2829,0.34011,0.4186,0.46904,0.52984,0.56419,0.60305,0.62223,0.7026
0.5343,-0.014408,0.0019594,0.0065888,0.0095347,0.021862,0.04037,0.10237,0.18663,0.26157,0.286,0.34011,0.42324,0.47214,0.53294,0.56265,0.60305,0.63152,0.69022
0.5344,-0.0097655,-0.0042311,0.0096841,0.014178,0.024957,0.04037,0.10391,0.18508,0.25537,0.29219,0.35868,0.41705,0.47523,0.52675,0.56574,0.5984,0.62533,0.69022
0.5345,-0.003575,-0.0042311,0.00039822,0.015725,0.020314,0.04037,0.094628,0.18508,0.25692,0.29219,0.35713,0.4217,0.47214,0.52829,0.56419,0.61233,0.61914,0.69796
0.5346,-0.0097655,-0.0026835,0.00039822,0.014178,0.018766,0.043465,0.10082,0.18972,0.26621,0.2829,0.35559,0.42015,0.46904,0.52829,0.55955,0.61852,0.62069,0.69641
0.5347,-0.0051226,0.0035071,0.0019459,0.020368,0.015671,0.04037,0.10082,0.18198,0.26311,0.29064,0.34785,0.4186,0.47059,0.52056,0.55955,0.61698,0.63616,0.70105
0.5348,-0.0082179,0.0004118,0.0065888,0.018821,0.028052,0.037275,0.1132,0.18508,0.26466,0.28909,0.35094,0.42015,0.46749,0.53913,0.558,0.61698,0.63307,0.70879
0.5349,-0.0097655,-0.0011358,0.0081364,0.021916,0.020314,0.037275,0.11165,0.18353,0.26311,0.28754,0.34475,0.42015,0.46904,0.54222,0.558,0.61698,0.62223,0.71034
0.535,-0.017504,0.0004118,0.0034935,0.015725,0.015671,0.04037,0.10701,0.18353,0.25692,0.29219,0.33237,0.4186,0.46285,0.52365,0.55336,0.60305,0.62069,0.70415
0.5351,-0.012861,0.0035071,0.0050412,0.015725,0.021862,0.04037,0.11784,0.18198,0.26776,0.29528,0.35404,0.43098,0.47214,0.52984,0.55336,0.59686,0.62842,0.71188
0.5352,-0.0082179,0.0066024,0.0019459,0.0095347,0.021862,0.034179,0.11475,0.18508,0.27704,0.29219,0.35559,0.43098,0.46904,0.54222,0.54872,0.60305,0.62069,0.70879
0.5353,-0.0082179,0.0004118,0.0034935,0.011082,0.026505,0.035727,0.10701,0.18353,0.2724,0.30147,0.35559,0.4186,0.45821,0.54532,0.55026,0.61388,0.61759,0.7026
0.5354,-0.0082179,-0.0011358,0.0019459,0.011082,0.023409,0.038822,0.10546,0.19127,0.27704,0.29683,0.35868,0.42634,0.46749,0.54067,0.54407,0.61543,0.61759,0.69176
0.5355,-0.0020273,-0.0026835,0.00039822,0.018821,0.018766,0.038822,0.10082,0.19746,0.2693,0.28754,0.35713,0.43253,0.46749,0.52984,0.55645,0.61698,0.61914,0.69022
0.5356,-0.0082179,0.0019594,0.0050412,0.015725,0.018766,0.043465,0.10546,0.18044,0.27395,0.28909,0.35868,0.4217,0.46285,0.5252,0.558,0.61852,0.61914,0.69331
0.5357,-0.0051226,0.0019594,0.0065888,0.014178,0.020314,0.038822,0.10856,0.18198,0.26621,0.29374,0.33702,0.41551,0.46594,0.53294,0.57348,0.61543,0.61295,0.6995
0.5358,-0.0066702,0.0035071,0.0019459,0.026559,0.024957,0.035727,0.10546,0.18353,0.2724,0.29219,0.33237,0.42789,0.47214,0.53758,0.56729,0.61852,0.61759,0.6995
0.5359,-0.0082179,0.0050547,0.011232,0.020368,0.026505,0.041918,0.10391,0.18198,0.2693,0.29838,0.33547,0.41396,0.47368,0.52829,0.55181,0.60769,0.62378,0.69796
0.536,-0.003575,-0.0042311,0.0019459,0.021916,0.018766,0.041918,0.10856,0.18817,0.27395,0.29683,0.34011,0.41396,0.4644,0.52675,0.55336,0.60305,0.62223,0.7026
0.5361,-0.0097655,-0.0026835,0.0034935,0.021916,0.023409,0.04037,0.10391,0.19127,0.27859,0.29064,0.34785,0.41241,0.45975,0.52984,0.54872,0.61078,0.61604,0.71034
0.5362,-0.003575,-0.0026835,0.0034935,0.023464,0.026505,0.048108,0.10701,0.18663,0.28014,0.29219,0.33856,0.40932,0.46285,0.52984,0.55026,0.61543,0.62223,0.71343
0.5363,-0.003575,0.0004118,0.0081364,0.0079871,0.028052,0.04037,0.10391,0.17889,0.2693,0.28754,0.34785,0.40622,0.47368,0.5252,0.54872,0.61543,0.61914,0.71343
0.5364,-0.0082179,-0.0057788,0.0096841,0.018821,0.024957,0.046561,0.10391,0.18044,0.26466,0.28909,0.35559,0.40312,0.47523,0.5221,0.55181,0.61388,0.6145,0.70879
0.5365,-0.012861,-0.0057788,0.0034935,0.0079871,0.024957,0.054299,0.10391,0.18663,0.2724,0.28909,0.34321,0.41396,0.47678,0.53294,0.55491,0.60614,0.6145,0.70879
0.5366,-0.015956,-0.0011358,-0.0026971,0.011082,0.028052,0.038822,0.10391,0.19127,0.27085,0.2829,0.34166,0.41551,0.47368,0.52056,0.558,0.61388,0.61914,0.71188
0.5367,-0.0097655,0.0004118,0.0034935,0.020368,0.021862,0.04037,0.10546,0.18663,0.26466,0.28909,0.34011,0.4186,0.47368,0.5221,0.5611,0.62007,0.61604,0.70569
0.5368,-0.015956,-0.0088741,0.014327,0.014178,0.020314,0.04037,0.10082,0.18972,0.26776,0.28754,0.33856,0.4217,0.46594,0.52984,0.5611,0.60769,0.62997,0.71343
0.5369,-0.015956,-0.0011358,-0.0011494,0.011082,0.017219,0.045013,0.10701,0.18972,0.26466,0.29219,0.34011,0.41705,0.47368,0.54222,0.55491,0.62162,0.62069,0.71498
0.537,-0.0051226,-0.0011358,0.0034935,0.0095347,0.021862,0.045013,0.10701,0.18508,0.27704,0.286,0.34785,0.40622,0.47059,0.53603,0.54717,0.62162,0.62069,0.71034
0.5371,-0.0051226,-0.0057788,0.011232,0.0095347,0.018766,0.034179,0.10856,0.18972,0.27704,0.29683,0.35249,0.40932,0.46594,0.52675,0.558,0.62007,0.6114,0.71653
0.5372,-0.0066702,-0.0042311,0.011232,0.014178,0.020314,0.034179,0.1132,0.19436,0.27859,0.29838,0.34011,0.40622,0.45666,0.51436,0.55336,0.62317,0.61759,0.70415
0.5373,-0.00047968,-0.0042311,0.0096841,0.014178,0.026505,0.04037,0.11629,0.19127,0.26776,0.29219,0.33547,0.39848,0.46285,0.51436,0.55955,0.61078,0.60831,0.70569
0.5374,-0.0097655,-0.0088741,0.0050412,0.014178,0.024957,0.043465,0.11629,0.19282,0.26776,0.29993,0.33856,0.40622,0.47368,0.51591,0.57348,0.59376,0.6145,0.71807
0.5375,-0.011313,-0.0011358,0.011232,0.014178,0.021862,0.045013,0.097723,0.19282,0.26776,0.30302,0.34166,0.41086,0.47987,0.5221,0.56265,0.59221,0.62223,0.70415
0.5376,-0.0066702,0.0019594,0.0034935,0.011082,0.021862,0.04037,0.10701,0.18972,0.2724,0.29528,0.3494,0.39693,0.47523,0.54377,0.56419,0.59221,0.62842,0.71343
0.5377,-0.0097655,-0.0011358,0.0065888,0.015725,0.017219,0.037275,0.10701,0.19127,0.2693,0.29683,0.34785,0.40622,0.46594,0.54222,0.57193,0.5984,0.61759,0.70105
0.5378,-0.0082179,-0.0042311,0.0065888,0.0095347,0.021862,0.04037,0.10391,0.18508,0.26466,0.29993,0.35404,0.40467,0.46285,0.53758,0.57657,0.60305,0.62069,0.71653
0.5379,-0.0020273,-0.0088741,0.0096841,0.0095347,0.018766,0.043465,0.10856,0.19436,0.26311,0.30457,0.34785,0.40312,0.46749,0.53913,0.57967,0.59376,0.61759,0.71962
0.538,-0.003575,-0.011969,0.00039822,0.0064395,0.020314,0.043465,0.11629,0.19127,0.26466,0.29683,0.3494,0.40777,0.47214,0.52984,0.57967,0.59221,0.61759,0.71343
0.5381,-0.0097655,0.0019594,0.0065888,0.0079871,0.014123,0.034179,0.11475,0.18663,0.26157,0.286,0.34785,0.40158,0.46904,0.52984,0.56574,0.59376,0.6114,0.71962
0.5382,0.0026156,0.0050547,0.0081364,0.0033442,0.011028,0.034179,0.11165,0.18972,0.28014,0.29219,0.35094,0.4186,0.47678,0.52365,0.5611,0.60769,0.61295,0.71188
0.5383,-0.003575,-0.0011358,0.00039822,0.0064395,0.017219,0.041918,0.10546,0.19901,0.2693,0.29374,0.33856,0.41241,0.47214,0.51282,0.56574,0.60769,0.6145,0.71034
0.5384,-0.0066702,0.0004118,0.00039822,0.01263,0.023409,0.04037,0.10701,0.19436,0.2693,0.30147,0.34011,0.40467,0.47368,0.5221,0.56729,0.59995,0.62533,0.71498
0.5385,-0.0051226,-0.0011358,0.0050412,0.018821,0.024957,0.035727,0.10701,0.18817,0.28014,0.30147,0.34011,0.41086,0.47523,0.52675,0.57193,0.59376,0.6145,0.71653
0.5386,-0.014408,-0.0057788,0.0096841,0.0079871,0.023409,0.038822,0.10856,0.18663,0.2724,0.30147,0.33082,0.41086,0.46904,0.50972,0.56574,0.59221,0.6114,0.72581
0.5387,-0.0082179,-0.0011358,0.0081364,0.0048918,0.021862,0.041918,0.10701,0.18972,0.2724,0.30612,0.33702,0.4186,0.46904,0.51127,0.56574,0.59686,0.61914,0.72581
0.5388,-0.012861,-0.0026835,0.0096841,0.014178,0.023409,0.04037,0.11165,0.18817,0.28014,0.30302,0.34011,0.42324,0.45356,0.51127,0.57657,0.59376,0.62223,0.70879
0.5389,-0.0066702,0.0004118,0.0096841,0.011082,0.018766,0.046561,0.11165,0.18508,0.27704,0.29219,0.33856,0.41551,0.45511,0.51746,0.57967,0.6015,0.62069,0.7026
0.539,-0.0082179,0.0035071,0.00039822,0.011082,0.020314,0.043465,0.11475,0.19127,0.27395,0.30147,0.33547,0.41551,0.45975,0.51282,0.57657,0.5984,0.61604,0.70569
0.5391,-0.0082179,0.0019594,0.0050412,0.014178,0.0079328,0.041918,0.10856,0.19591,0.28014,0.29374,0.33856,0.41396,0.46749,0.50817,0.56574,0.59376,0.62842,0.71498
0.5392,-0.0082179,0.014341,0.0050412,0.01263,0.018766,0.043465,0.10082,0.18508,0.27704,0.29064,0.34011,0.41086,0.47368,0.52365,0.57967,0.58138,0.64081,0.71188
0.5393,-0.0020273,0.0035071,0.0019459,0.0079871,0.024957,0.041918,0.10701,0.2021,0.26621,0.29528,0.35404,0.40932,0.46904,0.52365,0.57348,0.57828,0.61914,0.71343
0.5394,-0.0066702,0.0004118,0.0019459,0.015725,0.028052,0.04037,0.1101,0.2021,0.27395,0.28445,0.34166,0.41551,0.47368,0.51591,0.57967,0.57519,0.62223,0.71188
0.5395,-0.003575,-0.0073264,0.0050412,0.021916,0.018766,0.041918,0.10856,0.19746,0.28014,0.28754,0.34475,0.41705,0.47059,0.52056,0.58122,0.59686,0.63307,0.70415
0.5396,-0.0020273,-0.0057788,0.011232,0.011082,0.023409,0.043465,0.10856,0.19436,0.28014,0.28909,0.35559,0.4186,0.47214,0.51127,0.57038,0.60614,0.62223,0.71653
0.5397,-0.0082179,0.0004118,0.011232,0.0079871,0.021862,0.043465,0.10391,0.19591,0.28014,0.286,0.34475,0.40932,0.47523,0.51127,0.57967,0.5984,0.62997,0.72736
0.5398,-0.0051226,-0.0026835,0.0081364,0.011082,0.020314,0.038822,0.099271,0.19127,0.27859,0.29064,0.3494,0.41396,0.47523,0.50508,0.57503,0.58602,0.63461,0.72272
0.5399,-0.003575,0.0019594,0.0034935,0.025011,0.021862,0.04037,0.10082,0.18972,0.26776,0.29374,0.35094,0.41396,0.47833,0.50508,0.57348,0.5984,0.63152,0.72427
0.54,-0.003575,-0.0026835,0.011232,0.015725,0.021862,0.037275,0.10391,0.19591,0.27859,0.286,0.3494,0.41086,0.47987,0.51746,0.57193,0.59531,0.6114,0.72272
0.5401,-0.011313,-0.0073264,0.0050412,0.025011,0.024957,0.043465,0.099271,0.18508,0.29407,0.28754,0.35404,0.40622,0.48142,0.51901,0.58122,0.58447,0.62223,0.71498
0.5402,-0.011313,-0.0026835,-0.0011494,0.021916,0.0296,0.045013,0.097723,0.18663,0.28168,0.2829,0.34166,0.41241,0.4644,0.51746,0.57812,0.59067,0.63307,0.72272
0.5403,-0.011313,-0.0042311,0.0081364,0.018821,0.021862,0.04037,0.10082,0.19436,0.28014,0.27981,0.33547,0.41551,0.47214,0.51746,0.57193,0.59221,0.63926,0.72272
0.5404,-0.0082179,0.0035071,0.0096841,0.01263,0.017219,0.041918,0.10546,0.19282,0.27395,0.2829,0.34011,0.41551,0.48142,0.51127,0.57038,0.59221,0.63616,0.72427
0.5405,-0.0051226,-0.0057788,0.0034935,0.018821,0.017219,0.04037,0.11475,0.19746,0.28014,0.28754,0.33547,0.43098,0.45821,0.51127,0.56574,0.59067,0.63926,0.71498
0.5406,-0.0097655,0.0004118,0.0050412,0.020368,0.023409,0.038822,0.10856,0.18817,0.27859,0.28754,0.3494,0.42789,0.46749,0.50972,0.57193,0.59067,0.64235,0.71807
0.5407,-0.017504,0.0019594,0.0081364,0.014178,0.028052,0.035727,0.10856,0.18198,0.27395,0.28754,0.3494,0.41705,0.47678,0.51282,0.58895,0.6015,0.63771,0.71962
0.5408,-0.014408,0.0050547,0.017422,0.011082,0.028052,0.037275,0.10391,0.19436,0.28788,0.28754,0.34011,0.41396,0.46594,0.51127,0.56729,0.61078,0.63307,0.72427
0.5409,-0.017504,-0.0011358,0.011232,0.015725,0.023409,0.037275,0.1101,0.19746,0.27859,0.29683,0.33856,0.40312,0.47214,0.50508,0.57348,0.60924,0.62842,0.71343
0.541,-0.0097655,0.0019594,0.0081364,0.014178,0.017219,0.04037,0.11475,0.19591,0.27395,0.29993,0.33856,0.41241,0.47523,0.50508,0.57967,0.6015,0.62842,0.72272
0.5411,-0.0051226,-0.0088741,0.0019459,0.01263,0.023409,0.04037,0.10856,0.19436,0.28168,0.29683,0.34011,0.4217,0.46749,0.51436,0.57812,0.6015,0.62842,0.7351
0.5412,-0.0020273,0.0004118,0.0019459,0.01263,0.020314,0.038822,0.10237,0.19591,0.28168,0.29528,0.34785,0.42789,0.46904,0.50972,0.56729,0.60769,0.61914,0.72736
0.5413,-0.014408,-0.0011358,0.0019459,0.01263,0.024957,0.032632,0.10856,0.19436,0.2724,0.29064,0.34321,0.42943,0.46749,0.49889,0.56574,0.60924,0.61759,0.7351
0.5414,-0.0020273,-0.0026835,0.0096841,0.01263,0.018766,0.041918,0.11165,0.19282,0.28014,0.29219,0.35404,0.41705,0.47059,0.50044,0.56419,0.61233,0.6145,0.732
0.5415,-0.0066702,-0.0011358,0.015875,0.015725,0.020314,0.041918,0.10701,0.19127,0.28014,0.28909,0.36178,0.41551,0.47214,0.50817,0.57503,0.60769,0.60676,0.72581
0.5416,-0.017504,0.0035071,0.0081364,0.0033442,0.023409,0.045013,0.10546,0.18817,0.28014,0.29683,0.35559,0.40777,0.46594,0.51127,0.56574,0.60305,0.60985,0.72581
0.5417,-0.012861,-0.0026835,0.014327,0.011082,0.020314,0.037275,0.10546,0.19282,0.27395,0.29064,0.34166,0.42015,0.45666,0.50198,0.57038,0.58602,0.61759,0.732
0.5418,-0.0051226,0.0004118,0.0081364,0.018821,0.026505,0.035727,0.10856,0.19127,0.27859,0.29219,0.34166,0.4186,0.45202,0.50198,0.57038,0.5984,0.62997,0.73046
0.5419,-0.0082179,-0.010422,0.0065888,0.015725,0.021862,0.043465,0.11475,0.19591,0.2724,0.28754,0.34785,0.4186,0.45047,0.51282,0.56729,0.59686,0.62533,0.71653
0.542,-0.0066702,-0.0073264,0.0034935,0.0095347,0.021862,0.045013,0.10546,0.19591,0.26776,0.29528,0.3494,0.41551,0.45975,0.50508,0.57348,0.60614,0.62223,0.71807
0.5421,-0.0066702,0.0004118,0.0034935,0.020368,0.023409,0.048108,0.10391,0.19901,0.2724,0.29683,0.35249,0.41705,0.4644,0.48805,0.58122,0.60305,0.62069,0.71653
0.5422,-0.012861,-0.0042311,0.0050412,0.021916,0.017219,0.046561,0.10082,0.19436,0.27859,0.30766,0.34785,0.4186,0.45666,0.49734,0.56729,0.60305,0.63152,0.70879
0.5423,-0.011313,-0.0026835,0.011232,0.018821,0.023409,0.043465,0.096176,0.19436,0.27859,0.29993,0.35868,0.42634,0.46285,0.50198,0.56419,0.61852,0.63461,0.71034
0.5424,-0.017504,0.0066024,0.0034935,0.018821,0.028052,0.043465,0.096176,0.2052,0.2724,0.29838,0.35404,0.4217,0.45511,0.49734,0.56574,0.59995,0.63616,0.72272
0.5425,-0.019051,0.0035071,0.0065888,0.018821,0.021862,0.041918,0.099271,0.20365,0.26621,0.29219,0.35713,0.41396,0.4644,0.48805,0.56419,0.59995,0.62378,0.72427
0.5426,-0.0082179,-0.0026835,0.017422,0.011082,0.023409,0.035727,0.10082,0.19436,0.27395,0.30302,0.36023,0.41396,0.47523,0.4927,0.57348,0.59531,0.61914,0.71807
0.5427,-0.0066702,-0.01816,0.014327,0.01263,0.020314,0.04037,0.10237,0.2021,0.26776,0.29683,0.35559,0.41086,0.47214,0.4927,0.56419,0.59221,0.62069,0.71498
0.5428,-0.0082179,-0.0073264,0.0065888,0.014178,0.018766,0.029536,0.10701,0.20365,0.26466,0.30147,0.35249,0.40312,0.47368,0.50044,0.5611,0.59686,0.62997,0.71498
0.5429,-0.0066702,0.0019594,0.017422,0.025011,0.024957,0.035727,0.10856,0.18972,0.26776,0.31231,0.34785,0.40777,0.47678,0.50198,0.55955,0.6015,0.62842,0.72891
0.543,-0.003575,-0.0057788,0.014327,0.020368,0.023409,0.045013,0.099271,0.18663,0.27085,0.30766,0.34166,0.40932,0.47833,0.50817,0.55181,0.59221,0.64235,0.72427
0.5431,-0.0082179,0.0004118,0.0065888,0.026559,0.020314,0.04037,0.10546,0.18972,0.26311,0.30147,0.35249,0.41396,0.46904,0.50044,0.56574,0.59686,0.63152,0.71034
0.5432,-0.0082179,0.0004118,0.0019459,0.014178,0.015671,0.037275,0.094628,0.19127,0.2693,0.30147,0.35404,0.41241,0.46594,0.49579,0.55955,0.59686,0.61759,0.71498
0.5433,-0.0051226,-0.0026835,0.0081364,0.014178,0.031147,0.037275,0.096176,0.19591,0.26466,0.30457,0.34011,0.40777,0.47059,0.50663,0.55955,0.59686,0.63307,0.71343
0.5434,-0.0020273,0.0035071,0.0096841,0.021916,0.028052,0.04037,0.10082,0.19746,0.26466,0.30612,0.35559,0.41086,0.47059,0.49889,0.56729,0.60614,0.62842,0.71653
0.5435,-0.0051226,0.0019594,0.0050412,0.020368,0.028052,0.041918,0.10237,0.19282,0.26466,0.30147,0.35713,0.41396,0.47214,0.50508,0.5611,0.59531,0.62997,0.70879
0.5436,-0.0066702,0.0004118,0.0034935,0.018821,0.024957,0.041918,0.089985,0.18817,0.2693,0.30302,0.33856,0.41551,0.46594,0.50508,0.57348,0.59531,0.61604,0.70569
0.5437,-0.0097655,-0.0057788,0.0081364,0.023464,0.021862,0.04037,0.097723,0.18508,0.26466,0.29993,0.34011,0.4217,0.45821,0.51282,0.56574,0.59376,0.60831,0.71034
0.5438,-0.015956,-0.0073264,0.0081364,0.025011,0.021862,0.038822,0.10082,0.18663,0.2693,0.30302,0.34475,0.41396,0.47059,0.51901,0.55955,0.60305,0.62533,0.70105
0.5439,-0.020599,0.0004118,0.014327,0.018821,0.023409,0.04037,0.10701,0.19901,0.27859,0.30302,0.34321,0.41396,0.4644,0.50972,0.56265,0.6015,0.63461,0.69796
0.544,-0.011313,0.0035071,0.0019459,0.014178,0.015671,0.048108,0.10391,0.19127,0.27704,0.29683,0.35868,0.41086,0.47059,0.51591,0.55955,0.59221,0.62997,0.71653
0.5441,-0.0082179,0.0004118,0.0019459,0.020368,0.020314,0.045013,0.10082,0.18972,0.28014,0.29064,0.3494,0.40777,0.46904,0.50817,0.56419,0.58757,0.63461,0.71188
0.5442,-0.0051226,-0.0073264,0.00039822,0.014178,0.0296,0.04037,0.1101,0.19901,0.27859,0.286,0.35249,0.41551,0.47059,0.50663,0.56265,0.58293,0.63771,0.71343
0.5443,-0.0097655,-0.0026835,0.0065888,0.0079871,0.0296,0.048108,0.10546,0.19901,0.27859,0.29064,0.34011,0.4217,0.47368,0.50663,0.56265,0.58447,0.63616,0.70569
0.5444,-0.014408,0.0019594,0.011232,0.018821,0.020314,0.038822,0.11165,0.2021,0.27085,0.29993,0.34166,0.41396,0.47059,0.50044,0.55955,0.59221,0.62069,0.70879
0.5445,-0.0097655,0.0004118,0.0081364,0.018821,0.018766,0.035727,0.10237,0.2052,0.26621,0.30147,0.35249,0.41241,0.46285,0.50198,0.56265,0.6015,0.63461,0.71343
0.5446,-0.0051226,-0.0057788,0.014327,0.0064395,0.015671,0.045013,0.10082,0.19746,0.27085,0.30147,0.34475,0.4186,0.46594,0.50817,0.56574,0.59221,0.63152,0.72427
0.5447,-0.003575,-0.0011358,0.017422,0.01263,0.015671,0.043465,0.10546,0.19127,0.2693,0.29993,0.34011,0.41551,0.47214,0.51127,0.57038,0.59067,0.64235,0.71962
0.5448,-0.0097655,0.0019594,0.0081364,0.023464,0.020314,0.045013,0.10856,0.19282,0.2724,0.30457,0.33392,0.41551,0.46904,0.50353,0.56729,0.5984,0.63307,0.72581
0.5449,-0.011313,0.0035071,0.0065888,0.014178,0.021862,0.043465,0.1101,0.19436,0.27395,0.29683,0.34166,0.41086,0.4644,0.50663,0.57038,0.59686,0.62997,0.732
0.545,-0.0051226,-0.0011358,0.0050412,0.015725,0.023409,0.04037,0.10856,0.18663,0.2724,0.30302,0.34785,0.40932,0.47523,0.50972,0.57967,0.6015,0.63771,0.72272
0.5451,-0.0097655,-0.0026835,0.0050412,0.018821,0.018766,0.045013,0.1101,0.19591,0.27859,0.29993,0.3494,0.40932,0.46904,0.50817,0.57812,0.59531,0.63616,0.71962
0.5452,-0.012861,0.0004118,0.00039822,0.014178,0.020314,0.045013,0.10237,0.19746,0.28633,0.30302,0.35868,0.40622,0.46904,0.50663,0.57657,0.59686,0.63926,0.71498
0.5453,-0.0051226,-0.0042311,-0.0011494,0.018821,0.023409,0.043465,0.10237,0.2021,0.28014,0.30766,0.35249,0.4186,0.47833,0.51282,0.56574,0.59376,0.63307,0.70569
0.5454,-0.0097655,0.0004118,0.0019459,0.014178,0.038886,0.045013,0.1132,0.19436,0.2724,0.30612,0.35404,0.41086,0.48142,0.52056,0.5611,0.59067,0.63307,0.71807
0.5455,-0.0097655,-0.0011358,0.014327,0.015725,0.026505,0.043465,0.1101,0.19436,0.2693,0.29528,0.35249,0.40312,0.47214,0.51591,0.57967,0.59067,0.63307,0.72581
0.5456,-0.0051226,-0.0026835,0.014327,0.014178,0.024957,0.04037,0.10391,0.18972,0.27395,0.30302,0.35559,0.41396,0.47523,0.51127,0.57657,0.57828,0.62842,0.71653
0.5457,-0.0051226,-0.0057788,0.015875,0.018821,0.026505,0.045013,0.10237,0.19591,0.28168,0.30612,0.35249,0.41705,0.47987,0.51746,0.57193,0.58293,0.62533,0.72272
0.5458,-0.0097655,0.0004118,0.014327,0.018821,0.028052,0.046561,0.099271,0.19282,0.27395,0.30302,0.35094,0.41241,0.47833,0.51746,0.57193,0.59221,0.63152,0.7351
0.5459,-0.0051226,0.00815,0.00039822,0.0079871,0.0296,0.037275,0.10701,0.19127,0.28323,0.30612,0.35249,0.42015,0.48142,0.50663,0.57812,0.59686,0.63926,0.71962
0.546,-0.0051226,-0.0026835,0.0050412,0.015725,0.026505,0.034179,0.10082,0.18972,0.27395,0.30612,0.35249,0.42324,0.47368,0.50044,0.57812,0.59531,0.62223,0.71498
0.5461,-0.011313,0.0019594,0.0081364,0.018821,0.021862,0.035727,0.099271,0.18972,0.2724,0.31231,0.35249,0.4217,0.47368,0.50972,0.57348,0.6015,0.61759,0.71962
0.5462,-0.011313,0.0019594,0.0050412,0.018821,0.020314,0.037275,0.10391,0.18817,0.27395,0.30457,0.35249,0.42324,0.47987,0.51127,0.56419,0.60769,0.62069,0.71188
0.5463,-0.0051226,0.0050547,0.0050412,0.023464,0.021862,0.04037,0.10856,0.18353,0.2724,0.30302,0.34785,0.42324,0.47368,0.50817,0.57038,0.61233,0.62378,0.70879
0.5464,-0.0066702,0.0050547,0.0065888,0.020368,0.026505,0.043465,0.10237,0.18508,0.27859,0.29683,0.35559,0.41241,0.47523,0.50044,0.56729,0.61543,0.62069,0.6995
0.5465,-0.0097655,-0.0073264,0.0096841,0.021916,0.032695,0.045013,0.10546,0.18972,0.28323,0.30147,0.35559,0.41396,0.48452,0.50044,0.56729,0.60305,0.6114,0.70724
0.5466,-0.0051226,-0.0042311,0.0096841,0.020368,0.023409,0.049656,0.10701,0.19127,0.28014,0.29528,0.35249,0.41705,0.48297,0.50353,0.57348,0.60614,0.60211,0.71343
0.5467,-0.0066702,-0.0011358,0.0050412,0.021916,0.020314,0.045013,0.10856,0.19746,0.28323,0.29838,0.36023,0.41086,0.48297,0.50353,0.57348,0.60614,0.61759,0.72581
0.5468,-0.0097655,-0.010422,0.011232,0.020368,0.017219,0.045013,0.094628,0.19436,0.27704,0.29683,0.36487,0.41241,0.47987,0.49579,0.58895,0.59995,0.62378,0.72427
0.5469,-0.0051226,-0.0011358,-0.0011494,0.020368,0.011028,0.04037,0.10856,0.19436,0.28014,0.29683,0.35559,0.4217,0.48142,0.49889,0.58431,0.6015,0.61914,0.72272
0.547,-0.0020273,-0.0011358,0.0034935,0.025011,0.024957,0.04037,0.10856,0.19127,0.28014,0.29838,0.35868,0.42015,0.48297,0.50663,0.58122,0.59686,0.61759,0.71498
0.5471,-0.0051226,-0.0011358,0.0034935,0.014178,0.021862,0.045013,0.10237,0.18972,0.28168,0.29838,0.36797,0.41705,0.48452,0.50972,0.57503,0.59376,0.62223,0.71962
0.5472,-0.0097655,-0.0057788,0.011232,0.014178,0.026505,0.037275,0.10546,0.18817,0.28788,0.30147,0.35559,0.4186,0.47523,0.51127,0.56574,0.5984,0.60985,0.71343
0.5473,-0.0051226,-0.0026835,0.0065888,0.023464,0.021862,0.037275,0.099271,0.18972,0.28788,0.30457,0.35249,0.4186,0.46904,0.50353,0.57657,0.61078,0.60676,0.70879
0.5474,-0.0066702,-0.0026835,0.0096841,0.018821,0.026505,0.043465,0.097723,0.19127,0.28478,0.30147,0.35249,0.41551,0.47059,0.50663,0.58276,0.6015,0.6145,0.71034
0.5475,-0.0020273,-0.0011358,0.0034935,0.015725,0.031147,0.037275,0.10237,0.18663,0.28478,0.31231,0.34166,0.4186,0.48452,0.50663,0.57967,0.6015,0.62069,0.71188
0.5476,0.0026156,-0.0057788,0.0050412,0.015725,0.026505,0.034179,0.10391,0.19282,0.27859,0.30457,0.34475,0.42324,0.47523,0.50663,0.57038,0.59221,0.62997,0.71188
0.5477,-0.0051226,-0.0026835,0.0081364,0.018821,0.026505,0.038822,0.11165,0.18353,0.28014,0.30612,0.36023,0.4217,0.46904,0.50353,0.58122,0.59221,0.62378,0.70879
0.5478,-0.00047968,0.0019594,0.0050412,0.015725,0.0296,0.04037,0.1101,0.18198,0.27859,0.30457,0.35713,0.42324,0.47368,0.50663,0.58122,0.58912,0.62533,0.70569
0.5479,-0.0020273,0.0035071,0.0050412,0.020368,0.024957,0.041918,0.10082,0.18198,0.27704,0.30147,0.35094,0.40932,0.48452,0.50972,0.58276,0.60305,0.62378,0.70105
0.548,-0.003575,0.0019594,0.0081364,0.020368,0.024957,0.041918,0.10856,0.18663,0.2724,0.29528,0.34321,0.41551,0.48452,0.50198,0.57657,0.60305,0.62223,0.69796
0.5481,-0.0020273,0.0050547,0.014327,0.01263,0.018766,0.032632,0.10701,0.18353,0.27085,0.29219,0.34785,0.42015,0.47678,0.50508,0.58741,0.59531,0.61914,0.69796
0.5482,-0.0020273,-0.0026835,0.0034935,0.0064395,0.020314,0.032632,0.097723,0.18972,0.26621,0.29993,0.3494,0.41551,0.48452,0.50508,0.58122,0.60769,0.61759,0.71653
0.5483,-0.0082179,0.0004118,0.0050412,0.0095347,0.015671,0.041918,0.11784,0.19746,0.26311,0.30612,0.35249,0.4186,0.47523,0.50353,0.57812,0.60305,0.62069,0.71034
0.5484,-0.0082179,0.0004118,0.0019459,0.023464,0.018766,0.04037,0.10856,0.18508,0.26157,0.30612,0.3494,0.42943,0.47833,0.50198,0.57038,0.59531,0.61914,0.70879
0.5485,-0.003575,-0.0011358,0.0019459,0.020368,0.026505,0.027989,0.10546,0.18663,0.2724,0.30766,0.33856,0.4217,0.48142,0.49734,0.56729,0.59221,0.61295,0.71962
0.5486,-0.0051226,-0.0011358,0.014327,0.020368,0.021862,0.035727,0.1101,0.18198,0.26621,0.30612,0.3494,0.41241,0.47368,0.50817,0.58276,0.58447,0.60676,0.71188
0.5487,-0.00047968,0.0096977,0.017422,0.021916,0.021862,0.04037,0.10237,0.19282,0.26466,0.29993,0.35249,0.41551,0.47523,0.50508,0.57348,0.58293,0.6145,0.71188
0.5488,-0.0082179,0.0019594,0.0034935,0.023464,0.024957,0.035727,0.10856,0.18817,0.2724,0.30302,0.35249,0.41551,0.47987,0.51282,0.56574,0.58602,0.60985,0.71188
0.5489,-0.0051226,-0.0026835,0.0050412,0.023464,0.020314,0.045013,0.10856,0.18044,0.2724,0.30457,0.35868,0.42943,0.47059,0.51127,0.56574,0.59376,0.61914,0.72427
0.549,-0.0082179,0.0004118,0.0081364,0.025011,0.021862,0.043465,0.11475,0.17889,0.27395,0.31695,0.35404,0.4217,0.46749,0.49734,0.5611,0.60924,0.62223,0.71962
0.5491,-0.0082179,0.00815,0.00039822,0.014178,0.018766,0.038822,0.12094,0.18044,0.27395,0.30921,0.35559,0.42789,0.46749,0.50044,0.5611,0.5984,0.61914,0.70879
0.5492,-0.0097655,0.0019594,0.0050412,0.014178,0.024957,0.04037,0.10856,0.18508,0.27085,0.30612,0.35249,0.4217,0.46904,0.51127,0.55336,0.59686,0.62069,0.70879
0.5493,-0.0097655,0.0035071,0.0081364,0.018821,0.028052,0.046561,0.10546,0.18198,0.26621,0.30921,0.35713,0.42324,0.47523,0.51591,0.55181,0.58757,0.62997,0.71188
0.5494,-0.0097655,0.0050547,0.0019459,0.01263,0.020314,0.037275,0.10237,0.18353,0.26621,0.30766,0.36023,0.41705,0.47368,0.51282,0.55645,0.59221,0.62842,0.71343
0.5495,-0.0082179,0.0019594,0.0034935,0.020368,0.026505,0.035727,0.10391,0.18353,0.2724,0.29993,0.35559,0.42015,0.47523,0.51746,0.56729,0.59376,0.62378,0.71653
0.5496,0.001068,0.0019594,0.0065888,0.020368,0.021862,0.043465,0.10082,0.18972,0.26621,0.29993,0.35868,0.42324,0.47833,0.52056,0.57038,0.59531,0.62842,0.71034
0.5497,0.0026156,-0.0042311,0.0050412,0.015725,0.015671,0.032632,0.10082,0.18353,0.27085,0.29993,0.35713,0.4186,0.45666,0.50663,0.558,0.59995,0.63771,0.71188
0.5498,-0.0051226,0.0019594,0.011232,0.01263,0.020314,0.032632,0.10546,0.18817,0.26621,0.30457,0.35249,0.42634,0.45511,0.50044,0.56574,0.6015,0.62997,0.71034
0.5499,-0.003575,0.0004118,-0.0011494,0.021916,0.024957,0.041918,0.10237,0.18508,0.27859,0.29993,0.34321,0.43408,0.45821,0.50044,0.57193,0.5984,0.63926,0.71188
0.55,0.0026156,-0.0011358,0.0081364,0.023464,0.021862,0.043465,0.10701,0.18508,0.2724,0.30302,0.36178,0.4186,0.46904,0.50663,0.57038,0.59531,0.63152,0.70415
0.5501,-0.00047968,0.0035071,0.0050412,0.014178,0.017219,0.041918,0.1132,0.18972,0.2724,0.30147,0.3494,0.41705,0.46904,0.50353,0.56574,0.58602,0.61914,0.71653
0.5502,-0.0082179,0.0066024,0.0081364,0.01263,0.021862,0.035727,0.10856,0.18663,0.26621,0.30302,0.36178,0.41551,0.4644,0.50198,0.56729,0.59221,0.62069,0.70724
0.5503,-0.0082179,0.0050547,0.0065888,0.020368,0.028052,0.045013,0.10546,0.19127,0.26311,0.29993,0.36023,0.42789,0.47214,0.4927,0.55645,0.59067,0.62533,0.6995
0.5504,-0.014408,0.0035071,0.0065888,0.0095347,0.021862,0.04037,0.10856,0.18972,0.26621,0.29838,0.34475,0.4217,0.46904,0.4927,0.55336,0.59067,0.63307,0.70415
0.5505,-0.00047968,0.0050547,0.0081364,0.014178,0.023409,0.046561,0.10546,0.19282,0.2693,0.29683,0.35094,0.43098,0.47059,0.50663,0.558,0.59686,0.62223,0.70724
0.5506,0.001068,0.0019594,0.0081364,0.014178,0.018766,0.041918,0.10391,0.19282,0.26311,0.28909,0.35559,0.42634,0.46594,0.51591,0.56419,0.59995,0.62069,0.71034
0.5507,-0.00047968,0.0050547,0.0081364,0.021916,0.018766,0.041918,0.10391,0.19591,0.26002,0.286,0.3494,0.43098,0.47987,0.51591,0.55491,0.59686,0.62069,0.71188
0.5508,-0.011313,-0.0026835,0.014327,0.018821,0.020314,0.041918,0.10237,0.19436,0.26621,0.28445,0.34321,0.43717,0.46904,0.50817,0.54872,0.59686,0.62069,0.70879
0.5509,-0.020599,0.0050547,0.0081364,0.01263,0.015671,0.04037,0.10546,0.18198,0.26157,0.286,0.35868,0.43098,0.46594,0.50817,0.55336,0.59531,0.63461,0.70724
0.551,-0.0066702,0.0004118,0.0050412,0.023464,0.023409,0.04037,0.10546,0.18198,0.26621,0.28754,0.35713,0.42789,0.4644,0.49889,0.54872,0.60305,0.62997,0.71807
0.5511,-0.0097655,0.0004118,-0.0011494,0.023464,0.018766,0.035727,0.10082,0.18817,0.26157,0.29219,0.35713,0.42015,0.46749,0.51127,0.54407,0.60614,0.62378,0.71653
0.5512,-0.0051226,0.0004118,0.00039822,0.025011,0.011028,0.043465,0.10237,0.19436,0.26466,0.28909,0.35713,0.42324,0.46594,0.50972,0.55181,0.60769,0.62069,0.71653
0.5513,0.001068,-0.013517,0.0081364,0.014178,0.018766,0.037275,0.10856,0.18508,0.26466,0.29064,0.36178,0.42943,0.46749,0.50198,0.55645,0.60614,0.62378,0.71807
0.5514,-0.003575,-0.0026835,0.014327,0.021916,0.021862,0.043465,0.11165,0.18508,0.26157,0.29064,0.35559,0.42789,0.46749,0.50198,0.55645,0.60614,0.63307,0.7026
0.5515,-0.012861,0.0035071,0.0065888,0.021916,0.023409,0.041918,0.10701,0.18044,0.25692,0.29064,0.35559,0.42634,0.46749,0.51436,0.56574,0.59067,0.62842,0.70724
0.5516,-0.0051226,0.0019594,0.0065888,0.011082,0.0296,0.041918,0.11165,0.18353,0.26311,0.30766,0.34785,0.4186,0.46904,0.51436,0.558,0.59067,0.62223,0.69796
0.5517,-0.0066702,0.0019594,0.0096841,0.018821,0.021862,0.043465,0.10391,0.18508,0.26466,0.30457,0.35559,0.42324,0.45821,0.50663,0.56419,0.5984,0.6145,0.69022
0.5518,-0.0020273,0.0004118,0.0065888,0.023464,0.023409,0.04037,0.10701,0.19127,0.26311,0.29064,0.36178,0.42634,0.45202,0.49579,0.55491,0.59531,0.6114,0.69641
0.5519,-0.0051226,0.0004118,0.0065888,0.018821,0.023409,0.038822,0.10391,0.19127,0.26157,0.286,0.36023,0.42789,0.45356,0.50972,0.54872,0.58912,0.61914,0.69486
0.552,-0.0082179,-0.0042311,0.0065888,0.020368,0.018766,0.045013,0.097723,0.18817,0.25692,0.28445,0.35713,0.40777,0.45356,0.51746,0.56265,0.58757,0.61914,0.71034
0.5521,-0.014408,0.0004118,0.00039822,0.023464,0.017219,0.048108,0.10082,0.18817,0.26311,0.29683,0.36023,0.40467,0.45821,0.51282,0.57193,0.59067,0.61604,0.72581
0.5522,-0.0051226,0.00815,0.0050412,0.020368,0.023409,0.032632,0.10391,0.18508,0.26311,0.29374,0.36023,0.40622,0.45511,0.51746,0.56729,0.59221,0.62378,0.71188
0.5523,-0.0051226,-0.0011358,0.0065888,0.020368,0.020314,0.037275,0.097723,0.18198,0.26002,0.28754,0.35713,0.40777,0.45821,0.51746,0.558,0.59376,0.62378,0.71498
0.5524,-0.0097655,-0.0011358,0.0065888,0.020368,0.017219,0.031084,0.097723,0.17579,0.25692,0.286,0.36178,0.41551,0.45821,0.51746,0.55645,0.59221,0.62842,0.70879
0.5525,-0.014408,-0.0026835,0.0096841,0.011082,0.021862,0.038822,0.097723,0.17579,0.25692,0.29993,0.36178,0.4186,0.45202,0.51746,0.5611,0.58138,0.63152,0.71343
0.5526,-0.0066702,-0.0026835,0.0034935,0.020368,0.021862,0.034179,0.10237,0.19127,0.26466,0.30302,0.35559,0.41241,0.4644,0.5221,0.55955,0.59221,0.62378,0.70879
0.5527,-0.0051226,-0.0026835,0.0096841,0.021916,0.023409,0.041918,0.096176,0.18353,0.26002,0.29838,0.35868,0.41705,0.44892,0.51591,0.56265,0.59686,0.62533,0.72272
0.5528,-0.0066702,0.0004118,0.0096841,0.028106,0.026505,0.043465,0.10391,0.18353,0.25228,0.29683,0.34785,0.4217,0.44737,0.50663,0.56729,0.58912,0.62842,0.74284
0.5529,-0.0020273,-0.0011358,0.0034935,0.025011,0.021862,0.041918,0.10237,0.17734,0.26621,0.30302,0.3494,0.40932,0.45821,0.50044,0.58122,0.58757,0.61759,0.7351
0.553,-0.0051226,0.0019594,0.0050412,0.026559,0.020314,0.038822,0.096176,0.18044,0.25847,0.29838,0.35249,0.40932,0.45666,0.50508,0.57503,0.58757,0.63152,0.73046
0.5531,-0.0082179,-0.0042311,0.0081364,0.021916,0.020314,0.043465,0.10082,0.18198,0.25847,0.30147,0.35249,0.4217,0.45356,0.50817,0.57503,0.59376,0.62533,0.73665
0.5532,-0.0082179,0.0050547,0.014327,0.018821,0.023409,0.04037,0.096176,0.18353,0.26311,0.30302,0.35404,0.43098,0.45511,0.51282,0.58431,0.59531,0.62997,0.73974
0.5533,-0.003575,0.0096977,0.0065888,0.025011,0.023409,0.04037,0.10082,0.18044,0.25847,0.30612,0.36332,0.42943,0.44892,0.50663,0.58741,0.59531,0.61604,0.74129
0.5534,-0.015956,-0.0011358,0.00039822,0.020368,0.024957,0.038822,0.09308,0.18198,0.25847,0.29993,0.36332,0.4217,0.45047,0.51127,0.56729,0.59221,0.62378,0.72581
0.5535,-0.0097655,-0.0073264,0.0019459,0.01263,0.020314,0.038822,0.089985,0.18663,0.26002,0.29838,0.36023,0.42634,0.45666,0.5252,0.57812,0.57828,0.63152,0.732
0.5536,-0.0051226,-0.0011358,0.0034935,0.0079871,0.017219,0.037275,0.096176,0.18663,0.25537,0.29683,0.35404,0.42943,0.45975,0.5221,0.57038,0.58757,0.62378,0.72427
0.5537,-0.0097655,-0.0026835,0.0019459,0.021916,0.017219,0.04037,0.10082,0.17889,0.25228,0.29993,0.35559,0.4217,0.45202,0.51436,0.57193,0.57983,0.61914,0.72427
0.5538,-0.0051226,-0.0042311,0.0081364,0.018821,0.017219,0.043465,0.096176,0.18353,0.25073,0.30147,0.35404,0.42324,0.45666,0.50817,0.56419,0.58757,0.62378,0.72581
0.5539,-0.0051226,-0.0042311,0.0081364,0.01263,0.023409,0.043465,0.097723,0.18972,0.25847,0.29993,0.35559,0.4186,0.46285,0.51591,0.56574,0.58447,0.61914,0.73046
0.554,-0.012861,0.0019594,-0.0011494,0.011082,0.023409,0.038822,0.099271,0.18198,0.26311,0.29064,0.35713,0.42015,0.46749,0.51436,0.56729,0.58757,0.62533,0.732
0.5541,-0.0097655,0.0004118,0.0096841,0.015725,0.028052,0.029536,0.10082,0.18663,0.25692,0.29683,0.35404,0.4217,0.47987,0.50508,0.58276,0.58757,0.62842,0.7351
0.5542,-0.0066702,-0.0026835,0.014327,0.01263,0.023409,0.037275,0.10391,0.18663,0.26002,0.30147,0.36487,0.42789,0.46904,0.50663,0.57193,0.58757,0.61604,0.732
0.5543,-0.011313,-0.010422,0.014327,0.01263,0.020314,0.037275,0.09308,0.18353,0.26157,0.30457,0.36178,0.43253,0.4644,0.50817,0.57812,0.59221,0.62533,0.72736
0.5544,-0.0051226,-0.0026835,0.014327,0.011082,0.018766,0.038822,0.094628,0.19591,0.26002,0.30921,0.36642,0.42634,0.46749,0.50198,0.57193,0.60924,0.62378,0.72272
0.5545,-0.0051226,0.00815,0.0081364,0.021916,0.028052,0.034179,0.096176,0.18508,0.25692,0.30612,0.36642,0.42789,0.46749,0.49734,0.56574,0.61388,0.61759,0.71653
0.5546,-0.0051226,0.0066024,0.0050412,0.01263,0.018766,0.04037,0.099271,0.18508,0.26466,0.29993,0.35868,0.43872,0.45821,0.50044,0.558,0.60305,0.61914,0.71807
0.5547,-0.003575,-0.0057788,0.0019459,0.01263,0.021862,0.038822,0.10546,0.18817,0.25847,0.30147,0.36332,0.43253,0.45356,0.51282,0.56265,0.60305,0.62997,0.72272
0.5548,-0.003575,-0.0011358,0.0096841,0.01263,0.026505,0.041918,0.097723,0.18817,0.26311,0.30457,0.35868,0.4186,0.44892,0.51436,0.558,0.60614,0.61914,0.71653
0.5549,-0.0020273,0.0004118,0.0050412,0.025011,0.020314,0.04037,0.10082,0.18663,0.26157,0.29993,0.36178,0.41241,0.44892,0.52056,0.55955,0.59531,0.61759,0.71653
0.555,-0.0097655,0.0004118,0.0034935,0.021916,0.026505,0.035727,0.10082,0.17734,0.25847,0.29993,0.36023,0.41396,0.45356,0.51746,0.56574,0.5984,0.62842,0.72272
0.5551,-0.0066702,0.0019594,0.0034935,0.021916,0.020314,0.04037,0.099271,0.17889,0.26311,0.29683,0.36023,0.42943,0.4644,0.50663,0.56729,0.59531,0.62069,0.72736
0.5552,-0.0082179,-0.0011358,0.0034935,0.018821,0.024957,0.035727,0.10082,0.18353,0.25537,0.29374,0.37725,0.43563,0.44428,0.51436,0.57193,0.58602,0.62069,0.73046
0.5553,-0.0066702,-0.0042311,0.0019459,0.018821,0.026505,0.041918,0.10546,0.19436,0.25537,0.29219,0.36487,0.42943,0.45666,0.52056,0.57193,0.61233,0.62842,0.73046
0.5554,-0.0097655,-0.0026835,0.0019459,0.0079871,0.018766,0.046561,0.097723,0.19282,0.25537,0.29683,0.36332,0.42789,0.45975,0.51282,0.57503,0.61543,0.63461,0.72736
0.5555,-0.0051226,0.0004118,-0.0026971,0.01263,0.0079328,0.034179,0.094628,0.18198,0.24454,0.28909,0.36952,0.41396,0.45821,0.50972,0.57812,0.61543,0.61759,0.72272
0.5556,-0.00047968,0.0004118,0.0034935,0.015725,0.017219,0.029536,0.10237,0.18663,0.25228,0.29374,0.36332,0.41086,0.45975,0.51127,0.57038,0.5984,0.61914,0.71653
0.5557,-0.015956,0.00815,0.015875,0.018821,0.011028,0.032632,0.099271,0.17889,0.25383,0.29838,0.36332,0.42324,0.45821,0.5221,0.56419,0.59221,0.62223,0.70569
0.5558,-0.012861,0.0004118,0.00039822,0.020368,0.017219,0.035727,0.10701,0.17579,0.25073,0.29374,0.35713,0.42015,0.46285,0.5252,0.57812,0.5984,0.62842,0.70879
0.5559,-0.0051226,-0.0026835,-0.0011494,0.015725,0.024957,0.024894,0.10701,0.18044,0.24764,0.28754,0.36487,0.41551,0.45666,0.52056,0.58122,0.59531,0.62223,0.7026
0.556,-0.003575,-0.0011358,0.0065888,0.021916,0.023409,0.031084,0.10237,0.18817,0.25692,0.28909,0.36797,0.4186,0.45356,0.5252,0.57038,0.58912,0.6145,0.70415
0.5561,-0.0051226,0.0050547,0.0034935,0.018821,0.023409,0.034179,0.097723,0.18508,0.25692,0.286,0.36332,0.41705,0.44583,0.50817,0.55955,0.58912,0.62378,0.71343
0.5562,-0.0066702,0.0019594,0.0034935,0.020368,0.015671,0.029536,0.099271,0.18353,0.25228,0.28909,0.37106,0.4186,0.45356,0.50663,0.55955,0.58757,0.62223,0.71343
0.5563,-0.011313,-0.0042311,0.014327,0.018821,0.017219,0.035727,0.099271,0.18817,0.25847,0.28754,0.37106,0.42943,0.44892,0.51282,0.55955,0.58447,0.62069,0.70879
0.5564,-0.012861,-0.0026835,-0.0011494,0.018821,0.015671,0.04037,0.097723,0.18353,0.25847,0.29993,0.36952,0.43563,0.44118,0.51282,0.56419,0.59531,0.62069,0.71188
0.5565,-0.0097655,0.0019594,0.0050412,0.015725,0.020314,0.038822,0.096176,0.18663,0.25847,0.29838,0.36952,0.42943,0.44583,0.51127,0.56265,0.60305,0.62533,0.72891
0.5566,-0.0066702,0.0050547,0.0034935,0.018821,0.024957,0.045013,0.097723,0.18972,0.25847,0.28909,0.36952,0.42324,0.45511,0.51282,0.57348,0.5984,0.61914,0.71807
0.5567,-0.0051226,0.0035071,0.0065888,0.01263,0.021862,0.034179,0.10237,0.18972,0.25537,0.29374,0.37261,0.43563,0.46285,0.51127,0.57657,0.59221,0.62223,0.71962
0.5568,-0.0082179,0.0004118,0.0081364,0.015725,0.015671,0.041918,0.10237,0.19591,0.24764,0.28445,0.36332,0.42015,0.46285,0.50972,0.58122,0.58757,0.61604,0.72581
0.5569,-0.00047968,-0.0011358,0.0034935,0.011082,0.018766,0.038822,0.10546,0.19436,0.26311,0.29064,0.36487,0.4186,0.45975,0.50198,0.57038,0.59221,0.61604,0.72427
0.557,0.001068,-0.0011358,0.0034935,0.018821,0.0094804,0.041918,0.10546,0.18972,0.26311,0.29528,0.37106,0.41551,0.45666,0.50817,0.57193,0.59376,0.62069,0.72891
0.5571,-0.0051226,-0.0057788,0.020518,0.021916,0.026505,0.04037,0.11165,0.18353,0.26311,0.28909,0.36642,0.42324,0.44892,0.50198,0.57503,0.58912,0.62842,0.73046
0.5572,-0.0097655,-0.0011358,0.0050412,0.020368,0.024957,0.045013,0.10701,0.18663,0.26157,0.28909,0.36178,0.4217,0.45975,0.50353,0.57657,0.59531,0.62842,0.72736
0.5573,-0.0082179,0.0066024,0.0019459,0.011082,0.026505,0.037275,0.1101,0.18198,0.25383,0.286,0.37106,0.42015,0.45821,0.50817,0.5611,0.60305,0.62842,0.73046
0.5574,-0.0082179,0.0035071,0.0096841,0.01263,0.021862,0.038822,0.10856,0.18508,0.25383,0.2829,0.37416,0.41705,0.45202,0.51127,0.56419,0.5984,0.62997,0.71962
0.5575,-0.0066702,-0.0073264,0.0065888,0.011082,0.020314,0.043465,0.11165,0.18198,0.26157,0.29683,0.36332,0.42789,0.46285,0.50972,0.57348,0.59995,0.62069,0.71807
0.5576,-0.0097655,-0.015065,0.014327,0.01263,0.018766,0.043465,0.10237,0.18044,0.26311,0.29838,0.36332,0.42015,0.46285,0.51127,0.57657,0.59376,0.61759,0.71343
0.5577,-0.0097655,-0.0042311,0.0096841,0.015725,0.023409,0.041918,0.10082,0.18044,0.25537,0.29528,0.35868,0.42324,0.45511,0.51436,0.57967,0.59531,0.62378,0.71034
0.5578,-0.012861,-0.0042311,0.0065888,0.01263,0.020314,0.04037,0.10082,0.18353,0.25847,0.30457,0.35404,0.42634,0.44892,0.51127,0.58122,0.59531,0.62997,0.70569
0.5579,-0.0066702,-0.0088741,0.0050412,0.021916,0.017219,0.035727,0.097723,0.18972,0.25847,0.30147,0.36487,0.42015,0.44892,0.50353,0.58431,0.60305,0.62223,0.71034
0.558,-0.0051226,-0.0011358,0.0019459,0.021916,0.017219,0.04037,0.10546,0.18663,0.26002,0.27981,0.35713,0.42015,0.45821,0.50508,0.58122,0.61078,0.62997,0.70105
0.5581,-0.0082179,0.0050547,0.0050412,0.01263,0.021862,0.045013,0.10856,0.18972,0.25692,0.28909,0.36487,0.4186,0.47368,0.50198,0.57967,0.60614,0.63771,0.70724
0.5582,-0.0066702,0.0004118,0.0065888,0.011082,0.023409,0.049656,0.10701,0.18663,0.25228,0.29993,0.36332,0.41551,0.46749,0.50044,0.57348,0.60614,0.63307,0.71034
0.5583,-0.015956,-0.0057788,0.0065888,0.015725,0.021862,0.037275,0.10701,0.18508,0.25847,0.29374,0.36487,0.41551,0.46904,0.4896,0.57348,0.60614,0.63307,0.70569
0.5584,-0.012861,-0.0011358,0.00039822,0.014178,0.014123,0.035727,0.10391,0.18972,0.26466,0.29219,0.36642,0.42634,0.4644,0.4927,0.57038,0.60614,0.63616,0.70569
0.5585,-0.0082179,0.0035071,0.0050412,0.018821,0.015671,0.04037,0.1101,0.19591,0.26157,0.29838,0.36487,0.42943,0.46749,0.4896,0.57348,0.61078,0.63461,0.70415
0.5586,-0.012861,0.0004118,0.0081364,0.023464,0.017219,0.037275,0.1132,0.19591,0.26311,0.28754,0.36178,0.43717,0.46749,0.49579,0.57967,0.60769,0.62378,0.70415
0.5587,-0.0051226,-0.011969,0.0019459,0.018821,0.018766,0.032632,0.10237,0.18972,0.27395,0.28754,0.36178,0.42789,0.4644,0.50817,0.57348,0.61543,0.62997,0.71034
0.5588,-0.0051226,-0.0011358,0.0034935,0.015725,0.017219,0.032632,0.10546,0.18353,0.27085,0.29374,0.36178,0.43872,0.46285,0.50198,0.57967,0.61078,0.62069,0.71807
0.5589,-0.0082179,0.0035071,0.0081364,0.018821,0.020314,0.037275,0.10701,0.19591,0.26466,0.29683,0.36332,0.42789,0.47059,0.4927,0.58431,0.62162,0.61604,0.71962
0.559,-0.003575,0.0050547,0.0065888,0.018821,0.023409,0.038822,0.10701,0.19127,0.26311,0.29219,0.36952,0.4217,0.47059,0.48805,0.58895,0.61543,0.62533,0.71962
0.5591,-0.0066702,0.014341,0.0019459,0.020368,0.018766,0.038822,0.10082,0.18508,0.26157,0.286,0.36797,0.42789,0.45202,0.4927,0.58586,0.60305,0.62069,0.71653
0.5592,-0.0051226,0.0004118,0.0050412,0.0095347,0.021862,0.043465,0.096176,0.19746,0.26157,0.29374,0.36178,0.43563,0.45821,0.49889,0.58431,0.61388,0.62842,0.71343
0.5593,-0.0082179,0.0019594,0.0081364,0.0064395,0.026505,0.027989,0.097723,0.18508,0.26311,0.29374,0.37261,0.43098,0.46749,0.48805,0.58895,0.59686,0.62842,0.71807
0.5594,-0.0082179,-0.0011358,0.00039822,0.020368,0.026505,0.035727,0.10237,0.18353,0.2724,0.29219,0.37261,0.4186,0.46749,0.48186,0.57967,0.60924,0.62533,0.72891
0.5595,-0.015956,-0.0011358,0.0034935,0.020368,0.020314,0.045013,0.096176,0.18508,0.26157,0.29993,0.37261,0.4217,0.45666,0.49579,0.58586,0.61698,0.62378,0.7351
0.5596,-0.0051226,0.0004118,0.0050412,0.023464,0.026505,0.045013,0.099271,0.18663,0.24918,0.29993,0.37261,0.4217,0.47214,0.4927,0.5905,0.5984,0.62997,0.732
0.5597,-0.0082179,0.0004118,0.0019459,0.021916,0.015671,0.037275,0.10391,0.18972,0.26002,0.28909,0.36952,0.41241,0.47059,0.49579,0.58431,0.61388,0.63152,0.72272
0.5598,-0.0097655,0.0050547,0.0019459,0.021916,0.0079328,0.038822,0.10237,0.18972,0.26002,0.29683,0.36952,0.41551,0.46749,0.49734,0.58895,0.60924,0.62223,0.72427
0.5599,-0.0097655,-0.0011358,0.0081364,0.021916,0.021862,0.04037,0.10082,0.18972,0.26776,0.30302,0.36178,0.41551,0.44892,0.49115,0.59205,0.61698,0.62997,0.73046
0.56,-0.0082179,0.0019594,0.014327,0.020368,0.018766,0.04037,0.097723,0.19127,0.26621,0.29683,0.36952,0.42789,0.44583,0.49115,0.60288,0.61852,0.63926,0.73046
0.5601,-0.014408,0.0019594,0.0019459,0.023464,0.017219,0.041918,0.091533,0.19436,0.26466,0.28754,0.36642,0.42324,0.44428,0.50044,0.5905,0.61388,0.63461,0.73355
0.5602,-0.015956,0.0035071,0.0096841,0.021916,0.021862,0.04037,0.09308,0.19746,0.25847,0.28754,0.35404,0.4186,0.45511,0.49889,0.58431,0.61388,0.63926,0.73046
0.5603,-0.0051226,-0.0057788,0.00039822,0.023464,0.017219,0.045013,0.094628,0.18817,0.25383,0.29993,0.36178,0.4217,0.44118,0.49734,0.57812,0.60614,0.63307,0.73046
0.5604,-0.0066702,-0.0026835,0.00039822,0.01263,0.026505,0.034179,0.10391,0.18198,0.25383,0.30457,0.36178,0.4217,0.44118,0.49115,0.5905,0.60305,0.62997,0.72581
0.5605,-0.0020273,-0.0073264,0.00039822,0.014178,0.021862,0.032632,0.10082,0.18508,0.26311,0.29219,0.36487,0.40777,0.44737,0.48186,0.58895,0.61698,0.64235,0.71498
0.5606,-0.0097655,-0.0042311,0.0096841,0.020368,0.015671,0.035727,0.096176,0.18663,0.26311,0.29219,0.35249,0.41551,0.45202,0.48805,0.58586,0.60769,0.63616,0.71343
0.5607,-0.0051226,0.0035071,0.0065888,0.025011,0.021862,0.032632,0.10546,0.18353,0.26157,0.29528,0.35559,0.4217,0.45666,0.49579,0.59205,0.6015,0.64545,0.71653
0.5608,-0.00047968,-0.0042311,0.0034935,0.029654,0.023409,0.035727,0.10082,0.18817,0.26466,0.30147,0.35713,0.42015,0.45047,0.50198,0.57967,0.61078,0.62997,0.70569
0.5609,-0.0082179,0.0050547,0.0034935,0.021916,0.017219,0.027989,0.10082,0.18817,0.2724,0.29683,0.35713,0.43098,0.45666,0.50353,0.57967,0.60769,0.62378,0.72272
0.561,-0.003575,0.0019594,0.00039822,0.014178,0.023409,0.026441,0.099271,0.19436,0.26157,0.29683,0.36797,0.42943,0.45975,0.4896,0.58431,0.6015,0.63152,0.71188
0.5611,-0.015956,-0.0042311,0.0019459,0.021916,0.023409,0.031084,0.08689,0.18663,0.26002,0.29993,0.37416,0.43253,0.46285,0.48186,0.57038,0.59995,0.63926,0.71807
0.5612,-0.014408,-0.0011358,0.0034935,0.01263,0.020314,0.023346,0.10082,0.18353,0.27085,0.29838,0.35868,0.42789,0.46749,0.49579,0.57967,0.59376,0.62997,0.72581
0.5613,-0.0097655,-0.0011358,0.0065888,0.0079871,0.015671,0.024894,0.099271,0.18198,0.2724,0.30302,0.35094,0.42789,0.4644,0.50353,0.57967,0.59221,0.62533,0.72736
0.5614,-0.0097655,0.0019594,0.0034935,0.014178,0.021862,0.029536,0.10391,0.18508,0.26621,0.29683,0.36178,0.41396,0.45821,0.49734,0.57967,0.5984,0.62378,0.72272
0.5615,-0.014408,-0.0042311,0.00039822,0.023464,0.028052,0.031084,0.094628,0.18508,0.25228,0.28754,0.37725,0.41551,0.45821,0.50353,0.57348,0.59686,0.62378,0.71807
0.5616,-0.0066702,0.0019594,0.0050412,0.023464,0.028052,0.024894,0.096176,0.18508,0.25537,0.286,0.36178,0.4217,0.45821,0.51436,0.57967,0.59686,0.62069,0.71962
0.5617,-0.0066702,0.0019594,-0.0042447,0.011082,0.024957,0.027989,0.10082,0.18508,0.25692,0.28754,0.36023,0.42943,0.45202,0.50044,0.57967,0.60769,0.62378,0.72736
0.5618,-0.017504,0.0004118,0.0034935,0.025011,0.020314,0.031084,0.099271,0.18663,0.26157,0.29528,0.36487,0.43098,0.44428,0.49115,0.57348,0.60614,0.62069,0.73046
0.5619,-0.0066702,0.0035071,0.0034935,0.018821,0.018766,0.035727,0.099271,0.18972,0.26776,0.29374,0.35559,0.43098,0.44583,0.49115,0.5611,0.59067,0.61914,0.72736
0.562,-0.0051226,-0.0026835,0.020518,0.0095347,0.023409,0.029536,0.099271,0.19127,0.26621,0.29219,0.36023,0.42634,0.44737,0.49734,0.57348,0.60614,0.62223,0.71962
0.5621,-0.00047968,0.0004118,0.00039822,0.015725,0.026505,0.031084,0.10082,0.19436,0.25692,0.29219,0.36797,0.42789,0.45356,0.49734,0.57348,0.60614,0.62378,0.73665
0.5622,-0.0051226,0.0019594,0.0096841,0.020368,0.023409,0.024894,0.091533,0.19591,0.26621,0.30302,0.36797,0.42943,0.44428,0.48186,0.58122,0.6015,0.63616,0.72891
0.5623,-0.0020273,0.0019594,0.0096841,0.021916,0.020314,0.023346,0.09308,0.19436,0.2693,0.29374,0.36332,0.4217,0.44583,0.50353,0.58741,0.60924,0.61759,0.72581
0.5624,-0.0066702,-0.0026835,0.0096841,0.0079871,0.018766,0.035727,0.094628,0.19127,0.26621,0.30147,0.36797,0.42634,0.44892,0.49734,0.57812,0.61388,0.61914,0.71962
0.5625,-0.0066702,-0.0011358,0.0081364,0.011082,0.020314,0.023346,0.091533,0.2052,0.26776,0.30457,0.36023,0.42634,0.45356,0.50508,0.57038,0.60769,0.62069,0.71034
0.5626,-0.014408,-0.0057788,0.0081364,0.020368,0.015671,0.020251,0.097723,0.19591,0.26311,0.30302,0.35713,0.4217,0.45356,0.50044,0.56574,0.60305,0.62688,0.71343
0.5627,-0.0097655,-0.0042311,-0.0042447,0.023464,0.017219,0.020251,0.094628,0.19591,0.26466,0.30457,0.35404,0.4186,0.44273,0.50198,0.56419,0.60924,0.62997,0.72891
0.5628,-0.0082179,0.0050547,0.0065888,0.020368,0.0296,0.024894,0.096176,0.2052,0.26621,0.30612,0.35249,0.42789,0.43499,0.50044,0.56574,0.61543,0.62997,0.732
0.5629,-0.0051226,0.0050547,0.0050412,0.015725,0.018766,0.024894,0.089985,0.19436,0.26311,0.30921,0.3494,0.42015,0.44892,0.50508,0.57348,0.60305,0.63461,0.72427
0.563,-0.0051226,0.0004118,0.0081364,0.018821,0.018766,0.020251,0.10237,0.18817,0.27395,0.29993,0.35713,0.41705,0.44428,0.50508,0.56574,0.59376,0.63771,0.71962
0.5631,-0.003575,0.0035071,0.00039822,0.015725,0.020314,0.032632,0.099271,0.19127,0.27395,0.29374,0.35094,0.41705,0.44583,0.49115,0.56574,0.5984,0.63307,0.70724
0.5632,0.0026156,0.0035071,0.00039822,0.014178,0.020314,0.034179,0.097723,0.19901,0.26621,0.29683,0.3494,0.42324,0.44273,0.48186,0.57348,0.60924,0.63616,0.7026
0.5633,0.0026156,0.0035071,0.0081364,0.020368,0.018766,0.032632,0.10391,0.18972,0.26776,0.29683,0.35404,0.42789,0.44737,0.4927,0.58122,0.61388,0.63461,0.70569
0.5634,-0.0020273,-0.0073264,0.0081364,0.021916,0.020314,0.034179,0.099271,0.19436,0.26776,0.29838,0.35559,0.43098,0.45047,0.50044,0.57503,0.61388,0.62997,0.71653
0.5635,-0.0051226,-0.0042311,0.0034935,0.018821,0.018766,0.023346,0.097723,0.19127,0.2693,0.28445,0.3494,0.43098,0.44737,0.4927,0.57503,0.61698,0.62997,0.72272
0.5636,-0.0066702,0.0019594,0.0019459,0.020368,0.021862,0.023346,0.094628,0.18972,0.26466,0.28135,0.34785,0.42324,0.45511,0.49115,0.56729,0.61233,0.62069,0.71498
0.5637,-0.0051226,0.0066024,0.0050412,0.014178,0.023409,0.031084,0.10391,0.18817,0.26776,0.28445,0.35249,0.42789,0.44428,0.50044,0.56574,0.61078,0.62378,0.72427
0.5638,-0.0020273,0.0035071,-0.0011494,0.01263,0.0296,0.029536,0.10391,0.17734,0.26002,0.28909,0.34321,0.43098,0.45047,0.50198,0.57193,0.61078,0.61914,0.732
0.5639,-0.015956,-0.0026835,0.0081364,0.018821,0.021862,0.029536,0.10237,0.18198,0.26311,0.29374,0.33547,0.42789,0.45356,0.49734,0.5611,0.61852,0.62069,0.73665
0.564,-0.015956,0.0050547,0.0019459,0.018821,0.020314,0.024894,0.10546,0.19127,0.26621,0.29064,0.34785,0.42015,0.44892,0.49734,0.56419,0.62317,0.61295,0.72891
0.5641,-0.0082179,-0.0026835,0.0019459,0.020368,0.018766,0.018703,0.10546,0.18508,0.26621,0.28909,0.35868,0.4186,0.44892,0.49734,0.5611,0.61852,0.62378,0.732
0.5642,-0.0051226,-0.0011358,0.0019459,0.021916,0.024957,0.023346,0.10546,0.18663,0.26466,0.29838,0.35868,0.42943,0.45202,0.50353,0.57193,0.61852,0.62069,0.73665
0.5643,-0.0066702,-0.0011358,0.0050412,0.018821,0.026505,0.031084,0.1101,0.18817,0.26311,0.30612,0.35713,0.42943,0.45202,0.50508,0.56729,0.61698,0.61759,0.74129
0.5644,-0.0051226,0.0019594,0.0050412,0.020368,0.020314,0.031084,0.10082,0.18663,0.2693,0.29374,0.36642,0.42789,0.44583,0.49889,0.57348,0.61852,0.62997,0.74284
0.5645,-0.0082179,0.0035071,0.0065888,0.021916,0.0094804,0.026441,0.10701,0.18508,0.27085,0.29219,0.35404,0.4217,0.44428,0.50044,0.57193,0.61078,0.62688,0.7351
0.5646,-0.012861,-0.0011358,0.0050412,0.01263,0.020314,0.027989,0.10546,0.19436,0.26621,0.29838,0.3494,0.4217,0.45666,0.49579,0.55955,0.61698,0.60985,0.72891
0.5647,-0.0066702,-0.0026835,0.0034935,0.01263,0.021862,0.027989,0.10391,0.19436,0.26466,0.29374,0.35713,0.4217,0.45975,0.49734,0.54407,0.61852,0.62069,0.73665
0.5648,0.0026156,-0.0011358,-0.0026971,0.014178,0.015671,0.027989,0.10391,0.19436,0.25228,0.29838,0.36178,0.42789,0.45047,0.48805,0.54872,0.62162,0.62069,0.72581
0.5649,-0.012861,-0.0011358,0.0096841,0.020368,0.026505,0.023346,0.10237,0.19591,0.25847,0.30457,0.36642,0.42943,0.45047,0.4896,0.55181,0.60769,0.62997,0.72272
0.565,-0.0066702,-0.0026835,-0.0011494,0.01263,0.023409,0.027989,0.097723,0.2021,0.26157,0.29683,0.35559,0.42943,0.44892,0.50044,0.55336,0.60769,0.62533,0.7351
0.5651,-0.0082179,-0.0011358,0.0034935,0.015725,0.018766,0.024894,0.10546,0.19901,0.25847,0.29838,0.35094,0.43563,0.45356,0.50044,0.55491,0.61388,0.62223,0.7351
0.5652,-0.017504,0.0050547,0.0081364,0.015725,0.020314,0.024894,0.099271,0.19127,0.26311,0.30612,0.35094,0.43253,0.45666,0.49579,0.558,0.61233,0.63152,0.72427
0.5653,-0.0051226,0.0035071,0.0065888,0.025011,0.021862,0.024894,0.1101,0.19591,0.26466,0.29838,0.34321,0.4217,0.46285,0.50044,0.55026,0.61543,0.62842,0.71653
0.5654,-0.0082179,0.0019594,0.0065888,0.014178,0.018766,0.029536,0.10701,0.2052,0.2724,0.29683,0.34011,0.43563,0.45356,0.4896,0.55645,0.60614,0.62997,0.71962
0.5655,-0.0066702,-0.0011358,0.0034935,0.0095347,0.020314,0.029536,0.097723,0.18817,0.25383,0.30612,0.35713,0.42324,0.45511,0.48651,0.56574,0.59995,0.62069,0.71343
0.5656,-0.0051226,0.0096977,0.0050412,0.018821,0.015671,0.031084,0.1132,0.20365,0.25692,0.30766,0.35249,0.41551,0.45511,0.50508,0.57038,0.6015,0.62997,0.70879
0.5657,-0.0066702,-0.0073264,0.0050412,0.01263,0.021862,0.029536,0.10391,0.19282,0.26157,0.30921,0.35404,0.42789,0.45202,0.50353,0.56265,0.61233,0.62069,0.71807
0.5658,-0.0051226,-0.0073264,0.0065888,0.018821,0.031147,0.024894,0.10856,0.19591,0.25383,0.30612,0.34785,0.4217,0.46749,0.49734,0.5611,0.61543,0.61604,0.71962
0.5659,-0.003575,0.0035071,0.0034935,0.020368,0.023409,0.024894,0.10237,0.19746,0.25537,0.31231,0.3494,0.42015,0.46749,0.49115,0.5611,0.62317,0.62223,0.72272
0.566,-0.0097655,0.0035071,0.0019459,0.020368,0.020314,0.031084,0.099271,0.19436,0.25537,0.30147,0.34475,0.42015,0.47214,0.49115,0.56265,0.61698,0.60366,0.72272
0.5661,-0.0082179,-0.0042311,-0.0011494,0.020368,0.018766,0.035727,0.10237,0.19591,0.26002,0.30612,0.34475,0.42943,0.46594,0.48341,0.5611,0.60614,0.6145,0.71962
0.5662,-0.0066702,0.0019594,-0.0026971,0.018821,0.021862,0.023346,0.10082,0.20829,0.25847,0.30457,0.3494,0.4217,0.45821,0.48805,0.55491,0.6015,0.62378,0.72581
0.5663,-0.003575,0.0035071,-0.0011494,0.020368,0.015671,0.029536,0.10082,0.2021,0.26157,0.30612,0.35249,0.42789,0.4644,0.49579,0.558,0.61233,0.61759,0.73046
0.5664,-0.0051226,0.0019594,0.0050412,0.01263,0.023409,0.031084,0.10082,0.18663,0.26311,0.30612,0.35249,0.41551,0.45202,0.50198,0.56729,0.62471,0.62842,0.72581
0.5665,-0.0020273,0.0004118,0.00039822,0.021916,0.018766,0.021798,0.10856,0.19436,0.26466,0.30612,0.34475,0.42015,0.44892,0.49115,0.56419,0.62007,0.63307,0.72272
0.5666,-0.0066702,0.0019594,0.0019459,0.020368,0.0094804,0.020251,0.10856,0.2021,0.26311,0.30766,0.34321,0.4217,0.45047,0.50353,0.55955,0.61852,0.61604,0.72581
0.5667,-0.0020273,0.0004118,0.0034935,0.011082,0.014123,0.029536,0.10701,0.2021,0.26776,0.30612,0.34166,0.41705,0.45202,0.50663,0.55955,0.61698,0.62069,0.73355
0.5668,-0.00047968,0.0004118,0.014327,0.020368,0.020314,0.027989,0.1101,0.19901,0.2693,0.30147,0.34166,0.42324,0.44273,0.50508,0.57038,0.61233,0.62842,0.732
0.5669,-0.017504,-0.0042311,0.00039822,0.018821,0.017219,0.026441,0.10856,0.19436,0.26776,0.30147,0.35094,0.42943,0.45821,0.50817,0.57348,0.62162,0.6145,0.73665
0.567,-0.019051,-0.0057788,0.0034935,0.011082,0.021862,0.023346,0.10082,0.19127,0.2693,0.29838,0.34321,0.42943,0.46594,0.50353,0.57348,0.61698,0.61604,0.73046
0.5671,-0.012861,-0.0042311,0.0050412,0.023464,0.024957,0.018703,0.10391,0.19591,0.26311,0.29838,0.35249,0.42324,0.45666,0.50353,0.57812,0.62007,0.62378,0.72581
0.5672,-0.0020273,-0.0026835,-0.0026971,0.021916,0.023409,0.024894,0.10701,0.2021,0.25537,0.29838,0.35094,0.42943,0.45202,0.50663,0.56265,0.62317,0.62842,0.72736
0.5673,-0.0082179,-0.0057788,0.0034935,0.011082,0.020314,0.021798,0.10237,0.19901,0.25228,0.30457,0.35713,0.4186,0.45666,0.50044,0.56574,0.62007,0.62533,0.73046
0.5674,-0.012861,-0.0011358,0.0034935,0.020368,0.014123,0.031084,0.1101,0.19591,0.25228,0.30302,0.36023,0.4217,0.4644,0.50817,0.56265,0.61698,0.62223,0.732
0.5675,-0.0051226,0.0050547,-0.0042447,0.015725,0.018766,0.027989,0.10082,0.18817,0.25073,0.29838,0.35249,0.4186,0.45975,0.49579,0.56729,0.61388,0.62223,0.7351
0.5676,-0.0066702,0.0050547,0.015875,0.021916,0.015671,0.026441,0.10391,0.18972,0.25847,0.30457,0.35249,0.41396,0.47059,0.49579,0.56729,0.61233,0.62997,0.73355
0.5677,-0.0082179,-0.0026835,0.011232,0.01263,0.023409,0.024894,0.10237,0.19591,0.25537,0.30612,0.36023,0.41396,0.47368,0.4927,0.55645,0.61698,0.63771,0.71807
0.5678,-0.0082179,0.0035071,0.00039822,0.0095347,0.024957,0.024894,0.10856,0.19127,0.25228,0.30612,0.35868,0.41241,0.45821,0.4927,0.5611,0.63555,0.63307,0.71653
0.5679,-0.0066702,0.0019594,0.0050412,0.015725,0.028052,0.029536,0.1101,0.19746,0.26002,0.30457,0.35404,0.42789,0.46904,0.50198,0.55181,0.6309,0.63461,0.72736
0.568,-0.0082179,0.0050547,0.0019459,0.0095347,0.028052,0.029536,0.10237,0.18508,0.25692,0.29683,0.36178,0.42943,0.46904,0.4927,0.54872,0.63555,0.62223,0.732
0.5681,-0.0097655,0.0035071,0.0065888,0.0048918,0.020314,0.024894,0.10082,0.19282,0.25847,0.29683,0.36178,0.43253,0.46285,0.4896,0.5611,0.63245,0.62069,0.72581
0.5682,-0.0097655,-0.0042311,0.011232,0.014178,0.020314,0.024894,0.099271,0.19436,0.26621,0.29838,0.35249,0.43253,0.47059,0.49579,0.558,0.61698,0.61759,0.732
0.5683,-0.0020273,-0.0011358,0.0081364,0.020368,0.0094804,0.027989,0.10082,0.18972,0.26621,0.30921,0.33547,0.42789,0.46904,0.48805,0.55955,0.62162,0.61604,0.72272
0.5684,-0.0097655,0.0050547,0.00039822,0.01263,0.018766,0.027989,0.099271,0.18353,0.25537,0.30766,0.34321,0.42943,0.46749,0.49734,0.56265,0.62317,0.61604,0.71498
0.5685,-0.0051226,0.0050547,-0.0011494,0.018821,0.014123,0.021798,0.10546,0.18972,0.25228,0.29993,0.35404,0.41705,0.45666,0.49579,0.56265,0.62317,0.6145,0.71653
0.5686,-0.00047968,-0.0057788,0.0081364,0.018821,0.017219,0.026441,0.10856,0.18817,0.25073,0.29838,0.35868,0.42324,0.45666,0.50198,0.55336,0.62317,0.61914,0.71498
0.5687,-0.0051226,-0.0026835,0.0065888,0.018821,0.023409,0.027989,0.10701,0.19127,0.24918,0.30457,0.35868,0.4217,0.45666,0.4896,0.54562,0.62471,0.61759,0.71807
0.5688,-0.0066702,-0.0026835,0.0050412,0.014178,0.0296,0.029536,0.10701,0.19127,0.25228,0.30302,0.36332,0.4217,0.46594,0.49115,0.54872,0.62936,0.61914,0.72891
0.5689,-0.012861,-0.0042311,0.0065888,0.021916,0.017219,0.031084,0.1132,0.18353,0.25692,0.29064,0.35249,0.41551,0.47214,0.50198,0.558,0.6309,0.61604,0.73046
0.569,-0.014408,0.0019594,0.0034935,0.015725,0.024957,0.034179,0.10856,0.18663,0.25692,0.29993,0.35249,0.42015,0.46594,0.50044,0.56265,0.63245,0.62069,0.72272
0.5691,-0.0066702,-0.0026835,0.0034935,0.01263,0.020314,0.027989,0.10701,0.19436,0.26157,0.29838,0.35404,0.41705,0.46904,0.50198,0.56419,0.634,0.62533,0.72891
0.5692,-0.0097655,-0.0057788,0.014327,0.018821,0.018766,0.026441,0.11475,0.19591,0.25692,0.30302,0.34785,0.41705,0.47214,0.49579,0.55955,0.62007,0.62378,0.732
0.5693,-0.012861,0.0019594,0.0034935,0.023464,0.026505,0.029536,0.11165,0.19746,0.25847,0.31231,0.35404,0.42015,0.45821,0.4927,0.56419,0.61388,0.61914,0.72581
0.5694,-0.0066702,0.0050547,0.0065888,0.0095347,0.0296,0.018703,0.10701,0.19127,0.25228,0.30612,0.35559,0.42015,0.45202,0.49579,0.55955,0.61543,0.62069,0.71343
0.5695,-0.0051226,0.0004118,0.0034935,0.014178,0.023409,0.027989,0.10701,0.18817,0.24299,0.29838,0.35404,0.42789,0.46749,0.48805,0.56574,0.6309,0.63152,0.69796
0.5696,-0.0082179,-0.0026835,0.0065888,0.0095347,0.018766,0.026441,0.10701,0.18817,0.25383,0.30457,0.36178,0.42943,0.45666,0.48496,0.5611,0.62317,0.62378,0.71807
0.5697,-0.012861,-0.0026835,-0.0042447,0.021916,0.017219,0.029536,0.10856,0.19436,0.25537,0.30147,0.35713,0.42634,0.45511,0.49889,0.5611,0.634,0.62069,0.70724
0.5698,-0.0066702,0.0004118,0.00039822,0.025011,0.024957,0.024894,0.10237,0.19746,0.26466,0.30457,0.35249,0.43253,0.45821,0.49115,0.5611,0.63245,0.61295,0.70105
0.5699,-0.0051226,-0.0011358,0.0050412,0.018821,0.023409,0.024894,0.10391,0.2021,0.25537,0.30302,0.34321,0.42789,0.45821,0.4927,0.55955,0.6309,0.59747,0.70105
0.57,-0.0066702,0.0019594,0.0034935,0.015725,0.023409,0.034179,0.11165,0.19746,0.25537,0.30766,0.3494,0.4186,0.45666,0.50198,0.56265,0.61852,0.60366,0.7026
0.5701,-0.0082179,0.0035071,0.0096841,0.0095347,0.020314,0.034179,0.099271,0.19127,0.26621,0.30766,0.35559,0.41396,0.46285,0.49579,0.55491,0.61233,0.59902,0.70415
0.5702,-0.014408,0.0004118,0.0065888,0.025011,0.021862,0.027989,0.096176,0.19127,0.26621,0.30766,0.35713,0.42324,0.46749,0.4896,0.56265,0.61698,0.60211,0.70105
0.5703,-0.014408,-0.0011358,0.0019459,0.026559,0.028052,0.023346,0.097723,0.18817,0.26311,0.30147,0.36487,0.42634,0.45821,0.49734,0.56419,0.61543,0.60366,0.69486
0.5704,-0.015956,0.0019594,0.0034935,0.023464,0.021862,0.032632,0.099271,0.18353,0.26311,0.30457,0.36797,0.42324,0.45511,0.50817,0.57503,0.62317,0.60211,0.70569
0.5705,-0.0097655,0.0019594,0.00039822,0.020368,0.015671,0.037275,0.10701,0.18817,0.25847,0.30302,0.36332,0.42015,0.45511,0.50972,0.56265,0.62936,0.61295,0.70415
0.5706,-0.0020273,-0.0042311,-0.0011494,0.023464,0.014123,0.031084,0.10237,0.18663,0.26621,0.29838,0.35713,0.4186,0.44737,0.51127,0.558,0.63864,0.61759,0.70105
0.5707,-0.0051226,-0.0011358,0.0050412,0.01263,0.023409,0.026441,0.097723,0.18508,0.26466,0.29993,0.35404,0.4217,0.45202,0.51901,0.5611,0.63245,0.6145,0.71188
0.5708,-0.0082179,-0.0011358,0.0019459,0.015725,0.020314,0.024894,0.10237,0.19901,0.26466,0.30302,0.35559,0.41086,0.46285,0.51282,0.56729,0.62471,0.60831,0.71034
0.5709,-0.014408,-0.0073264,-0.0011494,0.023464,0.014123,0.029536,0.10082,0.19901,0.26466,0.30766,0.35713,0.4217,0.44892,0.50044,0.57193,0.61078,0.60985,0.70879
0.571,-0.015956,0.0035071,0.0034935,0.023464,0.0094804,0.031084,0.10546,0.19127,0.26311,0.30766,0.35404,0.42634,0.45202,0.50198,0.56419,0.61543,0.60831,0.71188
0.5711,-0.015956,0.0019594,0.00039822,0.018821,0.023409,0.031084,0.10082,0.18972,0.26621,0.30921,0.35094,0.43098,0.45666,0.50663,0.5611,0.61543,0.60676,0.71343
0.5712,-0.0097655,-0.0073264,-0.0011494,0.018821,0.021862,0.031084,0.10391,0.19436,0.26776,0.31231,0.3494,0.42943,0.46285,0.50663,0.56419,0.61852,0.60676,0.71343
0.5713,-0.012861,-0.0042311,0.0050412,0.01263,0.024957,0.034179,0.10391,0.18817,0.26002,0.31385,0.35249,0.41551,0.46285,0.50508,0.55955,0.61698,0.61295,0.71962
0.5714,0.001068,-0.0088741,0.0081364,0.0095347,0.020314,0.035727,0.10546,0.18353,0.25383,0.30302,0.35868,0.40622,0.47214,0.50508,0.55181,0.60614,0.62069,0.71343
0.5715,-0.0051226,-0.0026835,0.0050412,0.014178,0.023409,0.023346,0.10391,0.19127,0.25692,0.30147,0.36332,0.40467,0.46594,0.50972,0.558,0.62007,0.6145,0.71034
0.5716,-0.003575,-0.0057788,0.0034935,0.01263,0.023409,0.024894,0.10082,0.2021,0.26002,0.30457,0.35249,0.4217,0.47059,0.50817,0.56265,0.61698,0.6145,0.71962
0.5717,-0.0082179,0.0019594,0.014327,0.011082,0.021862,0.021798,0.10701,0.19746,0.26466,0.30766,0.35713,0.41551,0.45975,0.49734,0.5611,0.60924,0.60831,0.71653
0.5718,-0.0082179,0.0096977,0.0050412,0.0095347,0.018766,0.021798,0.10701,0.19127,0.26157,0.30921,0.35249,0.41086,0.46285,0.50817,0.56265,0.60924,0.60676,0.71188
0.5719,-0.014408,0.0019594,0.0096841,0.0064395,0.020314,0.023346,0.10391,0.19591,0.26157,0.31385,0.36332,0.40777,0.45821,0.51127,0.56574,0.62471,0.60831,0.71807
0.572,-0.012861,-0.0026835,0.0065888,0.011082,0.015671,0.034179,0.10701,0.18817,0.26002,0.3154,0.35713,0.41241,0.44892,0.51127,0.55181,0.61698,0.6114,0.73046
0.5721,-0.017504,0.0019594,0.0096841,0.023464,0.0296,0.023346,0.10391,0.18817,0.26466,0.30612,0.34475,0.42015,0.45356,0.50198,0.55491,0.60769,0.59747,0.72736
0.5722,-0.014408,0.0004118,0.014327,0.021916,0.028052,0.018703,0.097723,0.18508,0.27704,0.31231,0.3494,0.4186,0.46285,0.50353,0.558,0.62162,0.60366,0.72736
0.5723,-0.015956,0.0004118,0.0019459,0.011082,0.018766,0.026441,0.10082,0.19127,0.26311,0.3154,0.35094,0.4217,0.4644,0.50972,0.55955,0.62781,0.60831,0.73046
0.5724,-0.014408,-0.0011358,0.0034935,0.0033442,0.014123,0.034179,0.10701,0.19127,0.26621,0.31385,0.3494,0.4217,0.45511,0.51591,0.558,0.6309,0.60366,0.71962
0.5725,-0.0097655,-0.0042311,0.0065888,0.018821,0.018766,0.029536,0.10391,0.18663,0.2693,0.30612,0.35094,0.42324,0.45511,0.51591,0.55336,0.6309,0.59902,0.71653
0.5726,-0.017504,0.00815,0.0050412,0.018821,0.020314,0.027989,0.10237,0.18972,0.25847,0.30612,0.35404,0.41705,0.45821,0.50198,0.54562,0.62007,0.60831,0.71343
0.5727,-0.011313,0.0035071,0.014327,0.011082,0.026505,0.017155,0.10237,0.18353,0.25383,0.30147,0.35868,0.41086,0.45666,0.50817,0.54717,0.61852,0.6145,0.71343
0.5728,-0.012861,0.0035071,0.0065888,0.014178,0.028052,0.021798,0.10237,0.18353,0.26157,0.29838,0.35404,0.40932,0.45511,0.49579,0.54407,0.61388,0.6114,0.72272
0.5729,-0.0097655,0.0050547,0.0019459,0.014178,0.028052,0.035727,0.089985,0.18817,0.26776,0.30921,0.35094,0.40932,0.45047,0.50353,0.54717,0.61388,0.61295,0.71653
0.573,-0.0051226,0.0004118,0.015875,0.018821,0.020314,0.026441,0.096176,0.18817,0.26157,0.30766,0.35404,0.40932,0.44892,0.50198,0.54872,0.61078,0.61914,0.71034
0.5731,-0.0097655,0.0019594,0.015875,0.020368,0.024957,0.023346,0.10237,0.2021,0.27704,0.30921,0.36332,0.41086,0.45666,0.50663,0.55491,0.61078,0.61759,0.71498
0.5732,-0.0082179,0.0004118,0.0065888,0.018821,0.021862,0.026441,0.10082,0.19436,0.27395,0.30147,0.36023,0.4186,0.45666,0.50972,0.55336,0.60614,0.60211,0.70724
0.5733,0.0041632,0.0096977,0.0050412,0.023464,0.020314,0.023346,0.10701,0.18663,0.27085,0.30457,0.36178,0.40932,0.46904,0.50353,0.55336,0.61233,0.6114,0.72581
0.5734,-0.012861,0.0050547,0.0096841,0.015725,0.023409,0.017155,0.11165,0.18972,0.26776,0.30612,0.35249,0.40777,0.46904,0.48651,0.56729,0.62162,0.61295,0.73046
0.5735,-0.015956,-0.0026835,0.0081364,0.025011,0.020314,0.021798,0.1101,0.19436,0.2693,0.32159,0.35404,0.41086,0.47833,0.48496,0.56729,0.61388,0.60831,0.72272
0.5736,-0.0082179,0.0050547,0.0081364,0.026559,0.021862,0.035727,0.10546,0.18663,0.2693,0.31385,0.35404,0.40622,0.4644,0.50044,0.55491,0.61543,0.60676,0.71343
0.5737,-0.012861,0.0019594,0.015875,0.014178,0.021862,0.029536,0.10391,0.18044,0.2693,0.32005,0.34321,0.40777,0.45356,0.50198,0.55645,0.60924,0.6145,0.70879
0.5738,-0.011313,0.0019594,0.0019459,0.026559,0.021862,0.017155,0.10237,0.18972,0.26776,0.3185,0.34011,0.40467,0.45356,0.49734,0.5611,0.60305,0.6145,0.71188
0.5739,-0.0082179,-0.0042311,0.0019459,0.01263,0.023409,0.021798,0.10237,0.18198,0.26157,0.31231,0.3494,0.41551,0.46285,0.49579,0.55955,0.61388,0.62842,0.71343
0.574,-0.012861,-0.0057788,0.0081364,0.011082,0.020314,0.026441,0.10237,0.18508,0.26621,0.30612,0.35249,0.40777,0.46285,0.50198,0.55336,0.61852,0.62842,0.70569
0.5741,-0.0066702,-0.0011358,0.0034935,0.014178,0.026505,0.029536,0.10546,0.19282,0.27395,0.29993,0.35094,0.40777,0.46594,0.49734,0.55491,0.60614,0.63307,0.71653
0.5742,-0.0097655,-0.0011358,0.0034935,0.018821,0.028052,0.031084,0.10856,0.19436,0.27085,0.30302,0.34785,0.41396,0.47678,0.49734,0.5611,0.60769,0.63926,0.72272
0.5743,-0.0097655,0.0004118,0.0065888,0.014178,0.015671,0.029536,0.10856,0.19282,0.2724,0.30921,0.35249,0.4186,0.47987,0.49579,0.55181,0.61233,0.63616,0.71498
0.5744,-0.014408,-0.0073264,0.0096841,0.015725,0.021862,0.029536,0.10546,0.18198,0.25692,0.31385,0.35404,0.42324,0.46594,0.50972,0.54872,0.61698,0.62997,0.71498
0.5745,-0.0082179,-0.0011358,0.0096841,0.020368,0.020314,0.034179,0.1101,0.18353,0.25692,0.31695,0.3494,0.42324,0.46749,0.50817,0.54562,0.62781,0.61914,0.72581
0.5746,-0.017504,-0.0011358,0.017422,0.018821,0.018766,0.027989,0.10546,0.18353,0.28168,0.30766,0.34475,0.4217,0.45975,0.50508,0.54872,0.62007,0.61604,0.71498
0.5747,-0.0097655,-0.0011358,0.0081364,0.0095347,0.017219,0.034179,0.10546,0.18972,0.2693,0.3154,0.3494,0.41705,0.45975,0.50044,0.55026,0.61543,0.6145,0.71034
0.5748,-0.011313,-0.0011358,0.0096841,0.0095347,0.017219,0.031084,0.1132,0.18663,0.27859,0.30766,0.34321,0.41086,0.46749,0.4896,0.558,0.60924,0.6145,0.70569
0.5749,-0.0066702,0.0066024,0.0081364,0.0095347,0.023409,0.027989,0.10856,0.18508,0.2693,0.31695,0.34785,0.41396,0.47059,0.4927,0.55026,0.60769,0.6145,0.70415
0.575,-0.0097655,0.0019594,0.0050412,0.01263,0.026505,0.024894,0.10391,0.18972,0.26157,0.31385,0.34475,0.42015,0.46904,0.51127,0.55181,0.61078,0.6145,0.70724
0.5751,-0.012861,-0.0011358,0.0019459,0.025011,0.020314,0.026441,0.1101,0.18508,0.26776,0.30457,0.3494,0.43408,0.46904,0.50508,0.54717,0.59995,0.61759,0.7026
0.5752,-0.0097655,0.0066024,0.0034935,0.021916,0.023409,0.029536,0.10082,0.18198,0.26776,0.30766,0.35094,0.4186,0.46749,0.51127,0.55181,0.61233,0.60831,0.70569
0.5753,-0.0082179,0.0035071,0.0065888,0.020368,0.0296,0.031084,0.10856,0.19436,0.26466,0.3185,0.35249,0.41551,0.48142,0.51282,0.55645,0.61698,0.6145,0.70879
0.5754,-0.0051226,-0.010422,0.0065888,0.021916,0.023409,0.024894,0.10391,0.19591,0.26157,0.31385,0.33702,0.41551,0.47368,0.50198,0.55336,0.59995,0.62378,0.7026
0.5755,-0.0097655,-0.0088741,0.014327,0.011082,0.017219,0.020251,0.10237,0.18817,0.26466,0.30147,0.33856,0.42789,0.47368,0.50817,0.54253,0.60305,0.6114,0.70879
0.5756,-0.0082179,-0.0073264,0.0050412,0.011082,0.014123,0.035727,0.11165,0.18508,0.27395,0.29683,0.34166,0.42943,0.47059,0.51901,0.54717,0.5984,0.60831,0.70879
0.5757,-0.0020273,-0.0073264,0.0081364,0.021916,0.021862,0.032632,0.11784,0.17889,0.2693,0.29993,0.33856,0.42943,0.4644,0.51282,0.558,0.60924,0.6114,0.7026
0.5758,-0.0082179,-0.0011358,0.0081364,0.015725,0.028052,0.031084,0.11165,0.18198,0.2724,0.30302,0.35249,0.42324,0.45511,0.50663,0.54872,0.60305,0.61759,0.68867
0.5759,-0.0082179,0.0019594,0.01897,0.011082,0.023409,0.032632,0.11165,0.19591,0.27859,0.29683,0.35404,0.41241,0.45821,0.50663,0.54098,0.61233,0.61604,0.69641
0.576,-0.00047968,0.0019594,0.0050412,0.018821,0.020314,0.031084,0.10701,0.19436,0.27859,0.30457,0.36178,0.41241,0.45356,0.51436,0.54407,0.61388,0.6114,0.70569
0.5761,-0.003575,0.0050547,0.0034935,0.021916,0.018766,0.029536,0.10391,0.18817,0.2724,0.30766,0.36332,0.41705,0.44892,0.51127,0.55026,0.61078,0.61295,0.71498
0.5762,-0.012861,-0.0042311,0.0065888,0.020368,0.020314,0.032632,0.1101,0.18508,0.27704,0.31385,0.35868,0.41551,0.45511,0.50817,0.54717,0.60769,0.60831,0.71343
0.5763,-0.0097655,-0.0026835,0.0081364,0.028106,0.017219,0.034179,0.10701,0.19436,0.26621,0.30766,0.35713,0.40622,0.45821,0.50508,0.54562,0.60769,0.61914,0.70879
0.5764,-0.0097655,0.0066024,0.0096841,0.018821,0.018766,0.032632,0.10391,0.19436,0.26157,0.30612,0.35713,0.40932,0.45511,0.51436,0.53634,0.59995,0.60985,0.71498
0.5765,-0.019051,-0.0011358,0.014327,0.021916,0.021862,0.026441,0.1101,0.19746,0.27704,0.30921,0.3494,0.42324,0.45975,0.50972,0.54098,0.60614,0.61295,0.70879
0.5766,-0.0097655,-0.0026835,0.0034935,0.028106,0.021862,0.027989,0.10856,0.18972,0.26776,0.30612,0.35249,0.41551,0.45511,0.50817,0.54253,0.61078,0.6114,0.70724
0.5767,-0.003575,0.0004118,0.014327,0.015725,0.024957,0.035727,0.1101,0.18817,0.2693,0.30612,0.3494,0.40777,0.46904,0.49734,0.53479,0.59686,0.60831,0.70415
0.5768,-0.0020273,-0.0011358,0.01897,0.01263,0.031147,0.029536,0.1101,0.19436,0.26621,0.30612,0.35404,0.41241,0.46594,0.51282,0.53014,0.58912,0.6114,0.7026
0.5769,0.0026156,-0.0073264,0.00039822,0.020368,0.021862,0.029536,0.11475,0.18044,0.26621,0.30921,0.35404,0.41551,0.4644,0.50663,0.5255,0.59686,0.62069,0.70415
0.577,-0.0051226,-0.0088741,0.0050412,0.023464,0.018766,0.034179,0.11475,0.18508,0.2693,0.30457,0.3494,0.42015,0.46594,0.50353,0.53014,0.61078,0.61295,0.7026
0.5771,-0.012861,0.0035071,0.0034935,0.0095347,0.020314,0.037275,0.11165,0.19127,0.27704,0.30147,0.35094,0.40932,0.45356,0.50353,0.54098,0.61233,0.60831,0.70415
0.5772,-0.0020273,-0.0026835,-0.0042447,0.0095347,0.018766,0.027989,0.10237,0.18663,0.26466,0.29993,0.3494,0.41705,0.45356,0.50044,0.54562,0.60614,0.61914,0.72427
0.5773,-0.0020273,-0.0026835,0.0050412,0.020368,0.023409,0.031084,0.10546,0.18044,0.26621,0.30921,0.35404,0.42789,0.46594,0.50663,0.53324,0.59376,0.61914,0.72891
0.5774,-0.0097655,-0.0011358,0.0050412,0.015725,0.023409,0.029536,0.1101,0.18198,0.26621,0.30612,0.34321,0.41241,0.45511,0.49579,0.53943,0.60614,0.60985,0.73665
0.5775,-0.015956,-0.010422,0.0034935,0.023464,0.020314,0.035727,0.1101,0.18972,0.2724,0.29683,0.35559,0.41086,0.45975,0.50198,0.54253,0.60614,0.60985,0.72736
0.5776,-0.011313,0.0004118,0.0034935,0.018821,0.023409,0.037275,0.11784,0.19436,0.28014,0.30302,0.35713,0.42015,0.45666,0.4896,0.53479,0.61078,0.60831,0.70724
0.5777,-0.003575,0.0035071,0.0065888,0.026559,0.024957,0.029536,0.11784,0.18353,0.26776,0.30612,0.35094,0.41086,0.4644,0.48341,0.53479,0.61852,0.60676,0.71962
0.5778,-0.014408,0.0035071,0.0050412,0.021916,0.020314,0.032632,0.1132,0.18817,0.26776,0.30766,0.35249,0.41551,0.45666,0.48805,0.54098,0.60614,0.60985,0.71653
0.5779,-0.0097655,0.0019594,0.0096841,0.015725,0.017219,0.032632,0.11165,0.18044,0.2693,0.30147,0.35713,0.40777,0.45511,0.4927,0.53324,0.6015,0.60211,0.71343
0.578,-0.015956,0.0035071,0.0096841,0.025011,0.015671,0.027989,0.10391,0.18198,0.26311,0.29993,0.34785,0.40777,0.45047,0.48651,0.54098,0.5984,0.60676,0.71343
0.5781,-0.012861,0.0004118,0.0019459,0.023464,0.015671,0.026441,0.10237,0.18353,0.26621,0.29219,0.34785,0.40777,0.45821,0.48032,0.53788,0.60769,0.60676,0.72427
0.5782,-0.015956,-0.0011358,0.0065888,0.01263,0.0079328,0.026441,0.099271,0.18198,0.2693,0.30457,0.34166,0.41086,0.46594,0.49115,0.54253,0.61388,0.60985,0.72581
0.5783,-0.0082179,-0.0073264,0.0096841,0.01263,0.017219,0.027989,0.10391,0.18972,0.2724,0.29993,0.35094,0.40932,0.4644,0.49115,0.55181,0.60924,0.59747,0.71962
0.5784,-0.00047968,-0.0073264,0.0034935,0.018821,0.021862,0.034179,0.10856,0.19282,0.26621,0.30147,0.35713,0.39848,0.46904,0.48805,0.55181,0.60769,0.60676,0.7351
0.5785,-0.0051226,0.0035071,0.00039822,0.020368,0.024957,0.032632,0.10237,0.18198,0.25692,0.28909,0.35713,0.40932,0.46904,0.50044,0.54717,0.60924,0.60831,0.73046
0.5786,-0.019051,0.0066024,-0.0011494,0.014178,0.014123,0.027989,0.11475,0.18972,0.25692,0.29064,0.35094,0.41241,0.4644,0.50198,0.54717,0.60305,0.61914,0.72427
0.5787,-0.011313,0.0019594,-0.0011494,0.014178,0.021862,0.034179,0.1132,0.18198,0.26466,0.30147,0.36178,0.41241,0.45821,0.48341,0.55026,0.61233,0.62688,0.72891
0.5788,-0.012861,0.0004118,-0.0011494,0.018821,0.011028,0.034179,0.10237,0.18353,0.25537,0.29219,0.36332,0.40312,0.46285,0.48032,0.55181,0.61543,0.62533,0.71498
0.5789,-0.015956,0.0019594,0.0065888,0.0095347,0.0079328,0.029536,0.10701,0.18817,0.25383,0.29374,0.35249,0.40467,0.45666,0.48186,0.54098,0.61852,0.62997,0.71188
0.579,-0.012861,0.0019594,0.0034935,0.023464,0.0079328,0.034179,0.1101,0.18198,0.25847,0.29683,0.35868,0.4217,0.44737,0.48651,0.54098,0.61543,0.62223,0.71343
0.5791,-0.0097655,-0.0057788,0.014327,0.015725,0.015671,0.027989,0.1132,0.17889,0.26776,0.29993,0.35559,0.42015,0.45511,0.48341,0.54407,0.60769,0.63307,0.71343
0.5792,-0.015956,-0.0026835,0.0096841,0.01263,0.017219,0.026441,0.11165,0.18353,0.2693,0.28909,0.34011,0.40932,0.45821,0.48651,0.53788,0.61388,0.62688,0.72272
0.5793,-0.0097655,0.0019594,0.0019459,0.018821,0.0094804,0.026441,0.10701,0.18198,0.26311,0.28909,0.34785,0.41241,0.45975,0.48341,0.54098,0.62007,0.61914,0.72581
0.5794,-0.0097655,-0.0042311,0.015875,0.018821,0.023409,0.029536,0.10856,0.18508,0.25383,0.28754,0.34785,0.41241,0.44892,0.49115,0.54407,0.61388,0.62069,0.71653
0.5795,-0.0066702,0.0019594,0.0050412,0.01263,0.023409,0.026441,0.10391,0.18044,0.25847,0.29219,0.34785,0.41396,0.44428,0.49734,0.54098,0.61543,0.62378,0.71807
0.5796,-0.0097655,0.0035071,0.0081364,0.0095347,0.021862,0.031084,0.10391,0.18044,0.25847,0.29528,0.35868,0.41241,0.46749,0.48496,0.53479,0.61698,0.62069,0.72272
0.5797,-0.0097655,-0.0057788,0.0050412,0.021916,0.021862,0.027989,0.10701,0.18198,0.26157,0.29528,0.35094,0.40467,0.45511,0.4896,0.53324,0.62007,0.62069,0.71962
0.5798,-0.0097655,-0.0057788,0.0081364,0.025011,0.014123,0.031084,0.10856,0.18353,0.25692,0.29374,0.35404,0.42015,0.44737,0.4927,0.53788,0.62781,0.61604,0.72427
0.5799,-0.0097655,-0.0011358,0.0096841,0.018821,0.014123,0.026441,0.11165,0.18044,0.25537,0.29683,0.34785,0.40777,0.45975,0.49734,0.53324,0.62007,0.6145,0.71034
0.58,-0.0020273,-0.0026835,0.014327,0.021916,0.014123,0.04037,0.1101,0.1727,0.25692,0.29528,0.35094,0.40467,0.45975,0.48651,0.53943,0.60924,0.62223,0.71498
0.5801,-0.0082179,-0.010422,0.0096841,0.014178,0.023409,0.037275,0.10391,0.17734,0.26776,0.30302,0.36023,0.40622,0.4644,0.48651,0.54872,0.6015,0.61604,0.72427
0.5802,-0.0051226,0.0066024,0.0065888,0.021916,0.021862,0.037275,0.10082,0.18663,0.26311,0.31385,0.36487,0.40312,0.4644,0.48496,0.53324,0.61388,0.6145,0.71188
0.5803,-0.0097655,0.0050547,0.0096841,0.018821,0.024957,0.032632,0.10082,0.18508,0.25692,0.31231,0.36642,0.4186,0.45356,0.48341,0.54407,0.61543,0.6145,0.71807
0.5804,-0.0051226,0.0035071,0.0034935,0.025011,0.017219,0.032632,0.10856,0.18044,0.25692,0.3154,0.36642,0.41705,0.45356,0.4896,0.53943,0.61698,0.61295,0.70415
0.5805,-0.0082179,-0.0042311,0.0065888,0.025011,0.015671,0.023346,0.10391,0.18817,0.26311,0.30147,0.35404,0.40622,0.44273,0.48651,0.53788,0.62317,0.61295,0.71498
0.5806,-0.0082179,-0.0011358,0.014327,0.021916,0.015671,0.027989,0.10237,0.18817,0.26002,0.29838,0.35249,0.40932,0.45821,0.48032,0.53479,0.62471,0.61604,0.71807
0.5807,-0.012861,0.0004118,0.0034935,0.011082,0.018766,0.034179,0.10391,0.18972,0.25692,0.29993,0.34785,0.41396,0.45666,0.4927,0.53788,0.61078,0.62223,0.70105
0.5808,-0.0051226,0.0050547,0.0034935,0.01263,0.021862,0.024894,0.10701,0.18817,0.25847,0.29838,0.33237,0.40622,0.45356,0.49115,0.54717,0.61078,0.62069,0.7026
0.5809,-0.0051226,-0.0057788,0.0081364,0.014178,0.020314,0.034179,0.10391,0.19746,0.26776,0.30147,0.33547,0.39693,0.45666,0.49579,0.54407,0.61543,0.6145,0.71962
0.581,-0.0066702,-0.0057788,0.011232,0.01263,0.023409,0.035727,0.1101,0.19127,0.2693,0.29219,0.34785,0.41241,0.45666,0.48805,0.53943,0.61698,0.60676,0.71962
0.5811,-0.017504,-0.0011358,0.0081364,0.018821,0.020314,0.029536,0.10701,0.18508,0.25847,0.28909,0.35094,0.4186,0.45821,0.48805,0.54407,0.62471,0.61914,0.71807
0.5812,-0.012861,-0.0042311,-0.0011494,0.021916,0.014123,0.034179,0.10237,0.18198,0.26002,0.28135,0.35094,0.41241,0.45511,0.48341,0.54872,0.6309,0.62533,0.71962
0.5813,-0.0082179,-0.0057788,-0.0011494,0.021916,0.017219,0.034179,0.10391,0.18972,0.27395,0.28754,0.3494,0.40932,0.45047,0.48805,0.53788,0.62317,0.62997,0.72272
0.5814,-0.0051226,-0.0088741,0.0050412,0.015725,0.0048375,0.031084,0.10856,0.18198,0.2724,0.29219,0.35249,0.40777,0.44737,0.48032,0.54253,0.61698,0.63152,0.72891
0.5815,-0.0082179,-0.010422,0.0019459,0.014178,0.014123,0.032632,0.10701,0.18044,0.26157,0.29993,0.34011,0.40622,0.45356,0.49579,0.53788,0.61388,0.62533,0.71343
0.5816,-0.003575,-0.0088741,0.0034935,0.014178,0.023409,0.027989,0.10082,0.18353,0.26621,0.30147,0.33547,0.40467,0.45356,0.49734,0.53943,0.62162,0.62533,0.70569
0.5817,-0.014408,-0.013517,0.0096841,0.020368,0.024957,0.023346,0.096176,0.18353,0.26621,0.29993,0.34321,0.40312,0.44583,0.4927,0.53634,0.62007,0.62842,0.7026
0.5818,-0.0097655,-0.0042311,0.0065888,0.018821,0.015671,0.034179,0.10856,0.18353,0.26311,0.29838,0.34785,0.39848,0.45202,0.48805,0.54407,0.61078,0.62069,0.71498
0.5819,-0.014408,-0.0042311,0.00039822,0.023464,0.011028,0.027989,0.10546,0.18817,0.2693,0.29838,0.33856,0.40777,0.45666,0.48186,0.54098,0.62007,0.61914,0.71653
0.582,-0.015956,0.0019594,0.0019459,0.018821,0.018766,0.024894,0.097723,0.18817,0.26776,0.30302,0.34011,0.40467,0.45821,0.48651,0.53788,0.62162,0.61295,0.71498
0.5821,-0.0082179,-0.0011358,0.0065888,0.021916,0.018766,0.024894,0.10237,0.19591,0.2693,0.29374,0.35249,0.40158,0.4644,0.4896,0.54562,0.61388,0.61604,0.7026
0.5822,-0.0097655,0.0019594,0.0019459,0.020368,0.021862,0.031084,0.10546,0.18508,0.26776,0.30147,0.35404,0.41086,0.45821,0.48651,0.54872,0.61388,0.61759,0.70105
0.5823,-0.017504,-0.0073264,0.0096841,0.014178,0.014123,0.032632,0.10082,0.18817,0.2693,0.29993,0.35559,0.4186,0.44583,0.48651,0.55491,0.61078,0.61604,0.71034
0.5824,-0.017504,-0.0011358,0.0081364,0.01263,0.023409,0.029536,0.10546,0.18508,0.2724,0.30612,0.34011,0.41705,0.45202,0.48186,0.55181,0.62007,0.6145,0.71962
0.5825,-0.0066702,-0.0042311,0.0065888,0.021916,0.018766,0.027989,0.10546,0.18817,0.27704,0.30766,0.34166,0.41551,0.45821,0.48805,0.55026,0.61852,0.61604,0.72581
0.5826,-0.0066702,0.0050547,0.0096841,0.018821,0.020314,0.023346,0.10082,0.18353,0.26157,0.29219,0.34321,0.41086,0.46904,0.48341,0.55491,0.61388,0.6145,0.7351
0.5827,-0.017504,0.0019594,0.0081364,0.011082,0.020314,0.024894,0.10082,0.18972,0.26311,0.29683,0.35249,0.40312,0.4644,0.4896,0.54717,0.61078,0.6114,0.71653
0.5828,-0.012861,0.0019594,0.0050412,0.015725,0.017219,0.031084,0.097723,0.19436,0.2693,0.30147,0.35713,0.39384,0.45511,0.48186,0.54562,0.60614,0.60831,0.71188
0.5829,-0.0066702,-0.0026835,0.0019459,0.023464,0.011028,0.032632,0.10391,0.18817,0.2724,0.28909,0.3494,0.41396,0.45202,0.47722,0.54717,0.61543,0.6114,0.71034
0.583,0.0026156,-0.0057788,0.0065888,0.023464,0.018766,0.032632,0.10546,0.18817,0.26776,0.29838,0.3494,0.41241,0.44737,0.49734,0.53634,0.6015,0.60985,0.71034
0.5831,0.001068,-0.0011358,0.0081364,0.015725,0.018766,0.024894,0.097723,0.18972,0.27085,0.29683,0.34785,0.40622,0.44118,0.4927,0.53788,0.60305,0.60676,0.71188
0.5832,-0.0020273,0.0050547,0.0050412,0.01263,0.017219,0.029536,0.10391,0.18508,0.26776,0.29219,0.35094,0.40467,0.44892,0.47877,0.54407,0.59376,0.59592,0.71962
0.5833,0.0026156,0.0004118,0.0034935,0.020368,0.015671,0.029536,0.10546,0.18817,0.26002,0.29219,0.35249,0.40777,0.44583,0.46794,0.54407,0.59376,0.58973,0.72272
0.5834,-0.0051226,-0.0042311,-0.0011494,0.018821,0.020314,0.037275,0.10856,0.19436,0.26157,0.29219,0.35094,0.40622,0.45202,0.47722,0.53634,0.59686,0.60366,0.70415
0.5835,-0.00047968,0.0019594,0.00039822,0.023464,0.021862,0.032632,0.10546,0.19282,0.26466,0.30766,0.35713,0.41086,0.4644,0.47722,0.54253,0.60614,0.62069,0.70415
0.5836,-0.003575,0.0050547,0.0065888,0.029654,0.020314,0.035727,0.1101,0.19436,0.26311,0.30302,0.35559,0.41086,0.4644,0.48805,0.54717,0.60924,0.62069,0.70569
0.5837,-0.0097655,0.0004118,0.00039822,0.025011,0.020314,0.032632,0.10701,0.18663,0.26311,0.29993,0.34785,0.40622,0.46904,0.49734,0.54098,0.6015,0.59592,0.71807
0.5838,-0.0097655,-0.0042311,0.0096841,0.018821,0.017219,0.029536,0.10856,0.18508,0.26157,0.28909,0.34475,0.41551,0.45666,0.48805,0.54562,0.60924,0.61759,0.72272
0.5839,-0.012861,-0.0088741,0.0081364,0.014178,0.018766,0.026441,0.1101,0.18817,0.26002,0.28445,0.35404,0.40622,0.45511,0.49734,0.54253,0.59067,0.61759,0.71962
0.584,-0.0082179,-0.0011358,0.00039822,0.018821,0.021862,0.032632,0.1101,0.18817,0.26157,0.28909,0.35404,0.39848,0.46285,0.48651,0.53943,0.59221,0.61759,0.71034
0.5841,-0.0051226,0.0050547,0.0034935,0.01263,0.015671,0.037275,0.1132,0.18353,0.26776,0.29683,0.35559,0.39693,0.45821,0.48341,0.54407,0.5984,0.62378,0.71188
0.5842,-0.0051226,-0.0011358,0.0050412,0.023464,0.014123,0.035727,0.1101,0.18663,0.27085,0.29683,0.35713,0.40312,0.45511,0.48651,0.54407,0.59531,0.61759,0.71343
0.5843,-0.0051226,0.0004118,0.0019459,0.020368,0.015671,0.035727,0.10237,0.19591,0.27859,0.30147,0.3494,0.40932,0.45666,0.48186,0.54407,0.6015,0.60985,0.71034
0.5844,0.001068,-0.0026835,0.0019459,0.014178,0.023409,0.034179,0.1101,0.18508,0.26311,0.30302,0.34475,0.41086,0.45047,0.48341,0.53943,0.59376,0.6114,0.71653
0.5845,-0.00047968,-0.0073264,0.00039822,0.020368,0.021862,0.024894,0.11165,0.18972,0.25692,0.29993,0.35094,0.39693,0.44892,0.49115,0.54098,0.59531,0.62223,0.71653
0.5846,-0.0051226,-0.0073264,0.0050412,0.018821,0.014123,0.029536,0.10237,0.18198,0.26311,0.29838,0.34785,0.40467,0.45511,0.50044,0.54098,0.6015,0.6145,0.71343
0.5847,-0.015956,-0.0011358,0.014327,0.014178,0.020314,0.032632,0.11165,0.19591,0.26466,0.30147,0.35404,0.40467,0.44737,0.50198,0.54407,0.60305,0.61914,0.71343
0.5848,-0.012861,0.0004118,0.015875,0.014178,0.017219,0.037275,0.10546,0.19591,0.26776,0.3154,0.35094,0.40777,0.45202,0.49579,0.53634,0.59221,0.62378,0.71343
0.5849,-0.014408,-0.0011358,0.011232,0.01263,0.017219,0.027989,0.10082,0.19282,0.26466,0.30457,0.3494,0.39229,0.45666,0.49115,0.53634,0.58602,0.62533,0.71498
0.585,-0.014408,-0.0026835,0.0050412,0.01263,0.018766,0.026441,0.10701,0.18817,0.26466,0.29838,0.35094,0.39848,0.45821,0.49889,0.53634,0.6015,0.62378,0.71498
0.5851,-0.0082179,0.0004118,0.0065888,0.031202,0.023409,0.029536,0.10391,0.18508,0.26466,0.30147,0.35559,0.40777,0.45975,0.4927,0.54098,0.61078,0.62069,0.7026
0.5852,-0.0051226,-0.0088741,0.0050412,0.026559,0.015671,0.027989,0.10701,0.18198,0.26311,0.29993,0.35868,0.40777,0.46749,0.48496,0.53479,0.59686,0.6114,0.7026
0.5853,-0.0097655,-0.0026835,0.0019459,0.014178,0.015671,0.031084,0.10701,0.18972,0.26621,0.30921,0.35713,0.40777,0.45511,0.4927,0.53324,0.6015,0.62069,0.71343
0.5854,-0.0082179,-0.0042311,0.0019459,0.014178,0.011028,0.034179,0.11475,0.18972,0.2693,0.30612,0.35713,0.41396,0.4644,0.4896,0.53634,0.6015,0.62842,0.70569
0.5855,-0.003575,-0.0026835,-0.0026971,0.014178,0.024957,0.032632,0.11629,0.18817,0.26466,0.30457,0.35404,0.40932,0.46285,0.48805,0.53479,0.60924,0.60985,0.71034
0.5856,-0.0051226,-0.0026835,-0.0042447,0.01263,0.017219,0.026441,0.11475,0.18198,0.25692,0.30921,0.35559,0.41086,0.45821,0.4896,0.53788,0.59995,0.60676,0.71034
0.5857,-0.0066702,0.0035071,0.0050412,0.01263,0.024957,0.032632,0.10856,0.18353,0.26157,0.29528,0.35094,0.41241,0.45666,0.48805,0.53788,0.60769,0.62997,0.7026
0.5858,-0.0082179,0.0050547,0.00039822,0.021916,0.028052,0.032632,0.10391,0.18353,0.26311,0.29683,0.35249,0.40158,0.46285,0.48805,0.53479,0.62162,0.63307,0.70105
0.5859,-0.012861,-0.0011358,0.0096841,0.025011,0.014123,0.032632,0.10391,0.17579,0.26776,0.29993,0.34321,0.40622,0.45666,0.48805,0.55181,0.60305,0.62533,0.7026
0.586,-0.012861,-0.0011358,0.0081364,0.020368,0.018766,0.020251,0.10391,0.17889,0.26776,0.29528,0.33856,0.40932,0.45511,0.48651,0.5611,0.59531,0.62997,0.71188
0.5861,-0.0097655,0.0019594,0.00039822,0.025011,0.021862,0.023346,0.10701,0.18663,0.25692,0.29683,0.34011,0.41241,0.45511,0.49115,0.55645,0.60614,0.62069,0.71343
0.5862,-0.0051226,0.0050547,0.0034935,0.011082,0.021862,0.029536,0.1101,0.18198,0.25692,0.29374,0.34166,0.40622,0.45821,0.48186,0.54253,0.61233,0.62069,0.71653
0.5863,-0.0082179,0.0050547,0.0019459,0.021916,0.0094804,0.029536,0.10391,0.18353,0.25692,0.29528,0.34785,0.40932,0.45975,0.48341,0.54407,0.61698,0.62842,0.71807
0.5864,-0.0051226,-0.0088741,0.0050412,0.023464,0.018766,0.031084,0.10391,0.17115,0.25383,0.29838,0.34166,0.40467,0.45511,0.48805,0.54872,0.62162,0.62223,0.72581
0.5865,-0.0097655,-0.0011358,0.014327,0.020368,0.023409,0.026441,0.10546,0.17889,0.26002,0.28754,0.33702,0.40777,0.45666,0.48032,0.54872,0.62007,0.61914,0.72581
0.5866,-0.012861,0.0004118,0.0034935,0.01263,0.018766,0.031084,0.10391,0.18198,0.24764,0.29993,0.33856,0.41551,0.45202,0.4927,0.53788,0.61233,0.62378,0.73355
0.5867,-0.0051226,0.0019594,0.0081364,0.014178,0.017219,0.034179,0.10701,0.18044,0.26002,0.29993,0.34011,0.40777,0.44583,0.4927,0.53943,0.60769,0.63461,0.71807
0.5868,-0.003575,-0.0042311,0.0081364,0.018821,0.018766,0.04037,0.10391,0.19127,0.2724,0.29993,0.34321,0.40312,0.44428,0.48805,0.53943,0.61078,0.63616,0.71653
0.5869,-0.0082179,-0.0042311,0.011232,0.028106,0.024957,0.032632,0.10701,0.19436,0.26311,0.28909,0.33547,0.40622,0.45202,0.48341,0.55645,0.60769,0.64235,0.71034
0.587,-0.0082179,0.0035071,0.0034935,0.018821,0.024957,0.031084,0.10546,0.18198,0.26157,0.29838,0.34321,0.40622,0.45511,0.48496,0.54562,0.60769,0.647,0.71807
0.5871,-0.0097655,0.0019594,0.00039822,0.023464,0.021862,0.034179,0.097723,0.18508,0.26466,0.29064,0.33547,0.41086,0.45356,0.48186,0.54717,0.59376,0.63616,0.72427
0.5872,-0.0051226,0.0004118,-0.0011494,0.020368,0.021862,0.032632,0.10856,0.18972,0.25383,0.29219,0.33547,0.40777,0.44892,0.49115,0.54253,0.5984,0.63307,0.71653
0.5873,-0.0097655,0.011245,-0.0026971,0.018821,0.028052,0.027989,0.10391,0.18817,0.26311,0.29993,0.34166,0.40158,0.44892,0.49115,0.53788,0.61388,0.63307,0.71034
0.5874,-0.0082179,-0.0026835,0.00039822,0.021916,0.018766,0.037275,0.097723,0.18198,0.26311,0.30921,0.35404,0.40777,0.44737,0.48805,0.53943,0.61078,0.62997,0.70879
0.5875,-0.0097655,0.0019594,0.0081364,0.021916,0.0094804,0.04037,0.097723,0.18972,0.26002,0.31231,0.35094,0.4186,0.44737,0.50353,0.55181,0.61543,0.62069,0.72272
0.5876,-0.014408,0.0019594,0.014327,0.020368,0.015671,0.032632,0.10546,0.18817,0.26311,0.29993,0.34475,0.41551,0.43963,0.50198,0.55026,0.60924,0.61604,0.70569
0.5877,-0.0051226,-0.0011358,0.0081364,0.026559,0.026505,0.034179,0.10391,0.18817,0.26311,0.29374,0.34166,0.40467,0.45821,0.48651,0.53943,0.60305,0.62069,0.69796
0.5878,-0.0051226,0.0019594,0.01897,0.028106,0.024957,0.035727,0.10701,0.18353,0.25383,0.29064,0.33392,0.40158,0.45202,0.48496,0.55026,0.61388,0.61914,0.69176
0.5879,-0.003575,-0.0011358,0.0096841,0.026559,0.017219,0.032632,0.10701,0.18353,0.25383,0.29683,0.33702,0.40622,0.44583,0.48341,0.55181,0.60769,0.62378,0.69486
0.588,-0.015956,-0.0011358,0.0050412,0.020368,0.015671,0.035727,0.1101,0.17889,0.26311,0.29993,0.33547,0.40158,0.44273,0.49734,0.558,0.61233,0.63152,0.70105
0.5881,-0.017504,0.0004118,0.0034935,0.020368,0.020314,0.035727,0.11475,0.18663,0.2724,0.30457,0.32773,0.39074,0.44737,0.4896,0.54098,0.6015,0.61759,0.70569
0.5882,-0.0066702,-0.0026835,0.0096841,0.018821,0.021862,0.035727,0.10701,0.19127,0.26621,0.30147,0.33237,0.39539,0.44583,0.48341,0.53479,0.60769,0.60366,0.70569
0.5883,-0.0066702,0.0019594,0.0065888,0.014178,0.015671,0.031084,0.10082,0.18508,0.26776,0.30457,0.32618,0.40777,0.45202,0.4896,0.53788,0.60769,0.6145,0.69486
0.5884,-0.011313,0.0004118,0.0019459,0.01263,0.021862,0.029536,0.10237,0.17425,0.26776,0.30457,0.32928,0.40467,0.44428,0.49115,0.55181,0.60305,0.62533,0.6995
0.5885,-0.012861,-0.0042311,0.014327,0.018821,0.023409,0.029536,0.10856,0.18044,0.25847,0.30921,0.33082,0.42015,0.45511,0.49734,0.54253,0.6015,0.62842,0.69641
0.5886,-0.0082179,-0.0073264,0.01897,0.018821,0.021862,0.031084,0.11939,0.19127,0.26466,0.30921,0.33547,0.4186,0.44428,0.4896,0.55026,0.60305,0.61914,0.69331
0.5887,-0.0082179,-0.0042311,0.0081364,0.021916,0.020314,0.037275,0.10856,0.18198,0.26157,0.30766,0.33392,0.40777,0.44583,0.48186,0.54872,0.60305,0.62223,0.69641
0.5888,-0.0097655,-0.0042311,0.0034935,0.01263,0.023409,0.034179,0.1132,0.18508,0.26311,0.30612,0.33702,0.41705,0.45047,0.48651,0.54098,0.59995,0.61295,0.70569
0.5889,-0.0066702,0.0019594,0.0081364,0.018821,0.023409,0.04037,0.1101,0.18044,0.26002,0.30302,0.33547,0.42015,0.45202,0.48186,0.53479,0.6015,0.61604,0.71034
0.589,-0.003575,-0.0026835,0.0034935,0.020368,0.023409,0.04037,0.1132,0.18817,0.26776,0.30457,0.33547,0.41241,0.45821,0.48186,0.53634,0.59995,0.62842,0.70415
0.5891,-0.003575,-0.0042311,0.0050412,0.011082,0.015671,0.035727,0.10546,0.18508,0.26776,0.29838,0.32928,0.41705,0.45356,0.48651,0.53943,0.60305,0.61914,0.70415
0.5892,0.001068,-0.0026835,0.0034935,0.020368,0.028052,0.031084,0.10856,0.18508,0.26311,0.29064,0.33702,0.41241,0.45202,0.48805,0.54253,0.60305,0.61914,0.72272
0.5893,0.0026156,0.0019594,0.0019459,0.020368,0.028052,0.031084,0.1101,0.18972,0.2693,0.30147,0.33392,0.40932,0.44428,0.48651,0.53788,0.61233,0.62223,0.71653
0.5894,-0.003575,-0.0011358,0.0050412,0.018821,0.017219,0.031084,0.1101,0.18817,0.26311,0.30457,0.32618,0.41241,0.45666,0.48805,0.51622,0.59686,0.61604,0.71343
0.5895,-0.0097655,0.0004118,0.0034935,0.018821,0.020314,0.029536,0.1132,0.20829,0.26466,0.30612,0.32463,0.4186,0.46285,0.48341,0.5255,0.60305,0.62223,0.71034
0.5896,-0.0066702,0.0019594,0.0050412,0.025011,0.031147,0.027989,0.1132,0.20365,0.2693,0.29993,0.32773,0.41086,0.46904,0.48496,0.52705,0.5984,0.62378,0.70415
0.5897,-0.0066702,0.0004118,0.00039822,0.023464,0.021862,0.034179,0.10391,0.19436,0.26157,0.30612,0.33082,0.40003,0.46904,0.47877,0.5286,0.60614,0.62533,0.71807
0.5898,-0.0066702,0.0004118,-0.0026971,0.018821,0.024957,0.032632,0.10546,0.18508,0.25847,0.30612,0.32773,0.40312,0.4644,0.48341,0.52241,0.59686,0.63461,0.71498
0.5899,-0.0066702,-0.0026835,0.0034935,0.023464,0.024957,0.034179,0.099271,0.18663,0.25847,0.30302,0.32773,0.41396,0.46285,0.48651,0.52705,0.62007,0.62069,0.71807
0.59,-0.0051226,0.0004118,0.0034935,0.025011,0.018766,0.034179,0.1101,0.18508,0.26157,0.29838,0.33392,0.41241,0.47059,0.48032,0.53324,0.60924,0.61914,0.71653
0.5901,-0.012861,-0.0026835,0.00039822,0.01263,0.020314,0.037275,0.10856,0.19436,0.2693,0.29838,0.34011,0.42789,0.45356,0.48651,0.52705,0.6015,0.6114,0.71807
0.5902,-0.0082179,-0.0026835,0.0096841,0.018821,0.023409,0.037275,0.10546,0.19127,0.26621,0.30766,0.33237,0.41705,0.46749,0.48805,0.53324,0.61388,0.61295,0.70415
0.5903,-0.0082179,-0.0026835,0.0065888,0.023464,0.017219,0.032632,0.10856,0.18817,0.2693,0.30302,0.32773,0.41086,0.47523,0.47567,0.54253,0.61078,0.60985,0.70879
0.5904,-0.0097655,0.0035071,0.0050412,0.018821,0.014123,0.031084,0.1101,0.18817,0.27395,0.29528,0.32773,0.42015,0.46904,0.48651,0.53634,0.61233,0.60831,0.71034
0.5905,-0.015956,0.0050547,0.0081364,0.01263,0.023409,0.032632,0.10856,0.18508,0.27859,0.29374,0.32928,0.41705,0.46749,0.49734,0.53014,0.60305,0.6145,0.70415
0.5906,-0.015956,-0.0011358,0.0065888,0.014178,0.018766,0.038822,0.10856,0.19127,0.26621,0.29838,0.32463,0.41551,0.46594,0.48341,0.53014,0.61233,0.62378,0.69796
0.5907,-0.017504,0.0019594,0.0019459,0.0095347,0.028052,0.037275,0.099271,0.19282,0.26621,0.29374,0.32463,0.40777,0.45975,0.47103,0.53324,0.59686,0.62378,0.70415
0.5908,-0.011313,-0.0057788,0.00039822,0.020368,0.028052,0.032632,0.097723,0.19127,0.26621,0.29374,0.32773,0.40932,0.46749,0.47258,0.53788,0.59531,0.62069,0.69641
0.5909,-0.0020273,-0.0042311,0.0050412,0.0079871,0.024957,0.037275,0.1101,0.19282,0.26466,0.29219,0.33082,0.40932,0.47368,0.48186,0.54098,0.60305,0.61914,0.70415
0.591,-0.0082179,0.0004118,0.0050412,0.021916,0.031147,0.034179,0.11165,0.19746,0.25847,0.30147,0.33856,0.40467,0.46594,0.46329,0.53943,0.61078,0.62069,0.69641
0.5911,-0.015956,0.0035071,0.0050412,0.023464,0.024957,0.032632,0.1132,0.18817,0.25692,0.29374,0.32773,0.40777,0.4644,0.46948,0.53014,0.59531,0.61604,0.68867
0.5912,-0.0082179,0.0019594,0.0034935,0.01263,0.015671,0.029536,0.10546,0.19282,0.26621,0.29219,0.33082,0.41241,0.46594,0.47413,0.54098,0.59221,0.61604,0.69486
0.5913,-0.0066702,-0.0088741,0.00039822,0.0064395,0.017219,0.031084,0.10856,0.19901,0.26466,0.29064,0.32773,0.41241,0.46285,0.48186,0.53479,0.59221,0.61295,0.71188
0.5914,-0.0051226,-0.0057788,0.00039822,0.018821,0.021862,0.037275,0.10856,0.19436,0.26621,0.30147,0.33856,0.40777,0.46285,0.47877,0.53943,0.59376,0.62842,0.71498
0.5915,-0.0082179,-0.0026835,0.00039822,0.018821,0.023409,0.041918,0.10701,0.19746,0.26621,0.29838,0.33547,0.40622,0.4644,0.48341,0.54253,0.59067,0.62533,0.71188
0.5916,-0.012861,-0.0011358,0.0034935,0.020368,0.020314,0.034179,0.10856,0.19746,0.26776,0.29219,0.33237,0.41086,0.46749,0.4927,0.54872,0.58757,0.62223,0.70105
0.5917,-0.015956,0.0035071,0.0050412,0.01263,0.028052,0.031084,0.10546,0.18353,0.26776,0.28754,0.32773,0.40312,0.46904,0.4896,0.54253,0.59531,0.62223,0.69331
0.5918,-0.012861,0.0004118,0.0019459,0.020368,0.017219,0.029536,0.11165,0.18817,0.28014,0.28909,0.32618,0.41086,0.47059,0.49579,0.55181,0.59531,0.6114,0.68867
0.5919,-0.0097655,-0.0026835,0.0034935,0.018821,0.021862,0.038822,0.10546,0.18972,0.28168,0.29374,0.33237,0.40932,0.46749,0.4927,0.54253,0.60305,0.61295,0.7026
0.592,-0.003575,-0.0073264,0.0065888,0.021916,0.024957,0.038822,0.099271,0.19591,0.27395,0.29064,0.32928,0.40622,0.46594,0.4927,0.53479,0.59686,0.62223,0.70569
0.5921,-0.0051226,-0.0042311,0.0096841,0.028106,0.014123,0.037275,0.10546,0.18972,0.27859,0.30612,0.33547,0.40932,0.46594,0.4927,0.52395,0.6015,0.61295,0.71034
0.5922,-0.0020273,-0.0026835,0.0096841,0.023464,0.020314,0.037275,0.11475,0.19436,0.2724,0.29993,0.32773,0.40932,0.47523,0.49115,0.52395,0.60769,0.62069,0.70105
0.5923,-0.0082179,-0.0026835,0.0050412,0.020368,0.023409,0.031084,0.11475,0.19436,0.2724,0.28909,0.32928,0.40158,0.46904,0.49579,0.53014,0.6015,0.62533,0.70879
0.5924,-0.015956,-0.0026835,0.0034935,0.025011,0.031147,0.04037,0.1101,0.18817,0.2724,0.29374,0.33237,0.39539,0.46594,0.49115,0.54098,0.60924,0.62069,0.69176
0.5925,-0.014408,-0.0057788,0.0034935,0.021916,0.023409,0.034179,0.10237,0.18663,0.27085,0.30147,0.32618,0.40158,0.47059,0.48032,0.54562,0.61233,0.61914,0.70415
0.5926,-0.0082179,-0.0073264,0.0019459,0.028106,0.014123,0.037275,0.10856,0.19127,0.2693,0.29219,0.32309,0.40312,0.47523,0.48032,0.54407,0.61698,0.62069,0.70105
0.5927,-0.003575,-0.0073264,0.0034935,0.018821,0.021862,0.032632,0.10856,0.19746,0.28014,0.29993,0.32773,0.40777,0.47368,0.48341,0.54098,0.60924,0.61604,0.69796
0.5928,-0.017504,-0.0011358,0.0050412,0.011082,0.018766,0.029536,0.10082,0.19282,0.27395,0.29993,0.32309,0.40932,0.47833,0.48032,0.54562,0.5984,0.62378,0.69641
0.5929,-0.0097655,0.0050547,0.0050412,0.0079871,0.024957,0.035727,0.10237,0.19591,0.26776,0.29993,0.3169,0.40932,0.47214,0.48341,0.54872,0.59221,0.62223,0.69331
0.593,-0.003575,0.0019594,0.0034935,0.021916,0.018766,0.037275,0.10237,0.19746,0.27085,0.29683,0.32309,0.40467,0.47214,0.48341,0.55645,0.58602,0.61914,0.69176
0.5931,0.001068,-0.0026835,0.0034935,0.020368,0.026505,0.038822,0.10546,0.19591,0.27704,0.286,0.33237,0.40777,0.4644,0.49579,0.54253,0.58138,0.61604,0.69796
0.5932,-0.0066702,0.0035071,0.014327,0.021916,0.024957,0.034179,0.10701,0.18663,0.2693,0.28445,0.34166,0.39384,0.46285,0.48651,0.54407,0.58912,0.60676,0.70724
0.5933,-0.015956,0.0004118,0.0081364,0.020368,0.020314,0.038822,0.10546,0.18972,0.2693,0.29374,0.33392,0.40158,0.46285,0.48496,0.54407,0.61233,0.61295,0.69796
0.5934,-0.014408,-0.0057788,0.0019459,0.015725,0.023409,0.038822,0.10701,0.18817,0.26157,0.29683,0.32773,0.40622,0.4644,0.4896,0.54562,0.61233,0.61914,0.68712
0.5935,-0.015956,-0.0011358,-0.0026971,0.014178,0.026505,0.043465,0.10701,0.18353,0.2693,0.29219,0.33547,0.40932,0.47059,0.48496,0.55181,0.58912,0.61759,0.69331
0.5936,-0.012861,-0.0011358,0.0034935,0.015725,0.021862,0.043465,0.10546,0.18508,0.27395,0.29838,0.33856,0.40158,0.45511,0.4896,0.55336,0.59067,0.62223,0.71034
0.5937,-0.0097655,0.0004118,0.0081364,0.0079871,0.0048375,0.04037,0.10701,0.18353,0.27704,0.29219,0.34011,0.40467,0.45202,0.49579,0.54717,0.58447,0.6114,0.71807
0.5938,-0.0097655,0.0004118,0.0096841,0.011082,0.0048375,0.034179,0.10546,0.18508,0.26776,0.286,0.33702,0.41396,0.45821,0.4896,0.56729,0.58138,0.61604,0.71188
0.5939,-0.0082179,-0.0057788,0.0050412,0.023464,0.018766,0.04037,0.10546,0.18353,0.26466,0.29219,0.33547,0.40932,0.46285,0.4896,0.57038,0.57983,0.61295,0.70415
0.594,-0.0097655,-0.0057788,-0.0026971,0.014178,0.023409,0.034179,0.10546,0.19591,0.26621,0.29064,0.32928,0.40467,0.4644,0.49115,0.54717,0.58138,0.60676,0.70415
0.5941,-0.0082179,0.0066024,0.0065888,0.011082,0.023409,0.032632,0.10701,0.18817,0.26157,0.29374,0.34321,0.41241,0.47059,0.48186,0.558,0.58602,0.60985,0.70569
0.5942,-0.0051226,-0.0026835,0.0019459,0.014178,0.021862,0.026441,0.10546,0.18353,0.26002,0.29528,0.34011,0.40932,0.47059,0.47877,0.54872,0.58757,0.61604,0.71653
0.5943,-0.0082179,0.0019594,0.0096841,0.021916,0.028052,0.034179,0.10546,0.18972,0.26311,0.28909,0.33237,0.41086,0.46594,0.48186,0.53943,0.59376,0.62533,0.72272
0.5944,-0.0051226,0.0035071,0.0050412,0.023464,0.023409,0.034179,0.097723,0.18663,0.26776,0.29374,0.33237,0.41086,0.46904,0.48032,0.53943,0.59686,0.63307,0.72581
0.5945,-0.0082179,0.0035071,0.00039822,0.021916,0.014123,0.04037,0.10237,0.18663,0.26466,0.29064,0.33237,0.40622,0.47368,0.4927,0.53943,0.6015,0.62533,0.71653
0.5946,-0.0051226,0.0004118,0.0081364,0.015725,0.014123,0.037275,0.10701,0.18972,0.26157,0.29374,0.33082,0.40777,0.46749,0.49579,0.53634,0.59531,0.62069,0.71653
0.5947,-0.0082179,-0.0026835,0.0096841,0.015725,0.018766,0.034179,0.11165,0.18508,0.26621,0.286,0.33702,0.40932,0.47368,0.48651,0.54717,0.60305,0.62533,0.71498
0.5948,-0.012861,0.0004118,0.0019459,0.0064395,0.021862,0.043465,0.10856,0.19436,0.2693,0.29219,0.33702,0.40622,0.47678,0.49579,0.54717,0.61233,0.63771,0.71034
0.5949,-0.0097655,-0.0042311,0.0034935,0.018821,0.020314,0.043465,0.11784,0.18663,0.2693,0.29838,0.32463,0.40777,0.47368,0.50353,0.54717,0.61388,0.62378,0.71807
0.595,-0.012861,0.0035071,0.0034935,0.020368,0.018766,0.037275,0.11784,0.18817,0.26776,0.29993,0.33082,0.39384,0.47833,0.49734,0.54562,0.59686,0.6114,0.71653
0.5951,-0.0097655,0.0050547,-0.0026971,0.0095347,0.020314,0.037275,0.1101,0.18663,0.27395,0.31231,0.33856,0.40467,0.47678,0.4896,0.54407,0.60769,0.60831,0.71343
0.5952,-0.011313,0.0050547,0.00039822,0.0095347,0.020314,0.04037,0.11629,0.17734,0.27085,0.3154,0.33392,0.40467,0.47523,0.48341,0.54407,0.60769,0.61295,0.70569
0.5953,-0.019051,-0.0026835,-0.0057923,0.01263,0.026505,0.037275,0.11475,0.18817,0.26776,0.31385,0.33702,0.40932,0.45975,0.48186,0.53634,0.6015,0.62069,0.71034
0.5954,-0.015956,-0.0026835,0.0050412,0.021916,0.023409,0.029536,0.1132,0.18663,0.26621,0.30766,0.33702,0.39693,0.4644,0.48805,0.53634,0.5984,0.62378,0.7026
0.5955,-0.014408,0.0004118,0.0034935,0.023464,0.018766,0.032632,0.10856,0.19127,0.26157,0.30147,0.33547,0.39693,0.4644,0.48805,0.54562,0.5984,0.62997,0.7026
0.5956,-0.0097655,-0.0026835,0.0019459,0.018821,0.015671,0.04037,0.10701,0.18817,0.2693,0.29993,0.33702,0.39539,0.4644,0.49579,0.54253,0.5984,0.63307,0.69641
0.5957,-0.0066702,0.0050547,0.0034935,0.014178,0.015671,0.04037,0.11629,0.18663,0.27085,0.29683,0.33392,0.40158,0.45975,0.49115,0.53788,0.59995,0.63152,0.70879
0.5958,-0.012861,-0.0042311,0.0019459,0.01263,0.015671,0.035727,0.11165,0.18508,0.2724,0.29993,0.33856,0.40467,0.4644,0.49115,0.53324,0.59686,0.62842,0.70879
0.5959,-0.0020273,0.0035071,0.0050412,0.01263,0.015671,0.034179,0.11475,0.19127,0.28633,0.30766,0.34166,0.39848,0.46285,0.48341,0.54253,0.60305,0.62069,0.70105
0.596,-0.0097655,0.0019594,0.0050412,0.023464,0.014123,0.037275,0.10856,0.18508,0.28168,0.30147,0.33856,0.40467,0.45511,0.4927,0.54098,0.59686,0.62069,0.70724
0.5961,-0.0097655,-0.0026835,0.014327,0.021916,0.024957,0.041918,0.1132,0.18817,0.26466,0.29683,0.33856,0.41551,0.45975,0.49579,0.54717,0.59376,0.62378,0.71188
0.5962,-0.0097655,-0.0057788,0.0034935,0.023464,0.024957,0.046561,0.11165,0.18508,0.2724,0.30612,0.34011,0.40622,0.45975,0.49734,0.54098,0.6015,0.61759,0.69331
0.5963,-0.014408,-0.0057788,-0.0011494,0.011082,0.021862,0.04037,0.10391,0.18663,0.27859,0.29683,0.34011,0.40467,0.45821,0.49579,0.54253,0.59221,0.62069,0.67784
0.5964,-0.014408,0.0019594,-0.0011494,0.021916,0.024957,0.034179,0.10237,0.18817,0.27704,0.29219,0.33392,0.40312,0.45666,0.4927,0.54253,0.60614,0.62069,0.69486
0.5965,-0.0097655,-0.0026835,0.00039822,0.018821,0.023409,0.034179,0.10546,0.19436,0.26776,0.28909,0.34011,0.40158,0.45821,0.4896,0.54098,0.60614,0.6145,0.69486
0.5966,-0.0051226,-0.0057788,0.0096841,0.032749,0.021862,0.034179,0.11165,0.19591,0.2724,0.28754,0.34166,0.40158,0.45666,0.48805,0.54098,0.60924,0.6145,0.69486
0.5967,-0.015956,-0.0011358,0.0019459,0.023464,0.018766,0.038822,0.10701,0.19591,0.27859,0.29838,0.34785,0.40312,0.45666,0.48805,0.54253,0.59376,0.61295,0.7026
0.5968,-0.012861,-0.0011358,0.0050412,0.018821,0.024957,0.035727,0.10082,0.19436,0.26776,0.29993,0.33547,0.40312,0.45202,0.49115,0.54098,0.5984,0.62069,0.6995
0.5969,-0.0097655,-0.0011358,0.0065888,0.023464,0.021862,0.037275,0.10237,0.18353,0.2693,0.29683,0.34321,0.39693,0.45666,0.49579,0.53479,0.59686,0.62069,0.70105
0.597,-0.019051,-0.0011358,0.0081364,0.021916,0.018766,0.037275,0.10546,0.18972,0.27859,0.29374,0.34011,0.40003,0.45975,0.50044,0.53014,0.6015,0.61295,0.70105
0.5971,-0.0097655,-0.0026835,0.0096841,0.01263,0.020314,0.032632,0.10701,0.18972,0.27859,0.29993,0.33856,0.40003,0.4644,0.4927,0.53943,0.59995,0.62069,0.71034
0.5972,-0.0051226,0.0004118,-0.0011494,0.01263,0.026505,0.034179,0.1101,0.18972,0.27395,0.29374,0.34785,0.39848,0.45975,0.4927,0.53014,0.5984,0.61914,0.70415
0.5973,-0.011313,-0.0026835,0.0034935,0.018821,0.031147,0.04037,0.1101,0.18508,0.26621,0.29993,0.34785,0.39693,0.4644,0.49579,0.53324,0.59221,0.62533,0.7026
0.5974,-0.0066702,-0.0026835,0.0019459,0.011082,0.023409,0.032632,0.11165,0.18198,0.2693,0.30457,0.35094,0.39384,0.46594,0.49115,0.54098,0.59686,0.62533,0.70415
0.5975,-0.0097655,-0.0011358,0.0019459,0.0079871,0.021862,0.027989,0.11475,0.18508,0.27085,0.29993,0.33856,0.39384,0.46594,0.4896,0.54717,0.6015,0.6145,0.71188
0.5976,-0.0051226,-0.0057788,-0.0011494,0.014178,0.026505,0.035727,0.1132,0.19901,0.26776,0.28754,0.34321,0.40003,0.46285,0.48805,0.54872,0.59221,0.62378,0.72272
0.5977,-0.011313,-0.0026835,0.0081364,0.018821,0.023409,0.034179,0.1101,0.18972,0.26776,0.29683,0.35404,0.40467,0.4644,0.4896,0.54098,0.60614,0.61604,0.72272
0.5978,-0.011313,0.0004118,0.0034935,0.021916,0.026505,0.04037,0.1101,0.18353,0.2724,0.28135,0.35094,0.40467,0.46285,0.50198,0.54562,0.6015,0.60831,0.70569
0.5979,-0.0020273,-0.0011358,0.017422,0.023464,0.020314,0.038822,0.1132,0.19436,0.26621,0.30147,0.34011,0.40622,0.44737,0.50044,0.54098,0.60769,0.6145,0.7026
0.598,-0.0097655,-0.0026835,0.0081364,0.020368,0.024957,0.032632,0.1101,0.19901,0.26466,0.29683,0.34011,0.40467,0.44737,0.50508,0.54407,0.61233,0.62378,0.69796
0.5981,-0.0097655,-0.0073264,0.0034935,0.021916,0.021862,0.038822,0.1132,0.19591,0.27395,0.29528,0.34785,0.41086,0.45511,0.49579,0.54872,0.5984,0.62378,0.69486
0.5982,-0.011313,-0.0057788,0.0065888,0.020368,0.026505,0.032632,0.1132,0.19127,0.26776,0.29528,0.34166,0.39693,0.44583,0.50044,0.54562,0.5984,0.6114,0.68867
0.5983,-0.0082179,-0.0073264,0.00039822,0.020368,0.021862,0.032632,0.10391,0.19127,0.26466,0.29683,0.33547,0.40467,0.45356,0.4927,0.54717,0.59686,0.6145,0.69176
0.5984,-0.0082179,-0.0026835,0.0019459,0.023464,0.024957,0.035727,0.1101,0.18972,0.28014,0.29219,0.34011,0.41705,0.45975,0.4896,0.558,0.60614,0.60211,0.70415
0.5985,-0.014408,-0.0011358,0.0019459,0.011082,0.023409,0.04037,0.11165,0.18972,0.28168,0.29838,0.33547,0.41241,0.46749,0.49889,0.54717,0.5984,0.62069,0.7026
0.5986,-0.0066702,-0.0057788,0.0050412,0.014178,0.018766,0.04037,0.11629,0.18508,0.28168,0.29374,0.33547,0.41551,0.46904,0.50972,0.55026,0.59686,0.6114,0.69796
0.5987,-0.003575,-0.0026835,0.0081364,0.021916,0.021862,0.037275,0.10391,0.17734,0.27395,0.28754,0.33856,0.41705,0.45821,0.50353,0.54717,0.5984,0.60211,0.70105
0.5988,-0.0020273,0.0004118,0.0019459,0.020368,0.021862,0.04037,0.10856,0.19436,0.26776,0.29528,0.34166,0.40777,0.45356,0.50044,0.54717,0.6015,0.6145,0.70105
0.5989,-0.0097655,-0.0042311,-0.0026971,0.01263,0.021862,0.031084,0.10701,0.19282,0.26776,0.29374,0.34166,0.40622,0.45511,0.48805,0.54562,0.60305,0.62069,0.69641
0.599,-0.003575,-0.0011358,0.0065888,0.0095347,0.020314,0.035727,0.10701,0.19436,0.26621,0.28754,0.35713,0.39848,0.45202,0.4927,0.53943,0.5984,0.60831,0.69641
0.5991,-0.0082179,0.0019594,-0.0026971,0.0064395,0.021862,0.038822,0.10856,0.19127,0.28168,0.29683,0.34321,0.39693,0.44892,0.49579,0.53943,0.59686,0.60831,0.69796
0.5992,-0.011313,0.0004118,-0.0042447,0.018821,0.020314,0.038822,0.1101,0.18817,0.2693,0.29993,0.34166,0.40467,0.46285,0.4927,0.54098,0.59531,0.60211,0.70724
0.5993,-0.0051226,-0.0026835,0.0050412,0.015725,0.020314,0.041918,0.10701,0.19127,0.2724,0.30302,0.34321,0.40622,0.46285,0.4896,0.55181,0.60769,0.6145,0.70569
0.5994,-0.0097655,-0.0011358,0.0034935,0.018821,0.026505,0.041918,0.10856,0.18817,0.27085,0.29683,0.35094,0.39384,0.45975,0.50817,0.54562,0.59376,0.62069,0.71034
0.5995,-0.0066702,0.0066024,0.0081364,0.023464,0.018766,0.031084,0.10546,0.19591,0.2693,0.29993,0.34785,0.39539,0.45666,0.49734,0.55491,0.59376,0.62997,0.71034
0.5996,-0.003575,-0.0026835,0.0034935,0.018821,0.011028,0.04037,0.10546,0.18972,0.26466,0.29064,0.34166,0.40158,0.45666,0.50044,0.54872,0.59376,0.6145,0.69486
0.5997,-0.0082179,-0.0011358,0.0034935,0.015725,0.017219,0.032632,0.11165,0.19127,0.26002,0.29838,0.34475,0.39693,0.47059,0.49734,0.54717,0.59686,0.6145,0.69176
0.5998,-0.012861,-0.0042311,0.0050412,0.0095347,0.021862,0.032632,0.10701,0.18663,0.26311,0.29683,0.34321,0.39693,0.47833,0.48805,0.54717,0.59376,0.6114,0.69022
0.5999,-0.017504,0.0035071,0.0081364,0.011082,0.023409,0.037275,0.1101,0.18972,0.26466,0.30147,0.34475,0.39693,0.46749,0.4896,0.53634,0.61233,0.60831,0.68867
0.6,-0.015956,0.0050547,0.0065888,0.021916,0.021862,0.032632,0.10701,0.18972,0.2724,0.29993,0.34166,0.40467,0.45821,0.4927,0.53634,0.60614,0.61759,0.69331
0.6001,-0.043814,0.0019594,0.029803,0.07144,0.10234,0.14251,0.23701,0.34758,0.45038,0.50267,0.56607,0.64456,0.73678,0.77746,0.86289,0.94508,0.97355,1.0678
0.6002,-0.040718,0.0004118,0.028256,0.07144,0.10389,0.13787,0.21689,0.29187,0.37919,0.42993,0.48095,0.55479,0.63309,0.66603,0.75146,0.82126,0.86367,0.95486
0.6003,0.018092,-0.0057788,-0.018173,-0.035347,-0.061711,-0.074156,-0.07716,-0.085758,-0.083559,-0.088532,-0.10871,-0.1045,-0.098945,-0.12945,-0.12296,-0.12899,-0.11909,-0.12694
0.6004,0.016544,-0.0011358,-0.018173,-0.038442,-0.060163,-0.077251,-0.087994,-0.10897,-0.13463,-0.15199,-0.16752,-0.19581,-0.19799,-0.24862,-0.25451,-0.28994,-0.29861,-0.34516
0.6005,0.0026156,0.0096977,-0.011983,-0.018323,-0.032306,-0.052489,-0.052398,-0.064091,-0.077369,-0.088532,-0.11799,-0.12307,-0.1268,-0.16041,-0.1632,-0.20637,-0.19647,-0.23992
0.6006,0.001068,0.00815,-0.016626,-0.012132,-0.029211,-0.030822,-0.043112,-0.05171,-0.049511,-0.056032,-0.076206,-0.084383,-0.089659,-0.12017,-0.1307,-0.14756,-0.13456,-0.19813
0.6007,0.0088062,-0.0042311,-0.0088876,-0.010585,-0.027663,-0.024631,-0.033826,-0.036234,-0.044868,-0.049841,-0.056086,-0.073549,-0.072635,-0.10934,-0.10903,-0.12435,-0.1098,-0.16563
0.6008,0.0057109,-0.0042311,-0.0026971,-0.010585,-0.018377,-0.01844,-0.027636,-0.0254,-0.032487,-0.039008,-0.051443,-0.05962,-0.064897,-0.092311,-0.088913,-0.11042,-0.095872,-0.15015
0.6009,0.0057109,-0.0026835,-0.0011494,-0.0074893,-0.015282,-0.016893,-0.024541,-0.020757,-0.029392,-0.039008,-0.039062,-0.05962,-0.055611,-0.083025,-0.078079,-0.096488,-0.081944,-0.14396
0.601,-0.00047968,0.0004118,-0.011983,-0.0028464,-0.015282,-0.007607,-0.01835,-0.026948,-0.021653,-0.032817,-0.037514,-0.054978,-0.055611,-0.07993,-0.068793,-0.099583,-0.080396,-0.13777
0.6011,0.001068,0.015888,-0.011983,-0.0028464,-0.0090913,-0.0091546,-0.016802,-0.017662,-0.024749,-0.03746,-0.048348,-0.05962,-0.054063,-0.070644,-0.071888,-0.090297,-0.083491,-0.12849
0.6012,0.0041632,0.00815,-0.0088876,-0.0059417,-0.0075436,-0.007607,-0.021445,-0.01921,-0.020106,-0.028174,-0.037514,-0.036406,-0.052516,-0.064453,-0.062603,-0.093393,-0.078848,-0.12849
0.6013,-0.0020273,-0.0042311,-0.0057923,-0.0059417,-0.0029007,-0.007607,-0.016802,-0.016114,-0.01082,-0.028174,-0.029776,-0.045692,-0.044778,-0.064453,-0.065698,-0.082559,-0.055634,-0.12849
0.6014,-0.00047968,-0.0011358,-0.0088876,-0.0028464,-0.0044483,-0.016893,-0.0090641,-0.01921,-0.0092723,-0.029722,-0.031324,-0.051882,-0.041682,-0.069096,-0.061055,-0.082559,-0.057181,-0.1223
0.6015,-0.0051226,-0.0011358,-0.0026971,-0.0028464,-0.0075436,-0.007607,-0.0044212,-0.0254,-0.024749,-0.029722,-0.034419,-0.037953,-0.041682,-0.062906,-0.05796,-0.08875,-0.054086,-0.11456
0.6016,-0.0082179,0.0004118,-0.0011494,0.0095347,-0.0075436,-0.01844,-0.010612,-0.0099239,-0.029392,-0.020436,-0.029776,-0.039501,-0.041682,-0.069096,-0.053317,-0.081011,-0.058729,-0.10682
0.6017,-0.0082179,0.0019594,-0.0042447,0.0017965,-0.005996,-0.010702,-0.010612,-0.011472,-0.018558,-0.032817,-0.029776,-0.045692,-0.046325,-0.058263,-0.053317,-0.082559,-0.052538,-0.089795
0.6018,-0.0020273,0.0066024,-0.00734,0.00024889,-0.005996,-0.010702,-0.0059688,-0.01921,-0.013915,-0.023531,-0.022038,-0.042596,-0.047873,-0.055168,-0.051769,-0.084107,-0.049443,-0.089795
0.6019,-0.0051226,0.0035071,-0.011983,-0.0012988,-0.010639,-0.0029641,-0.0028735,-0.017662,-0.01082,-0.023531,-0.022038,-0.034858,-0.041682,-0.052072,-0.044031,-0.087202,-0.054086,-0.095986
0.602,0.0026156,0.0050547,-0.010435,0.0048918,-0.0044483,-0.0029641,-0.010612,-0.016114,-0.0077246,-0.021984,-0.02049,-0.034858,-0.030849,-0.05362,-0.036293,-0.090297,-0.049443,-0.095986
0.6021,-0.003575,0.0066024,-0.0026971,-0.0059417,-0.0029007,-0.0014164,-0.013707,-0.017662,-0.006177,-0.017341,-0.023586,-0.033311,-0.035492,-0.052072,-0.036293,-0.070178,-0.047895,-0.091343
0.6022,-0.0082179,0.0019594,0.00039822,0.00024889,-0.0044483,-0.0045117,-0.0013259,-0.022305,-0.006177,-0.012698,-0.025133,-0.045692,-0.032396,-0.041239,-0.040936,-0.06244,-0.047895,-0.09289
0.6023,-0.0082179,-0.0011358,-0.00734,0.0064395,-0.0044483,0.0016789,-0.0044212,-0.0099239,-0.01082,-0.014246,-0.023586,-0.041049,-0.027753,-0.041239,-0.047126,-0.074821,-0.049443,-0.088247
0.6024,-0.003575,-0.0042311,-0.0011494,0.0064395,-0.0029007,-0.0029641,-0.012159,-0.005281,-0.01082,-0.017341,-0.0143,-0.036406,-0.027753,-0.048977,-0.044031,-0.076368,-0.049443,-0.085152
0.6025,-0.003575,0.0019594,0.0081364,0.0033442,-0.0044483,0.0016789,-0.0090641,-0.0099239,-0.0092723,-0.01115,-0.023586,-0.033311,-0.023111,-0.056715,-0.036293,-0.070178,-0.046348,-0.085152
0.6026,-0.0082179,0.0019594,-0.0011494,-0.012132,0.00019459,-0.0029641,0.00022174,-0.0099239,-0.01082,-0.0034121,-0.025133,-0.042596,-0.015372,-0.055168,-0.039388,-0.06244,-0.041705,-0.088247
0.6027,-0.0066702,-0.0011358,-0.0057923,-0.0012988,-0.0044483,-0.0091546,-0.01835,-0.011472,-0.006177,-0.020436,-0.022038,-0.033311,-0.020015,-0.047429,-0.039388,-0.067083,-0.043253,-0.083604
0.6028,-0.0020273,0.0050547,-0.0026971,-0.0012988,0.0017422,-0.0045117,-0.010612,-0.0099239,-0.013915,-0.0065073,-0.02049,-0.030215,-0.020015,-0.045882,-0.045579,-0.060892,-0.037062,-0.077414
0.6029,-0.003575,0.00815,-0.0057923,-0.0012988,0.0032899,0.0016789,-0.0044212,-0.0099239,-0.0092723,-0.01115,-0.028229,-0.036406,-0.018468,-0.047429,-0.042483,-0.06244,-0.035514,-0.085152
0.603,0.0026156,0.0019594,-0.0011494,0.0095347,0.0032899,0.0016789,-0.0059688,-0.005281,-0.012368,-0.012698,-0.011205,-0.031763,-0.021563,-0.047429,-0.039388,-0.057797,-0.035514,-0.083604
0.6031,0.001068,-0.0011358,-0.0057923,0.0048918,0.0048375,-0.0029641,-0.0090641,-0.016114,-0.012368,-0.014246,-0.0065616,-0.031763,-0.015372,-0.042786,-0.03165,-0.057797,-0.030871,-0.085152
0.6032,-0.00047968,0.0035071,0.00039822,-0.0059417,0.0032899,-0.0091546,-0.0090641,-0.005281,-0.01701,-0.008055,-0.0143,-0.031763,-0.01692,-0.047429,-0.034745,-0.059344,-0.026228,-0.080509
0.6033,-0.00047968,0.0004118,0.00039822,0.00024889,-0.0075436,-0.0060593,-0.0044212,-0.005281,-0.0046294,-0.008055,-0.012752,-0.031763,-0.015372,-0.048977,-0.030102,-0.053154,-0.021586,-0.072771
0.6034,0.0026156,-0.0057788,-0.0057923,0.0048918,-0.0013531,-0.0060593,-0.0044212,-0.005281,-0.006177,-0.0096026,-0.017395,-0.034858,-0.0091818,-0.048977,-0.039388,-0.060892,-0.026228,-0.077414
0.6035,-0.0051226,-0.0026835,0.0034935,-0.0028464,0.00019459,0.00013123,-0.0013259,-0.011472,-0.012368,-0.01115,-0.018943,-0.019382,-0.01692,-0.044334,-0.030102,-0.057797,-0.027776,-0.072771
0.6036,-0.0066702,-0.0026835,0.0019459,0.00024889,-0.0013531,-0.007607,-0.0044212,-0.016114,-0.006177,-0.012698,-0.012752,-0.028668,-0.015372,-0.036596,-0.036293,-0.048511,-0.030871,-0.071223
0.6037,-0.00047968,0.0050547,0.00039822,-0.004394,-0.0044483,-0.0060593,-0.012159,-0.016114,-0.015463,-0.0096026,-0.0081093,-0.02712,-0.020015,-0.039691,-0.033197,-0.053154,-0.027776,-0.068128
0.6038,-0.0020273,-0.0026835,-0.010435,0.0048918,-0.005996,-0.0014164,-0.0044212,-0.011472,-0.0092723,-0.0065073,-0.0081093,-0.028668,-0.015372,-0.042786,-0.034745,-0.057797,-0.035514,-0.063485
0.6039,0.0026156,-0.0026835,-0.00734,0.0064395,0.00019459,-0.010702,-0.0013259,-0.0099239,-0.006177,-0.015793,-0.012752,-0.031763,-0.018468,-0.039691,-0.03784,-0.043868,-0.030871,-0.06658
0.604,-0.0051226,-0.0057788,-0.0057923,-0.0028464,-0.0013531,-0.0060593,0.0017694,-0.0037333,-0.0077246,-0.017341,-0.0143,-0.025572,-0.015372,-0.041239,-0.039388,-0.054701,-0.027776,-0.071223
0.6041,-0.0066702,-0.0057788,-0.0042447,0.00024889,0.00019459,-0.007607,-0.0044212,-0.0099239,-0.006177,-0.0096026,-0.005014,-0.028668,-0.015372,-0.042786,-0.036293,-0.054701,-0.027776,-0.06658
0.6042,-0.0082179,0.0004118,-0.0026971,0.00024889,0.0032899,-0.007607,-0.0090641,-0.005281,-0.0030817,-0.008055,-0.0065616,-0.020929,-0.018468,-0.035048,-0.033197,-0.050059,-0.032419,-0.06039
0.6043,-0.0020273,0.0004118,-0.0042447,-0.012132,0.0017422,0.00013123,-0.0028735,-0.0068286,-0.01082,-0.008055,-0.0081093,-0.022477,-0.012277,-0.038144,-0.033197,-0.050059,-0.026228,-0.071223
0.6044,-0.003575,-0.0011358,-0.00734,-0.0028464,0.0079328,-0.0029641,-0.0059688,-0.011472,-0.0092723,-0.0096026,-0.011205,-0.02712,-0.0091818,-0.033501,-0.030102,-0.046963,-0.021586,-0.072771
0.6045,-0.014408,0.0050547,-0.0088876,0.0048918,-0.005996,-0.0060593,-0.0044212,-0.005281,-0.0092723,-0.012698,-0.011205,-0.025572,-0.018468,-0.036596,-0.040936,-0.054701,-0.026228,-0.072771
0.6046,0.0041632,0.0004118,-0.0057923,0.0017965,-0.0090913,-0.0060593,-0.0059688,-0.0037333,-0.01082,-0.012698,-0.005014,-0.02712,-0.015372,-0.038144,-0.034745,-0.056249,-0.026228,-0.069676
0.6047,0.001068,-0.0026835,0.00039822,0.0033442,-0.012187,-0.0060593,-0.0090641,-0.00063806,-0.015463,-0.008055,-0.0096569,-0.019382,-0.0091818,-0.035048,-0.033197,-0.056249,-0.024681,-0.071223
0.6048,-0.0020273,0.0004118,0.00039822,0.0079871,-0.005996,-0.0045117,-0.0075165,-0.0037333,-0.0077246,-0.01115,-0.018943,-0.014739,-0.018468,-0.035048,-0.033197,-0.046963,-0.026228,-0.06039
0.6049,-0.003575,0.0004118,0.00039822,0.00024889,-0.0013531,-0.0029641,-0.010612,-0.0037333,-0.0015341,-0.0049597,-0.0096569,-0.020929,-0.018468,-0.035048,-0.036293,-0.046963,-0.030871,-0.061937
0.605,-0.0051226,-0.0026835,-0.0026971,0.0064395,-0.005996,-0.0014164,0.00022174,-0.0021857,1.3576e-05,-0.01115,-0.0143,-0.025572,-0.015372,-0.036596,-0.022364,-0.048511,-0.023133,-0.058842
0.6051,-0.0020273,0.0035071,-0.0026971,-0.0028464,-0.0044483,-0.007607,0.0048647,-0.0099239,-0.0030817,-0.0049597,-0.018943,-0.025572,-0.012277,-0.035048,-0.023912,-0.040773,-0.016943,-0.071223
0.6052,-0.011313,0.0096977,0.0065888,0.0017965,-0.005996,0.0016789,-0.0028735,-0.0068286,-0.0030817,-0.0049597,-0.0081093,-0.025572,-0.015372,-0.033501,-0.027007,-0.043868,-0.027776,-0.057294
0.6053,-0.0051226,0.0019594,-0.0057923,0.0048918,-0.0044483,0.0032265,0.0017694,-0.0068286,-0.006177,-0.01115,-0.0096569,-0.030215,-0.01692,-0.033501,-0.025459,-0.039225,-0.032419,-0.061937
0.6054,-0.0051226,-0.0011358,-0.0042447,-0.004394,0.00019459,-0.013798,-0.0028735,-0.0037333,-0.006177,-0.0096026,-0.0096569,-0.028668,-0.018468,-0.02731,-0.022364,-0.04232,-0.027776,-0.061937
0.6055,-0.0020273,-0.0073264,-0.0042447,-0.0012988,-0.0029007,-0.0045117,-0.0044212,-0.0068286,-0.006177,-0.0049597,-0.012752,-0.02712,-0.012277,-0.02731,-0.022364,-0.043868,-0.016943,-0.069676
0.6056,-0.0097655,0.0019594,-0.0057923,0.0048918,0.0017422,0.0032265,-0.0075165,0.00090958,-0.006177,-0.0065073,-0.0096569,-0.030215,-0.010729,-0.024215,-0.022364,-0.040773,-0.016943,-0.06658
0.6057,-0.00047968,-0.0042311,-0.011983,0.0048918,0.0032899,-0.0060593,-0.013707,-0.0068286,-0.0015341,-0.0034121,-0.011205,-0.019382,-0.0091818,-0.033501,-0.022364,-0.043868,-0.021586,-0.068128
0.6058,-0.0051226,-0.0026835,-0.0057923,0.0064395,-0.005996,0.0016789,0.00022174,-0.005281,-0.0046294,-0.0034121,-0.0143,-0.017834,-0.015372,-0.035048,-0.033197,-0.048511,-0.01849,-0.071223
0.6059,-0.0020273,-0.0073264,0.00039822,0.0048918,-0.0044483,-0.0014164,0.0017694,-0.0037333,-0.0030817,-0.01115,-0.012752,-0.025572,-0.026206,-0.02731,-0.03165,-0.046963,-0.023133,-0.069676
0.606,0.0057109,0.0035071,-0.0042447,0.0033442,0.0032899,-0.0014164,0.0017694,-0.013019,-0.0046294,-0.0049597,-0.0096569,-0.02712,-0.015372,-0.02731,-0.025459,-0.050059,-0.0123,-0.071223
0.6061,-0.0082179,0.0019594,0.0034935,0.00024889,0.0017422,-0.0014164,-0.0013259,-0.0083763,-0.006177,-0.0049597,-0.0081093,-0.022477,-0.0091818,-0.025762,-0.033197,-0.043868,-0.021586,-0.063485
0.6062,-0.00047968,0.0004118,-0.0057923,0.0033442,-0.0029007,-0.0060593,-0.0044212,0.00090958,1.3576e-05,-0.0034121,-0.011205,-0.020929,-0.0076341,-0.02731,-0.030102,-0.03613,-0.026228,-0.055747
0.6063,-0.0020273,0.0050547,0.0019459,0.0017965,-0.0029007,-0.0060593,-0.0059688,0.00090958,-0.0077246,-0.0049597,-0.012752,-0.022477,-0.0060865,-0.033501,-0.034745,-0.043868,-0.021586,-0.057294
0.6064,-0.0097655,0.0019594,-0.0042447,0.0079871,0.00019459,0.0063218,-0.0075165,-0.0021857,-0.0077246,-0.008055,-0.017395,-0.020929,-0.0091818,-0.025762,-0.033197,-0.051606,-0.013847,-0.061937
0.6065,-0.00047968,0.0096977,-0.0011494,-0.0028464,0.0032899,0.0032265,-0.0059688,0.00090958,-0.0030817,-0.008055,-0.0143,-0.022477,-0.0091818,-0.030405,-0.022364,-0.048511,-0.0092044,-0.054199
0.6066,-0.0066702,0.0066024,-0.0011494,-0.0028464,0.00019459,-0.0045117,-0.0028735,-0.00063806,0.0015612,-0.0096026,-0.011205,-0.020929,-0.0060865,-0.031953,-0.020816,-0.050059,-0.010752,-0.051104
0.6067,-0.0097655,0.0019594,-0.0026971,-0.0012988,-0.0013531,-0.0060593,0.0048647,-0.0099239,-0.0015341,-0.0034121,-0.015847,-0.025572,0.00010408,-0.035048,-0.019269,-0.046963,-0.016943,-0.055747
0.6068,-0.0066702,0.0050547,0.00039822,-0.0012988,-0.0044483,0.0032265,0.003317,-0.005281,1.3576e-05,-0.00031677,-0.015847,-0.019382,-0.013825,-0.02731,-0.017721,-0.04232,-0.023133,-0.049556
0.6069,-0.011313,0.0004118,0.00039822,-0.004394,-0.012187,-0.0014164,-0.0013259,-0.00063806,0.0031089,-0.008055,-0.011205,-0.022477,-0.0060865,-0.024215,-0.020816,-0.043868,-0.020038,-0.057294
0.607,-0.0051226,0.00815,-0.0011494,0.0033442,-0.015282,0.00013123,-0.0044212,-0.0068286,-0.0092723,-0.01115,-0.012752,-0.022477,-0.010729,-0.024215,-0.033197,-0.037677,-0.027776,-0.06039
0.6071,0.0041632,0.0004118,-0.0026971,0.01263,-0.005996,-0.0029641,0.00022174,-0.005281,-0.0015341,-0.0018644,-0.02049,-0.016286,-0.013825,-0.018024,-0.020816,-0.040773,-0.016943,-0.058842
0.6072,-0.00047968,-0.013517,0.00039822,-0.004394,-0.0044483,-0.0091546,-0.0044212,-0.0037333,1.3576e-05,-0.008055,-0.0096569,-0.017834,-0.0076341,-0.013381,-0.025459,-0.037677,-0.016943,-0.055747
0.6073,-0.00047968,-0.0088741,0.0019459,-0.0012988,-0.0029007,-0.01225,-0.0090641,-0.011472,-0.0015341,-0.012698,-0.0065616,-0.014739,-0.0029912,-0.011834,-0.030102,-0.037677,-0.023133,-0.046461
0.6074,-0.0066702,0.0066024,0.0019459,0.0017965,-0.012187,-0.0029641,0.00022174,-0.0068286,-0.0046294,-0.012698,-0.0081093,-0.022477,-0.0029912,-0.013381,-0.020816,-0.046963,-0.026228,-0.044913
0.6075,-0.0020273,0.0019594,-0.0011494,0.0017965,0.00019459,-0.0014164,-0.0090641,-0.0068286,1.3576e-05,-0.01115,-0.0081093,-0.022477,-0.0045388,-0.016477,-0.016173,-0.045416,-0.013847,-0.04027
0.6076,0.001068,0.0004118,-0.0042447,0.0017965,0.0017422,0.0016789,0.00022174,-0.016114,0.0015612,-0.0049597,-0.0081093,-0.019382,-0.0045388,-0.011834,-0.013078,-0.043868,-0.0123,-0.041818
0.6077,-0.003575,0.0035071,-0.0026971,-0.0012988,-0.005996,0.00013123,-0.0013259,-0.0068286,1.3576e-05,-0.0065073,-0.0065616,-0.013191,-0.010729,-0.021119,-0.0084351,-0.043868,-0.016943,-0.038723
0.6078,-0.0020273,-0.0026835,-0.0088876,0.0033442,0.0017422,0.0047742,-0.0013259,-0.0068286,0.0015612,-0.01115,-0.012752,-0.022477,-0.0076341,-0.011834,-0.016173,-0.039225,-0.016943,-0.04027
0.6079,-0.00047968,-0.0088741,-0.0011494,0.00024889,-0.005996,0.00013123,-0.0044212,-0.0021857,-0.0046294,-0.0065073,-0.012752,-0.016286,-0.0091818,-0.011834,-0.023912,-0.03613,-0.016943,-0.035627
0.608,-0.0082179,0.0004118,0.0034935,0.00024889,-0.0029007,-0.0029641,-0.0028735,-0.0083763,-0.0077246,-0.0096026,-0.0065616,-0.016286,-0.0076341,-0.010286,-0.020816,-0.033034,-0.0061091,-0.04027
0.6081,-0.0020273,-0.0011358,-0.0026971,0.0017965,-0.0013531,0.00013123,-0.0013259,-0.0099239,1.3576e-05,-0.012698,-0.005014,-0.011644,-0.0076341,-0.016477,-0.014626,-0.028392,-0.0061091,-0.032532
0.6082,-0.0051226,-0.0042311,0.0019459,0.00024889,-0.0029007,-0.016893,-0.0044212,-0.0083763,-0.0030817,-0.0065073,-0.012752,-0.017834,-0.0060865,-0.021119,-0.019269,-0.03613,-0.016943,-0.03408
0.6083,0.001068,-0.0042311,0.0050412,0.0048918,-0.005996,0.00013123,-0.0028735,-0.0037333,-0.0092723,-0.0096026,-0.012752,-0.019382,-0.0091818,-0.016477,-0.013078,-0.037677,-0.013847,-0.043366
0.6084,-0.0051226,-0.011969,0.0034935,0.01263,0.0017422,0.0016789,0.0017694,-0.0068286,-0.01082,-0.0065073,-0.011205,-0.022477,-0.012277,-0.016477,-0.016173,-0.031487,-0.027776,-0.046461
0.6085,-0.0051226,-0.0026835,0.0034935,0.00024889,-0.0029007,-0.0029641,-0.0013259,-0.0037333,-0.0046294,-0.0096026,-0.0096569,-0.016286,-0.01692,-0.016477,-0.01153,-0.031487,-0.015395,-0.046461
0.6086,0.001068,-0.0042311,0.0050412,0.0017965,0.00019459,-0.0029641,0.00022174,-0.0037333,-0.006177,-0.020436,-0.0065616,-0.011644,-0.01692,-0.0087383,-0.019269,-0.028392,-0.01849,-0.04027
0.6087,-0.003575,-0.0026835,0.0019459,0.0017965,-0.0029007,0.0016789,0.00022174,-0.00063806,-0.006177,-0.0034121,-0.0034664,-0.011644,-0.0029912,-0.0071907,-0.016173,-0.03613,-0.016943,-0.035627
0.6088,-0.00047968,-0.0057788,-0.0011494,-0.0012988,-0.0013531,-0.0060593,0.0048647,-0.0037333,-0.0015341,-0.0049597,-0.0065616,-0.019382,-0.0014436,-0.010286,-0.014626,-0.039225,-0.015395,-0.035627
0.6089,-0.0020273,-0.0011358,-0.0042447,-0.0012988,-0.0075436,-0.0014164,-0.0090641,-0.005281,-0.0046294,-0.0049597,-0.0081093,-0.013191,-0.010729,-0.014929,-0.013078,-0.039225,-0.016943,-0.04027
0.609,0.001068,0.0019594,-0.0042447,-0.004394,0.0063852,-0.0060593,-0.0028735,-0.0037333,-0.0092723,0.0058738,-0.0034664,-0.0085482,-0.013825,-0.025762,-0.020816,-0.031487,-0.0123,-0.035627
0.6091,-0.0051226,0.0035071,-0.0011494,0.00024889,0.0048375,-0.0029641,-0.0013259,-0.005281,-0.006177,-0.00031677,-0.0034664,-0.022477,-0.013825,-0.013381,-0.014626,-0.026844,-0.013847,-0.035627
0.6092,-0.0066702,0.011245,-0.0088876,0.0017965,0.0032899,0.0032265,0.00022174,-0.0037333,-0.0030817,-0.0034121,-0.005014,-0.014739,-0.0076341,-0.0071907,-0.017721,-0.026844,-0.021586,-0.032532
0.6093,-0.0020273,-0.0011358,-0.0026971,-0.0012988,0.0017422,-0.0029641,0.0017694,-0.0021857,0.0046565,-0.0018644,-0.005014,-0.005453,-0.010729,-0.011834,-0.0068875,-0.028392,-0.020038,-0.038723
0.6094,0.001068,-0.0057788,0.00039822,-0.0012988,-0.0044483,-0.0014164,0.003317,0.00090958,1.3576e-05,-0.01115,-0.0081093,-0.016286,-0.013825,-0.010286,-0.01153,-0.03613,-0.020038,-0.037175
0.6095,0.0057109,-0.0088741,-0.0011494,0.0048918,-0.0044483,0.0016789,-0.0059688,-0.0037333,-0.006177,-0.0034121,-0.0034664,-0.0070006,-0.0076341,-0.010286,-0.020816,-0.031487,-0.016943,-0.038723
0.6096,0.0088062,-0.0026835,0.0050412,0.0033442,-0.0013531,-0.0014164,-0.0090641,-0.0068286,1.3576e-05,0.0012309,-0.0081093,-0.016286,-0.0029912,-0.0071907,-0.014626,-0.023749,-0.016943,-0.027889
0.6097,0.0026156,0.0004118,-0.0042447,0.0048918,0.0032899,-0.0014164,-0.0044212,-0.0083763,-0.0046294,-0.0065073,-0.011205,-0.020929,-0.0014436,-0.0071907,-0.014626,-0.026844,-0.015395,-0.035627
0.6098,0.001068,0.0004118,-0.0011494,-0.0059417,-0.0075436,-0.007607,-0.0090641,-0.0099239,-0.0046294,-0.0049597,-0.0143,-0.020929,-0.010729,-0.0071907,-0.017721,-0.028392,-0.015395,-0.03408
0.6099,0.001068,0.0019594,0.00039822,0.0017965,-0.010639,0.0016789,-0.0013259,-0.0083763,-0.0046294,-0.008055,-0.0143,-0.011644,-0.0029912,-0.010286,-0.019269,-0.033034,-0.023133,-0.032532
0.61,-0.0020273,-0.0011358,-0.011983,0.0033442,-0.0029007,-0.0060593,0.003317,-0.0037333,0.0031089,-0.0065073,-0.0096569,-0.011644,-0.0060865,-0.011834,-0.023912,-0.025296,-0.023133,-0.03408
0.6101,-0.0020273,-0.0073264,-0.00734,0.0033442,-0.0044483,-0.010702,0.0017694,-0.016114,1.3576e-05,-0.0049597,-0.0019187,-0.017834,-0.010729,-0.005643,-0.022364,-0.017558,-0.013847,-0.030985
0.6102,-0.003575,0.0019594,-0.0057923,0.00024889,-0.0013531,0.00013123,0.0017694,-0.0021857,-0.0046294,-0.0065073,-0.005014,-0.017834,-0.0060865,-0.010286,-0.020816,-0.019106,-0.015395,-0.03408
0.6103,-0.0051226,0.015888,-0.0042447,0.0048918,-0.0013531,-0.0014164,-0.0028735,0.00090958,-0.01082,-0.0034121,-0.0065616,-0.010096,-0.0014436,-0.005643,-0.022364,-0.025296,-0.013847,-0.038723
0.6104,0.001068,0.0066024,-0.0026971,0.0017965,0.0063852,0.00013123,-0.0028735,0.00090958,-0.006177,-0.0018644,-0.0081093,-0.011644,-0.013825,-0.011834,-0.019269,-0.031487,-0.0123,-0.041818
0.6105,-0.00047968,0.0004118,-0.0011494,0.0033442,-0.0029007,0.0016789,-0.010612,0.00090958,0.0046565,-0.0034121,-0.005014,-0.0085482,-0.012277,-0.010286,-0.020816,-0.028392,-0.015395,-0.035627
0.6106,0.0026156,0.0035071,-0.0011494,0.0033442,-0.0029007,-0.007607,-0.0044212,-0.0021857,0.0046565,-0.0065073,-0.005014,-0.010096,-0.010729,-0.018024,-0.013078,-0.026844,-0.015395,-0.035627
0.6107,0.001068,0.0035071,-0.0057923,-0.004394,-0.0013531,-0.0060593,0.0017694,-0.00063806,-0.0030817,-0.0018644,-0.005014,-0.010096,-0.0045388,-0.011834,-0.022364,-0.031487,-0.020038,-0.038723
0.6108,-0.0051226,-0.0011358,0.0019459,-0.0059417,0.0017422,-0.010702,-0.0059688,0.00090958,-0.0030817,0.0012309,-0.005014,-0.017834,-0.0045388,-0.010286,-0.020816,-0.028392,-0.023133,-0.043366
0.6109,-0.0051226,-0.0057788,-0.0042447,0.0017965,-0.0013531,-0.0014164,-0.0075165,-0.0021857,-0.0030817,0.0027785,-0.005014,-0.017834,-0.012277,-0.005643,-0.014626,-0.019106,-0.021586,-0.027889
0.611,-0.003575,-0.0042311,-0.0011494,-0.004394,0.00019459,-0.0029641,-0.0028735,-0.0021857,-0.0030817,-0.0018644,0.0027242,-0.010096,-0.0091818,-0.0087383,-0.025459,-0.01601,-0.013847,-0.027889
0.6111,-0.0051226,0.0004118,-0.0026971,-0.0012988,0.0017422,0.00013123,-0.0075165,-0.00063806,-0.0030817,-0.0065073,0.0042719,-0.014739,-0.015372,-0.010286,-0.016173,-0.025296,-0.010752,-0.043366
0.6112,-0.00047968,-0.0057788,0.0050412,-0.004394,0.0017422,-0.0029641,-0.0059688,0.0040049,-0.0015341,-0.0049597,-0.00037107,-0.016286,-0.012277,-0.005643,-0.01153,-0.03613,-0.013847,-0.043366
0.6113,-0.0066702,0.0035071,-0.0057923,-0.0028464,-0.005996,-0.0029641,0.0048647,0.00090958,-0.0030817,-0.0018644,-0.0019187,-0.010096,-0.010729,-0.014929,-0.014626,-0.034582,-0.013847,-0.035627
0.6114,-0.003575,-0.0011358,-0.0011494,0.00024889,-0.0075436,0.00013123,-0.0090641,-0.0068286,-0.0077246,-0.01115,0.0011766,-0.011644,-0.0060865,-0.016477,-0.020816,-0.031487,-0.013847,-0.032532
0.6115,-0.0020273,0.0004118,-0.0042447,0.0017965,-0.0044483,0.00013123,-0.0059688,-0.0037333,-0.006177,-0.015793,-0.011205,-0.014739,-0.0045388,-0.0071907,-0.020816,-0.025296,-0.015395,-0.035627
0.6116,0.001068,0.0019594,-0.0011494,0.0048918,0.00019459,0.00013123,0.00022174,0.00090958,1.3576e-05,-0.01115,-0.0065616,-0.005453,-0.0091818,-0.005643,-0.016173,-0.017558,-0.0076568,-0.027889
0.6117,-0.0097655,0.0004118,-0.0042447,0.0033442,-0.0044483,-0.0060593,0.00022174,-0.0037333,0.0031089,-0.0049597,-0.0034664,-0.0085482,-0.0091818,-0.014929,-0.014626,-0.0098198,-0.0123,-0.035627
0.6118,-0.0020273,-0.0026835,-0.0026971,0.00024889,0.0017422,0.0032265,-0.0028735,-0.0021857,0.0046565,-0.0065073,-0.005014,-0.0070006,-0.0045388,-0.010286,-0.01153,-0.011367,-0.0123,-0.030985
0.6119,-0.00047968,0.0019594,-0.00734,0.00024889,0.0017422,0.00013123,-0.0044212,0.0055525,-0.0046294,-0.00031677,-0.0034664,-0.019382,-0.0060865,-0.0040954,-0.016173,-0.0082722,-0.0092044,-0.030985
0.612,-0.003575,-0.0011358,-0.010435,-0.0028464,0.0017422,0.0047742,-0.010612,0.0055525,-0.006177,-0.0018644,-0.0081093,-0.028668,-0.0045388,-0.0010001,-0.025459,-0.011367,-0.015395,-0.023246
0.6121,-0.0051226,-0.0011358,-0.0026971,0.00024889,0.0017422,-0.0014164,0.00022174,0.0055525,0.0015612,-0.0049597,-0.0081093,-0.011644,-0.0076341,-0.0010001,-0.019269,-0.017558,-0.0092044,-0.035627
0.6122,0.001068,0.0004118,-0.0011494,0.0033442,-0.0029007,-0.0060593,0.0048647,-0.00063806,0.0062041,0.0012309,-0.0065616,-0.0039053,-0.010729,-0.0010001,-0.019269,-0.0067246,-0.0123,-0.030985
0.6123,0.001068,0.0035071,0.00039822,0.0033442,-0.0013531,0.00013123,0.00022174,-0.00063806,-0.0015341,0.0074214,-0.0081093,-0.019382,-0.015372,-0.014929,-0.016173,-0.0098198,-0.0123,-0.037175
0.6124,0.001068,0.00815,-0.0011494,0.0033442,-0.0090913,-0.0060593,-0.0013259,0.0055525,-0.0046294,-0.008055,-0.0019187,-0.019382,-0.015372,-0.013381,-0.016173,-0.0098198,-0.01849,-0.035627
0.6125,-0.00047968,0.0066024,0.00039822,0.0017965,-0.0044483,0.0016789,-0.0013259,0.0040049,0.0015612,0.0027785,-0.0081093,-0.019382,-0.0029912,-0.014929,-0.013078,-0.0082722,-0.0123,-0.03408
0.6126,0.0026156,-0.0011358,0.0019459,0.0079871,-0.0075436,-0.0029641,0.0017694,-0.0021857,0.0015612,0.0012309,-0.0034664,-0.011644,-0.0060865,-0.005643,-0.0099827,-0.011367,-0.0076568,-0.041818
0.6127,0.001068,0.0004118,0.0019459,0.0064395,-0.0013531,0.00013123,-0.0028735,-0.0021857,0.0031089,-0.00031677,-0.011205,-0.0085482,-0.0029912,-0.011834,-0.013078,-0.017558,-0.0123,-0.041818
0.6128,0.0041632,0.0066024,-0.0026971,0.00024889,0.00019459,-0.0045117,-0.0013259,-0.00063806,0.0015612,0.0012309,-0.0034664,-0.010096,-0.0045388,-0.019572,-0.0068875,-0.023749,-0.010752,-0.032532
0.6129,-0.003575,0.00815,-0.0026971,0.0048918,0.00019459,-0.0014164,0.0048647,-0.0037333,-0.0092723,-0.0049597,-0.0019187,-0.010096,-0.0060865,-0.014929,-0.019269,-0.011367,-0.010752,-0.032532
0.613,-0.0051226,0.00815,-0.0011494,0.0033442,-0.0029007,-0.0029641,-0.0075165,-0.0021857,-0.0092723,-0.00031677,-0.0019187,-0.0085482,-0.010729,-0.014929,-0.0068875,-0.012915,-0.015395,-0.030985
0.6131,-0.0020273,-0.0026835,0.0019459,0.0064395,-0.0044483,-0.0029641,-0.015255,-0.0037333,-0.0015341,-0.0065073,-0.0019187,-0.017834,-0.012277,-0.0071907,-0.0084351,-0.01601,-0.016943,-0.037175
0.6132,-0.0051226,-0.0011358,0.0065888,0.0064395,-0.0044483,-0.0029641,-0.010612,-0.005281,-0.0092723,0.0027785,-0.005014,-0.014739,-0.0029912,-0.005643,-0.0037922,-0.011367,-0.016943,-0.037175
0.6133,-0.0051226,-0.0011358,0.0081364,0.0017965,-0.010639,0.00013123,-0.0013259,-0.0021857,-0.006177,0.0027785,-0.0081093,-0.013191,0.0016517,-0.0010001,-0.0068875,-0.01601,-0.015395,-0.04027
0.6134,-0.0020273,-0.0026835,0.0050412,0.0048918,-0.0013531,0.0094171,-0.010612,-0.0021857,0.0031089,-0.0065073,-0.012752,-0.0039053,-0.0014436,0.00054756,-0.013078,-0.011367,-0.016943,-0.04027
0.6135,-0.0020273,-0.0011358,-0.0088876,0.0017965,0.00019459,0.0032265,-0.0028735,-0.0021857,-0.0015341,0.0012309,-0.0019187,-0.019382,-0.010729,-0.005643,-0.01153,-0.011367,-0.016943,-0.03408
0.6136,-0.0020273,-0.0011358,-0.00734,0.00024889,0.0017422,0.0032265,0.0017694,-0.011472,-0.0015341,-0.0049597,-0.0034664,-0.020929,-0.0060865,-0.010286,-0.0084351,-0.011367,-0.0123,-0.043366
0.6137,-0.0020273,0.0019594,0.00039822,0.0048918,0.0017422,0.0016789,-0.0013259,-0.005281,0.0015612,0.0012309,-0.0096569,-0.016286,-0.010729,-0.0087383,-0.0068875,-0.012915,-0.016943,-0.044913
0.6138,-0.0020273,-0.0073264,-0.0057923,0.0033442,-0.0013531,-0.0060593,-0.0044212,-0.005281,-0.0092723,0.0043262,-0.005014,-0.010096,-0.0060865,-0.011834,-0.01153,-0.0098198,-0.015395,-0.038723
0.6139,-0.003575,-0.0011358,-0.0042447,-0.004394,0.0048375,-0.0029641,-0.016802,-0.0021857,-0.0030817,-0.0049597,-0.005014,-0.011644,-0.015372,-0.011834,-0.014626,-0.017558,-0.0123,-0.038723
0.614,-0.014408,-0.0011358,-0.0042447,0.0079871,-0.005996,-0.0014164,-0.019898,-0.00063806,-0.0030817,-0.00031677,-0.0065616,-0.016286,-0.0076341,-0.0071907,-0.0053398,-0.011367,-0.0123,-0.030985
0.6141,-0.0082179,-0.0026835,-0.0026971,-0.0028464,-0.0029007,-0.0045117,-0.010612,-0.00063806,0.0062041,-0.0034121,-0.0081093,-0.016286,-0.0076341,-0.016477,-0.0037922,-0.0098198,-0.016943,-0.03408
0.6142,0.0026156,-0.0057788,-0.0057923,-0.0028464,-0.0044483,0.00013123,-0.010612,-0.00063806,0.0031089,-0.0034121,-0.005014,-0.016286,-0.0076341,-0.0071907,-0.013078,-0.0067246,-0.016943,-0.03408
0.6143,-0.0051226,-0.0042311,-0.010435,0.0033442,-0.0075436,-0.0014164,-0.013707,0.00090958,0.0031089,-0.00031677,-0.0019187,-0.0085482,-0.0060865,-0.005643,-0.016173,-0.0036293,-0.010752,-0.03408
0.6144,-0.0051226,-0.0026835,0.00039822,0.0033442,-0.0013531,-0.0029641,-0.015255,-0.0021857,-0.01701,-0.00031677,-0.0096569,-0.0070006,0.00010408,-0.0087383,-0.014626,-0.0082722,-0.0076568,-0.029437
0.6145,0.0041632,0.0035071,0.0050412,0.0033442,0.00019459,0.0032265,0.00022174,0.0024572,1.3576e-05,-0.0018644,-0.0034664,-0.014739,0.0031994,-0.010286,-0.022364,-0.014463,-0.0076568,-0.041818
0.6146,0.0057109,0.0004118,-0.0011494,0.0048918,0.0032899,-0.0029641,-0.0059688,-0.005281,0.0031089,-0.00031677,-0.0019187,-0.020929,-0.0060865,-0.0087383,-0.0099827,-0.017558,-0.0061091,-0.032532
0.6147,0.0041632,-0.0011358,-0.0026971,0.00024889,0.0048375,-0.0029641,-0.010612,-0.0037333,1.3576e-05,-0.0034121,0.0042719,-0.016286,-0.0076341,-0.014929,-0.014626,-0.0098198,-0.0076568,-0.029437
0.6148,0.0026156,0.0019594,-0.0042447,0.0017965,0.0079328,-0.010702,-0.010612,0.0040049,0.0031089,-0.0034121,-0.0065616,-0.011644,-0.0060865,-0.013381,-0.0084351,-0.011367,-0.010752,-0.035627
0.6149,-0.00047968,-0.0042311,0.00039822,0.0048918,-0.0029007,-0.0029641,-0.015255,0.0071001,0.0015612,-0.00031677,-0.011205,-0.016286,-0.010729,-0.0071907,-0.01153,-0.01601,-0.0092044,-0.038723
0.615,0.0057109,-0.0011358,-0.0042447,0.0017965,-0.0075436,-0.0014164,-0.015255,-0.00063806,-0.0015341,-0.0018644,-0.015847,-0.010096,-0.0014436,-0.005643,-0.014626,-0.0082722,-0.016943,-0.037175
0.6151,0.0026156,0.0019594,0.0050412,-0.0028464,-0.0013531,-0.0060593,-0.010612,0.0055525,1.3576e-05,-0.0065073,-0.0096569,-0.0070006,-0.0060865,-0.010286,-0.0084351,-0.011367,-0.020038,-0.04027
0.6152,-0.0051226,0.0004118,0.00039822,0.0017965,0.0032899,-0.010702,-0.0059688,-0.00063806,0.0046565,-0.00031677,-0.0065616,-0.014739,-0.0045388,-0.014929,-0.0037922,-0.0082722,-0.016943,-0.035627
0.6153,-0.0097655,-0.0011358,-0.0042447,0.0033442,0.0017422,-0.0029641,-0.0075165,0.0024572,0.0031089,-0.0049597,-0.0096569,-0.0070006,-0.0045388,-0.0025477,-0.0022445,-0.01601,-0.0092044,-0.037175
0.6154,-0.0066702,0.0004118,0.0034935,0.0017965,-0.0013531,0.0063218,-0.0044212,-0.0021857,-0.0030817,-0.0034121,-0.011205,-0.0023577,-0.010729,-0.0040954,-0.0068875,-0.01601,-0.0030138,-0.037175
0.6155,-0.0020273,0.0050547,-0.0057923,0.0017965,0.0017422,-0.007607,-0.0075165,-0.0037333,-0.0030817,-0.0018644,0.0011766,-0.005453,-0.012277,-0.013381,-0.01153,-0.01601,-0.0045615,-0.04027
0.6156,-0.0020273,-0.0057788,-0.0011494,0.0048918,-0.0075436,-0.0014164,-0.012159,-0.00063806,1.3576e-05,0.0012309,-0.0019187,-0.0070006,-0.0029912,-0.021119,-0.01153,-0.01601,-0.0123,-0.03408
0.6157,0.001068,-0.0011358,-0.0011494,-0.0012988,0.00019459,0.0032265,-0.010612,0.0024572,0.0031089,0.0043262,-0.00037107,-0.0085482,-0.0029912,-0.011834,-0.016173,-0.011367,-0.0014662,-0.04027
0.6158,-0.011313,0.0004118,-0.0042447,0.0095347,-0.0013531,0.00013123,-0.0090641,-0.005281,-0.0015341,-0.0065073,-0.0034664,-0.0070006,-0.010729,-0.010286,-0.0099827,-0.0051769,-0.0092044,-0.046461
0.6159,-0.0082179,0.0004118,-0.0042447,0.011082,-0.0013531,0.0032265,-0.010612,-0.0068286,-0.0030817,-0.0034121,-0.0081093,-0.010096,-0.0029912,-0.013381,-0.013078,-0.014463,-0.0061091,-0.041818
0.616,-0.0051226,0.0019594,-0.00734,0.0048918,-0.0013531,0.0047742,-0.012159,-0.00063806,-0.0030817,0.0012309,-0.0143,-0.0070006,-0.0076341,-0.0087383,-0.0068875,-0.0082722,-0.0092044,-0.043366
0.6161,-0.003575,0.0004118,0.00039822,0.00024889,0.00019459,-0.0014164,-0.010612,-0.00063806,-0.0077246,-0.01115,-0.0019187,-0.016286,-0.021563,-0.010286,-0.0099827,-0.0082722,-0.0076568,-0.038723
0.6162,0.001068,0.0004118,-0.0011494,0.0095347,0.00019459,-0.0014164,-0.010612,0.0024572,1.3576e-05,-0.0049597,-0.0019187,-0.014739,-0.012277,-0.010286,-0.0053398,-0.0098198,-0.013847,-0.024794
0.6163,-0.00047968,0.0004118,0.0034935,-0.0028464,0.00019459,-0.0045117,-0.0044212,0.0024572,0.0031089,-0.00031677,-0.0019187,-0.010096,-0.0029912,-0.0040954,-0.0053398,-0.0098198,-0.01849,-0.035627
0.6164,0.0026156,-0.0011358,-0.0011494,-0.0012988,-0.0013531,-0.0091546,-0.0059688,-0.00063806,-0.0030817,0.0043262,0.0027242,-0.005453,-0.0029912,-0.0040954,-0.0084351,-0.01601,-0.013847,-0.030985
0.6165,0.0057109,0.0035071,-0.0026971,-0.0059417,-0.0013531,-0.007607,-0.0059688,-0.00063806,-0.006177,-0.0018644,-0.00037107,-0.014739,-0.0029912,-0.0087383,-0.01153,-0.014463,-0.013847,-0.027889
0.6166,-0.003575,0.0035071,0.0034935,0.00024889,-0.0075436,-0.0014164,-0.0059688,-0.0021857,1.3576e-05,-0.0034121,-0.00037107,-0.010096,-0.0076341,-0.005643,-0.014626,-0.011367,-0.015395,-0.035627
0.6167,0.0026156,0.0050547,-0.0042447,0.00024889,-0.012187,-0.0045117,0.003317,0.0040049,-0.0046294,0.0012309,-0.00037107,-0.005453,-0.0060865,-0.011834,-0.0099827,-0.012915,-0.0123,-0.03408
0.6168,0.0026156,0.0019594,-0.00734,0.0048918,-0.0029007,-0.0014164,0.0048647,0.0024572,-0.006177,-0.0018644,0.0027242,0.0038329,-0.0014436,-0.0087383,-0.0037922,-0.012915,-0.010752,-0.027889
0.6169,-0.0020273,-0.0057788,-0.00734,0.0079871,0.00019459,-0.0045117,-0.0028735,0.00090958,-0.0046294,-0.0018644,-0.0019187,-0.0070006,-0.012277,-0.0071907,-0.01153,0.0010137,-0.010752,-0.030985
0.617,0.001068,0.0035071,-0.0011494,0.0048918,0.0032899,-0.0014164,-0.0059688,0.0024572,0.0031089,0.0012309,-0.0065616,-0.011644,-0.0045388,-0.0071907,-0.014626,-0.0020816,-0.0030138,-0.032532
0.6171,-0.0020273,0.0035071,-0.0011494,0.0017965,-0.0013531,0.0047742,0.003317,0.0040049,0.0031089,-0.0049597,0.0027242,-0.014739,-0.0060865,-0.005643,-0.019269,-0.0051769,8.1455e-05,-0.03408
0.6172,-0.00047968,-0.0026835,0.00039822,0.0048918,-0.0013531,-0.0045117,-0.0090641,0.00090958,-0.0030817,0.0043262,0.0011766,-0.014739,-0.010729,-0.011834,-0.013078,-0.01601,-0.010752,-0.027889
0.6173,-0.00047968,0.0019594,-0.0026971,0.0017965,-0.0044483,-0.0014164,-0.015255,0.0024572,-0.01082,0.0012309,-0.0019187,-0.0085482,-0.010729,-0.013381,-0.01153,-0.0082722,-0.010752,-0.027889
0.6174,-0.0066702,-0.0011358,-0.0042447,0.0095347,-0.005996,-0.0045117,-0.0044212,0.010195,-0.0030817,-0.0034121,-0.0096569,-0.0085482,-0.0029912,-0.010286,-0.01153,-0.0082722,-0.021586,-0.023246
0.6175,0.0057109,-0.0026835,-0.00734,0.0048918,-0.0029007,0.00013123,-0.0059688,0.00090958,1.3576e-05,-0.0018644,0.0011766,-0.0039053,-0.0029912,-0.0087383,-0.016173,-0.0036293,-0.024681,-0.020151
0.6176,0.0072585,-0.0042311,-0.0088876,0.0064395,-0.005996,-0.0029641,-0.0090641,-0.00063806,0.0031089,-0.008055,-0.00037107,-0.0070006,-0.0091818,-0.005643,-0.0053398,-0.0020816,-0.013847,-0.027889
0.6177,0.001068,0.0035071,-0.0026971,0.0064395,-0.0029007,0.0063218,-0.0090641,0.0024572,1.3576e-05,-0.0018644,0.0027242,-0.0070006,-0.0029912,-0.013381,-0.0068875,-0.0067246,-0.016943,-0.020151
0.6178,-0.00047968,0.0019594,0.0034935,0.0064395,-0.0013531,0.0063218,-0.0090641,0.0040049,-0.0030817,0.0012309,0.0011766,-0.005453,-0.0076341,-0.018024,-0.013078,-0.0098198,-0.0061091,-0.020151
0.6179,-0.0020273,-0.0057788,-0.0011494,0.0048918,0.00019459,-0.0014164,-0.0075165,0.00090958,1.3576e-05,-0.0018644,-0.0034664,-0.013191,-0.0029912,-0.014929,-0.0053398,-0.0098198,-0.0076568,-0.021699
0.618,-0.0020273,0.0035071,-0.0011494,0.0017965,-0.0075436,0.00013123,-0.0090641,0.00090958,-0.0030817,-0.008055,-0.0065616,-0.016286,-0.0060865,-0.018024,-0.0053398,-0.0082722,-0.0045615,-0.032532
0.6181,-0.0051226,0.0019594,-0.0057923,0.0079871,-0.0029007,0.0047742,-0.013707,-0.0068286,-0.0092723,0.0027785,-0.0034664,-0.005453,-0.0091818,-0.016477,-0.0053398,-0.0098198,-0.0030138,-0.024794
0.6182,-0.0020273,0.0019594,-0.0026971,0.0048918,0.0017422,-0.0045117,-0.013707,-0.00063806,-0.0046294,0.0043262,-0.005014,-0.0023577,-0.0014436,-0.0040954,-0.0084351,-0.017558,-0.010752,-0.03408
0.6183,0.0057109,-0.0026835,-0.0057923,0.0079871,0.00019459,-0.0014164,-0.012159,-0.0068286,0.0062041,0.0012309,-0.0019187,-0.0070006,-0.0076341,-0.0040954,-0.01153,-0.0051769,-0.0123,-0.023246
0.6184,-0.00047968,-0.0026835,-0.0042447,0.0079871,-0.005996,0.00013123,-0.0044212,-0.005281,0.0015612,-0.012698,-0.0065616,-0.0070006,-0.0029912,-0.011834,-0.0084351,-0.0067246,-0.013847,-0.027889
0.6185,-0.003575,0.0019594,-0.0026971,0.0048918,-0.0090913,0.0016789,0.00022174,-0.0068286,-0.0092723,0.0043262,-0.005014,-0.013191,-0.0029912,-0.0040954,-0.0099827,-0.0067246,-0.010752,-0.027889
0.6186,0.001068,-0.0011358,-0.0026971,0.0048918,-0.0044483,0.0094171,-0.013707,-0.0099239,-0.0030817,-0.00031677,-0.0034664,-0.010096,-0.0060865,-0.0025477,-0.0068875,-0.0020816,-0.010752,-0.024794
0.6187,-0.0020273,-0.0057788,-0.011983,0.0048918,0.0079328,-0.0060593,-0.013707,-0.005281,-0.0015341,-0.0049597,-0.005014,-0.0023577,-0.0076341,-0.0025477,-0.014626,0.0010137,-0.010752,-0.023246
0.6188,-0.0020273,-0.0042311,-0.015078,0.0095347,-0.0029007,0.0016789,-0.0090641,-0.0068286,0.0015612,-0.00031677,-0.0034664,-0.0023577,-0.01692,-0.0025477,-0.0084351,-0.0067246,-0.0092044,-0.020151
0.6189,0.0041632,-0.0088741,-0.011983,0.0079871,-0.0044483,0.00013123,-0.0090641,-0.00063806,0.0015612,-0.0065073,-0.0034664,-0.0039053,-0.0029912,-0.0071907,-0.0084351,-0.00053398,-0.0076568,-0.024794
0.619,-0.00047968,-0.0026835,-0.00734,0.0033442,-0.0029007,-0.0060593,0.00022174,-0.0037333,0.0015612,-0.012698,-0.0019187,-0.0070006,-0.0091818,-0.0087383,-0.01153,-0.0036293,-0.0076568,-0.027889
0.6191,-0.0082179,-0.0011358,-0.0026971,0.0064395,-0.0044483,0.00013123,0.003317,-0.0021857,1.3576e-05,-0.00031677,-0.0081093,-0.0070006,-0.0014436,-0.014929,-0.0099827,-0.0098198,-0.010752,-0.027889
0.6192,-0.017504,0.0019594,-0.0011494,0.0017965,-0.0044483,0.00013123,0.0017694,-0.0021857,1.3576e-05,-0.0018644,-0.005014,-0.00081002,-0.0076341,-0.010286,-0.014626,-0.0067246,-0.0061091,-0.030985
0.6193,-0.00047968,-0.0026835,-0.00734,-0.0012988,-0.0029007,0.0016789,0.0095076,-0.00063806,0.0015612,-0.0018644,0.0027242,-0.010096,-0.0014436,-0.0071907,-0.013078,-0.012915,-0.0061091,-0.027889
0.6194,0.0041632,-0.0042311,-0.0057923,0.00024889,0.0032899,0.0047742,0.0017694,0.0086478,-0.0030817,-0.008055,-0.0019187,-0.0070006,-0.010729,-0.010286,-0.0099827,-0.0067246,-0.0092044,-0.027889
0.6195,0.001068,0.0035071,-0.0042447,0.00024889,0.0017422,0.00013123,-0.0090641,0.0071001,0.0046565,-0.0096026,-0.0065616,-0.0070006,-0.0045388,-0.0071907,-0.0084351,-0.0098198,-0.0014662,-0.027889
0.6196,-0.00047968,0.0004118,0.00039822,0.00024889,0.0017422,-0.0045117,-0.0013259,0.0040049,-0.0015341,0.0027785,-0.0019187,-0.005453,-0.0045388,-0.0025477,-0.0084351,-0.01601,-0.0030138,-0.024794
0.6197,0.0026156,0.0019594,-0.0011494,0.0033442,-0.0029007,0.0032265,-0.0028735,0.0040049,-0.0046294,0.0058738,0.0011766,-0.014739,-0.0045388,-0.0071907,-0.00069689,-0.0098198,-0.0061091,-0.020151
0.6198,-0.00047968,0.0035071,-0.0042447,0.00024889,-0.0029007,0.00013123,-0.012159,0.0055525,0.0015612,-0.008055,0.0011766,-0.011644,-0.0091818,-0.011834,-0.00069689,-0.012915,-0.0061091,-0.024794
0.6199,-0.012861,0.0004118,-0.0042447,-0.0012988,0.00019459,-0.0045117,-0.0059688,0.0024572,0.0046565,0.0012309,-0.0034664,-0.005453,-0.0045388,-0.005643,-0.0037922,-0.0067246,-0.016943,-0.027889
0.62,-0.0082179,0.0066024,-0.0042447,0.0033442,-0.0029007,0.0078694,0.0017694,0.0024572,0.0077518,-0.0065073,0.0042719,-0.0070006,-0.0014436,-0.013381,-0.0084351,-0.0067246,-0.013847,-0.032532
0.6201,-0.003575,0.0019594,-0.0026971,0.0017965,0.00019459,-0.0014164,-0.0028735,0.0040049,0.0046565,-0.0034121,0.0027242,-0.0070006,-0.0076341,-0.014929,-0.017721,-0.0082722,-0.0092044,-0.030985
0.6202,-0.003575,-0.0042311,0.0019459,0.0017965,0.0017422,-0.0014164,-0.0028735,0.010195,1.3576e-05,-0.0034121,0.0011766,-0.0070006,-0.0076341,-0.005643,-0.020816,-0.0036293,-0.0092044,-0.024794
0.6203,-0.003575,0.0050547,-0.0042447,0.0033442,0.00019459,0.00013123,-0.0075165,0.00090958,-0.0030817,-0.0034121,-0.00037107,0.00073762,-0.0076341,0.00054756,-0.0068875,-0.014463,-0.010752,-0.024794
0.6204,-0.0020273,0.0035071,-0.013531,0.0033442,-0.0013531,0.0032265,0.00022174,0.00090958,0.0015612,0.0012309,-0.00037107,-0.014739,-0.0076341,-0.0040954,-0.0099827,-0.012915,0.0016291,-0.032532
0.6205,-0.00047968,-0.0057788,-0.011983,-0.0012988,-0.005996,0.0016789,-0.0044212,0.0024572,1.3576e-05,-0.0034121,-0.005014,-0.019382,-0.0029912,-0.0071907,-0.0068875,-0.0098198,-0.0045615,-0.023246
0.6206,-0.0051226,-0.0011358,0.00039822,0.00024889,-0.0013531,0.0016789,-0.0044212,-0.00063806,0.0062041,-0.008055,-0.0065616,-0.011644,0.00010408,-0.011834,-0.0099827,-0.0051769,-0.010752,-0.03408
0.6207,-0.003575,-0.0042311,0.0019459,0.0017965,-0.005996,-0.0045117,-0.0075165,-0.0021857,-0.0015341,-0.0049597,-0.0096569,-0.016286,-0.0014436,-0.0010001,-0.0084351,-0.0036293,-0.010752,-0.037175
0.6208,0.0041632,0.0035071,-0.0057923,0.0095347,0.0017422,-0.0060593,-0.0090641,-0.0068286,1.3576e-05,-0.0049597,-0.005014,-0.019382,0.0062947,-0.0025477,-0.0053398,-0.0067246,-0.0061091,-0.029437
0.6209,-0.0066702,0.0050547,0.0019459,0.0033442,0.0094804,0.00013123,-0.0059688,-0.0083763,1.3576e-05,-0.0065073,-0.005014,-0.010096,-0.010729,-0.0040954,-0.0068875,-0.0067246,-0.0061091,-0.032532
0.621,-0.015956,0.0050547,-0.0042447,-0.004394,0.0032899,0.0047742,-0.0028735,-0.00063806,0.0062041,-0.00031677,0.0011766,-0.010096,-0.010729,-0.0040954,-0.0084351,-0.0067246,-0.0045615,-0.020151
0.6211,-0.0051226,0.0004118,-0.0057923,-0.0028464,0.0017422,0.00013123,0.0017694,-0.0037333,0.0031089,-0.0018644,-0.0034664,-0.011644,-0.0060865,-0.0040954,-0.0037922,-0.0082722,-0.0092044,-0.021699
0.6212,-0.0082179,-0.0026835,0.0050412,0.00024889,-0.0029007,-0.0014164,-0.0028735,0.00090958,-0.0077246,-0.0065073,-0.0019187,-0.0085482,-0.0076341,-0.005643,-0.0068875,-0.0051769,-0.0030138,-0.024794
0.6213,-0.0082179,-0.010422,-0.0057923,0.0079871,0.0017422,-0.0014164,-0.0013259,0.0040049,-0.0092723,-0.00031677,0.0058195,-0.010096,-0.0029912,-0.0040954,-0.014626,-0.0036293,-0.010752,-0.027889
0.6214,-0.00047968,0.0035071,-0.010435,0.011082,-0.0029007,-0.0014164,-0.0028735,0.0071001,-0.0046294,-0.0018644,-0.005014,-0.0070006,0.0031994,-0.0040954,-0.0053398,-0.0067246,-0.0092044,-0.024794
0.6215,-0.0051226,0.0035071,-0.0088876,0.0079871,-0.010639,-0.0014164,0.0017694,-0.0037333,-0.0015341,-0.0049597,-0.0081093,-0.0070006,0.0062947,-0.0040954,-0.0084351,-0.0082722,-0.0045615,-0.017056
0.6216,0.001068,0.0004118,-0.010435,0.0017965,0.0032899,-0.0091546,-0.0013259,0.00090958,-0.0046294,-0.012698,-0.0019187,-0.014739,-0.0060865,0.00054756,-0.0099827,-0.011367,-0.016943,-0.021699
0.6217,0.0041632,0.0004118,-0.0088876,-0.0028464,0.0017422,0.0047742,0.0017694,0.0024572,-0.0030817,-0.008055,-0.00037107,-0.00081002,-0.0029912,-0.0087383,-0.014626,-0.01601,-0.0076568,-0.024794
0.6218,0.0041632,-0.0088741,-0.00734,-0.0012988,-0.0029007,0.0016789,-0.0028735,-0.0021857,0.0046565,-0.012698,0.01201,-0.005453,0.00010408,-0.0087383,-0.017721,-0.011367,-0.0014662,-0.027889
0.6219,0.0072585,-0.0042311,-0.0026971,0.0017965,-0.0013531,-0.0014164,-0.0013259,-0.0037333,0.0031089,-0.0018644,-0.0034664,-0.0085482,-0.0076341,-0.005643,-0.0037922,-0.01601,-0.0092044,-0.024794
0.622,-0.00047968,-0.0042311,-0.0042447,0.0017965,0.00019459,0.0016789,-0.0028735,0.0024572,0.0077518,0.0027785,-0.0034664,-0.0070006,-0.0076341,-0.0040954,-0.0053398,-0.011367,-0.0092044,-0.021699
0.6221,-0.014408,-0.0011358,-0.0026971,0.0033442,-0.0029007,-0.007607,-0.0044212,0.0055525,0.0046565,-0.0096026,-0.00037107,-0.016286,-0.0060865,-0.005643,-0.013078,-0.011367,-0.0061091,-0.018603
0.6222,-0.0051226,0.0019594,0.00039822,0.0048918,-0.0013531,-0.0029641,0.00022174,-0.0021857,0.0015612,-0.008055,0.0042719,-0.016286,-0.0014436,-0.0087383,-0.0053398,-0.014463,-0.0123,-0.017056
0.6223,0.0041632,-0.0011358,-0.0057923,0.0064395,-0.005996,0.0016789,-0.0028735,0.0040049,0.0015612,-0.0096026,-0.0019187,-0.011644,-0.0045388,-0.0010001,-0.0022445,-0.011367,-0.010752,-0.01396
0.6224,-0.00047968,-0.0011358,-0.0057923,0.0064395,-0.0075436,0.0016789,-0.010612,0.0055525,-0.0046294,-0.0049597,0.0027242,-0.0085482,-0.0045388,0.0051905,-0.0037922,-0.0051769,-0.0045615,-0.010865
0.6225,-0.003575,0.0035071,-0.0026971,0.0095347,-0.0090913,0.017155,0.0048647,0.0024572,0.0031089,-0.0034121,-0.0034664,-0.0085482,-0.0014436,0.0020952,-0.0053398,-0.0082722,-0.010752,-0.010865
0.6226,-0.00047968,0.0019594,-0.0011494,0.014178,-0.0075436,0.0047742,0.0048647,-0.0037333,0.0031089,0.0027785,-0.00037107,-0.010096,-0.0029912,-0.0025477,-0.01153,-0.011367,-0.016943,-0.012413
0.6227,-0.00047968,0.0035071,-0.0088876,0.0017965,-0.0013531,-0.0091546,0.0017694,-0.0021857,0.0015612,-0.0018644,-0.0034664,-0.005453,-0.0014436,-0.0010001,-0.0084351,-0.0067246,-0.0076568,-0.0015793
0.6228,0.0026156,0.0004118,-0.0042447,-0.0012988,-0.0029007,0.0032265,0.00022174,0.0055525,1.3576e-05,0.0027785,-0.0081093,-0.011644,-0.0060865,-0.0040954,-0.0068875,-0.012915,-0.010752,-0.0015793
0.6229,-0.00047968,0.0035071,0.0019459,-0.0028464,0.0017422,0.0016789,-0.0028735,0.0055525,0.0031089,-0.01115,-0.005014,-0.010096,-0.0076341,-0.0025477,-0.0084351,-0.011367,-0.0014662,-0.0077699
0.623,-0.0020273,-0.0011358,-0.00734,0.0064395,-0.0029007,-0.0029641,0.00022174,0.0024572,-0.0030817,-0.00031677,-0.00037107,-0.010096,-0.0045388,-0.005643,-0.0084351,-0.011367,8.1455e-05,-0.0093175
0.6231,-0.0051226,0.0019594,-0.0042447,0.0079871,-0.005996,-0.0060593,0.0017694,-0.0021857,-0.0015341,-0.0018644,-0.0034664,-0.010096,-0.0045388,-0.0040954,-0.0053398,-0.011367,-0.0030138,-0.015508
0.6232,-0.00047968,-0.0011358,-0.0088876,0.0017965,-0.0029007,-0.0014164,-0.0013259,-0.0037333,-0.0030817,-0.0018644,-0.0019187,-0.0085482,-0.0014436,-0.005643,-0.0068875,-0.0051769,-0.0045615,-0.0093175
0.6233,-0.003575,-0.0011358,0.00039822,0.0064395,0.0017422,-0.0014164,0.00022174,0.0055525,0.0031089,-0.0049597,0.0011766,-0.010096,-0.0060865,-0.0071907,-0.0084351,-0.01601,-0.0076568,-0.0093175
0.6234,-0.003575,0.0019594,-0.010435,0.0033442,0.0032899,-0.0029641,0.003317,0.0024572,-0.0030817,-0.00031677,-0.0034664,-0.005453,-0.0060865,-0.010286,-0.0099827,-0.012915,-0.0092044,-0.010865
0.6235,-0.003575,-0.0011358,0.00039822,-0.0012988,-0.0029007,-0.007607,0.0048647,-0.0068286,-0.0030817,-0.0018644,-0.012752,-0.0070006,0.00010408,-0.011834,-0.0068875,-0.0082722,-0.0030138,-0.0093175
0.6236,-0.0066702,-0.0057788,0.0034935,0.0033442,0.0017422,-0.0029641,0.0064123,0.00090958,-0.0077246,-0.0018644,-0.0143,-0.016286,0.00010408,-0.013381,-0.01153,-0.0067246,-0.0092044,-0.0046746
0.6237,0.0026156,0.0050547,-0.0042447,0.0048918,-0.0013531,0.0032265,0.0048647,-0.0021857,-0.0015341,0.0012309,-0.0019187,-0.0039053,-0.0029912,-0.0071907,-0.0068875,-0.0067246,-0.010752,-0.018603
0.6238,-0.0066702,0.0019594,-0.0042447,0.0017965,-0.0075436,0.0047742,0.00022174,0.0040049,-0.0030817,-0.012698,0.0011766,-0.0085482,-0.0029912,-0.0025477,-0.0053398,-0.017558,-0.0076568,-0.01396
0.6239,-0.003575,0.0004118,-0.0011494,0.011082,-0.005996,0.0094171,-0.0075165,0.010195,-0.006177,-0.0018644,0.0042719,-0.0023577,-0.0045388,-0.0087383,-0.0068875,-0.020653,-0.0061091,-0.0077699
0.624,-0.0020273,0.0035071,-0.0026971,0.0064395,0.0032899,-0.0014164,0.003317,0.0024572,-0.0015341,-0.0065073,0.0042719,-0.013191,-0.0060865,-0.0087383,-0.0053398,-0.012915,-0.010752,-0.01396
0.6241,0.0057109,0.0019594,-0.0026971,0.0064395,0.0048375,0.0063218,-0.0013259,-0.00063806,0.010847,-0.0049597,-0.0081093,-0.013191,-0.0045388,-0.0087383,-0.0099827,-0.0098198,-0.0030138,-0.020151
0.6242,0.010354,0.0004118,-0.0057923,0.0017965,-0.0029007,0.0078694,-0.0044212,-0.00063806,0.0015612,-0.008055,-0.0081093,-0.0085482,-0.0076341,-0.013381,-0.0022445,-0.0098198,-0.0030138,-0.01396
0.6243,-0.0066702,0.0019594,-0.00734,0.00024889,-0.0029007,-0.0014164,-0.0028735,0.0086478,-0.0015341,-0.008055,0.0027242,-0.0070006,-0.0029912,-0.005643,-0.0037922,-0.0098198,-0.0061091,-0.015508
0.6244,-0.0066702,0.0004118,-0.0042447,0.0079871,0.0032899,-0.0014164,0.003317,0.0040049,-0.006177,-0.0049597,0.0073671,-0.010096,0.0016517,-0.005643,-0.013078,-0.0067246,-0.010752,-0.01396
0.6245,-0.0020273,-0.0011358,-0.00734,0.0079871,0.0017422,-0.0014164,0.0017694,-0.00063806,-0.0015341,-0.0096026,0.0011766,-0.010096,-0.0029912,-0.0087383,-0.0068875,-0.011367,-0.0061091,-0.021699
0.6246,-0.0020273,0.0050547,-0.0042447,0.00024889,0.0032899,-0.0029641,0.00022174,0.0055525,0.0077518,-0.0096026,-0.0019187,-0.019382,-0.0045388,-0.010286,-0.0068875,-0.0020816,-0.0076568,-0.021699
0.6247,-0.0082179,0.0004118,-0.00734,0.0017965,0.0017422,-0.0014164,0.0017694,0.0024572,0.0046565,-0.0049597,-0.0034664,-0.014739,0.00010408,-0.0071907,-0.0099827,0.0025613,-0.0061091,-0.0077699
0.6248,-0.00047968,0.0035071,-0.0042447,0.0017965,-0.005996,-0.0091546,-0.0059688,0.0055525,1.3576e-05,-0.0049597,-0.0065616,-0.014739,0.0016517,-0.005643,-0.017721,-0.014463,-0.015395,-0.0077699
0.6249,-0.003575,0.0019594,-0.0042447,0.0017965,-0.013734,0.0078694,-0.0059688,0.0024572,-0.0030817,0.0027785,0.0042719,-0.011644,-0.0045388,0.00054756,-0.017721,-0.0020816,-0.0092044,-0.0062222
0.625,-0.0020273,0.0035071,-0.0057923,0.0095347,-0.0013531,0.0063218,-0.0028735,0.0024572,0.0015612,-0.0049597,-0.00037107,-0.0085482,0.0016517,-0.0025477,-0.013078,-0.0036293,-0.0030138,-0.0093175
0.6251,-0.011313,0.0004118,-0.00734,0.0033442,0.0063852,0.0016789,-0.0013259,0.0024572,0.0015612,-0.008055,-0.0034664,-0.0039053,-0.012277,-0.0071907,-0.0068875,-0.0067246,-0.0045615,-3.1677e-05
0.6252,-0.017504,0.0066024,0.00039822,0.0017965,-0.0013531,0.00013123,0.00796,0.0024572,0.0031089,-0.0049597,-0.0034664,-0.0070006,-0.010729,-0.011834,0.00085075,-0.0082722,-0.0123,-0.003127
0.6253,-0.0066702,0.0004118,0.00039822,0.00024889,-0.0029007,0.0078694,0.0048647,-0.00063806,0.0015612,0.0027785,-0.0065616,-0.011644,-0.0029912,-0.011834,-0.0068875,-0.0067246,-0.010752,-0.010865
0.6254,-0.003575,0.0004118,-0.0026971,-0.0028464,0.0017422,0.0016789,0.00022174,-0.0099239,0.0062041,0.0012309,-0.0019187,-0.014739,0.00010408,-0.005643,-0.0037922,-0.0051769,-0.0061091,-0.0093175
0.6255,-0.0097655,-0.0011358,-0.00734,0.0048918,0.00019459,-0.0014164,-0.0075165,0.0024572,-0.006177,0.0012309,-0.00037107,-0.0070006,0.00010408,-0.010286,-0.0022445,-0.00053398,-0.0092044,-0.0077699
0.6256,0.001068,-0.0011358,-0.0026971,0.0048918,-0.0029007,-0.0029641,-0.0028735,-0.0021857,0.0015612,0.0012309,0.0042719,-0.011644,0.0016517,-0.011834,-0.0068875,-0.0067246,-0.0061091,-0.0093175
0.6257,-0.00047968,0.0004118,-0.0026971,0.0017965,-0.0013531,0.0047742,-0.0059688,-0.00063806,1.3576e-05,-0.00031677,0.0011766,-0.0085482,-0.0091818,-0.010286,-0.0053398,-0.011367,0.0016291,-0.003127
0.6258,-0.0051226,-0.0026835,0.00039822,0.0064395,0.0048375,0.0063218,-0.0059688,-0.00063806,0.0031089,-0.0018644,-0.012752,-0.011644,-0.0060865,-0.014929,-0.00069689,-0.012915,-0.0092044,-0.0046746
0.6259,-0.0082179,0.0035071,-0.0026971,0.0079871,0.0017422,0.00013123,-0.0044212,0.0071001,0.0015612,-0.008055,-0.005014,-0.0070006,-0.0060865,-0.011834,-0.0099827,-0.014463,-0.0076568,-0.0046746
0.626,-0.003575,-0.0026835,0.0050412,0.0033442,-0.0075436,0.0016789,-0.0044212,0.00090958,0.0062041,-0.01115,-0.0096569,0.00073762,-0.0045388,-0.0071907,-0.014626,-0.0082722,-0.0061091,-0.012413
0.6261,-0.0082179,0.0050547,0.0034935,0.00024889,-0.0029007,0.0047742,-0.0044212,-0.0021857,0.0046565,-0.012698,-0.0065616,-0.010096,-0.0060865,-0.0040954,-0.0099827,-0.0051769,-0.0061091,-0.0093175
0.6262,-0.0097655,0.0035071,-0.0057923,0.0095347,-0.0044483,-0.0014164,-0.0059688,-0.005281,-0.0030817,0.0027785,0.01201,-0.0070006,0.0016517,-0.0025477,-0.0068875,-0.0082722,-0.0014662,-0.012413
0.6263,0.0088062,0.0035071,-0.011983,0.0079871,-0.0075436,0.0032265,-0.0013259,-0.0037333,-0.0015341,-0.0018644,-0.0034664,-0.005453,-0.0060865,-0.011834,-0.0068875,-0.0098198,-0.0061091,-0.012413
0.6264,-0.0020273,-0.0042311,0.0034935,0.0079871,-0.0013531,-0.0014164,0.00022174,-0.0037333,1.3576e-05,-0.00031677,-0.0019187,-0.011644,-0.0076341,-0.0071907,-0.0084351,-0.012915,-0.0061091,-0.012413
0.6265,-0.0020273,-0.0057788,0.0050412,0.00024889,0.0017422,0.0032265,0.0017694,0.00090958,0.0015612,-0.00031677,0.0011766,-0.014739,-0.0045388,-0.0010001,-0.0053398,-0.012915,-0.0092044,-0.0062222
0.6266,-0.003575,-0.010422,0.00039822,0.0017965,-0.0013531,0.0016789,0.00022174,-0.00063806,0.0046565,-0.0049597,-0.005014,-0.0085482,-0.0060865,-0.0040954,0.0023984,-0.012915,-0.0092044,-0.0046746
0.6267,0.001068,-0.0088741,-0.0011494,0.0048918,0.00019459,0.0032265,-0.0028735,-0.0037333,-0.006177,-0.0096026,-0.005014,-0.0070006,-0.0029912,-0.014929,-0.0022445,-0.0082722,-0.010752,-0.012413
0.6268,-0.0020273,0.0004118,-0.00734,0.0064395,0.00019459,-0.0014164,0.003317,0.0055525,-0.0046294,-0.0049597,-0.012752,0.00073762,0.00010408,-0.005643,-0.0099827,-0.0082722,-0.010752,-3.1677e-05
0.6269,0.001068,-0.0042311,0.0019459,0.0017965,-0.0029007,0.0016789,0.0017694,-0.0021857,0.0015612,-0.0065073,-0.0065616,-0.0085482,-0.0060865,-0.0071907,-0.0068875,-0.0036293,-0.015395,-0.0062222
0.627,-0.00047968,-0.0057788,-0.0011494,0.0048918,-0.0013531,-0.0014164,0.00022174,-0.0037333,0.0015612,-0.0065073,-0.0034664,-0.011644,0.0031994,-0.0010001,-0.00069689,-0.012915,-0.0092044,-0.0046746
0.6271,-0.003575,0.0035071,-0.0026971,-0.004394,-0.0029007,-0.0045117,0.0017694,0.0024572,0.0015612,0.0058738,-0.005014,-0.0085482,0.00010408,-0.005643,-0.0084351,-0.012915,-0.0092044,-0.003127
0.6272,-0.00047968,0.0004118,-0.0011494,0.0048918,-0.005996,-0.0014164,0.00022174,0.0040049,-0.0015341,0.01516,-0.0034664,-0.014739,-0.0014436,-0.005643,-0.013078,-0.014463,-0.0076568,-0.003127
0.6273,-0.00047968,0.0004118,-0.0057923,0.0017965,-0.0013531,0.0032265,0.003317,-0.0037333,0.0015612,0.0043262,-0.0034664,-0.0070006,-0.0060865,-0.010286,-0.0099827,-0.00053398,-0.0061091,-0.0046746
0.6274,0.001068,0.0004118,-0.0042447,-0.0074893,-0.0029007,0.0094171,0.0048647,-0.0021857,0.0031089,0.0012309,-0.005014,-0.017834,-0.0029912,-0.014929,-0.0037922,-0.0098198,-0.0045615,-0.0046746
0.6275,-0.0051226,-0.0011358,0.00039822,0.0017965,-0.0013531,0.0032265,0.0064123,-0.0068286,-0.0015341,0.0012309,-0.0034664,-0.016286,-0.0091818,-0.0071907,0.00085075,-0.012915,-0.0030138,-3.1677e-05
0.6276,-0.003575,0.0035071,0.00039822,0.011082,-0.0013531,0.0016789,0.003317,-0.0083763,-0.006177,-0.0034121,-0.00037107,-0.014739,-0.0060865,-0.005643,0.003946,-0.0082722,-0.0061091,-0.0015793
0.6277,-0.0051226,-0.0042311,-0.0057923,-0.0059417,-0.0013531,-0.0029641,0.00022174,-0.0037333,-0.0015341,-0.0049597,-0.0034664,-0.014739,-0.012277,-0.005643,-0.00069689,-0.0098198,-0.0030138,-0.0093175
0.6278,-0.0082179,-0.0026835,-0.00734,0.00024889,-0.0029007,0.0016789,-0.0090641,0.0024572,0.0015612,-0.008055,-0.005014,-0.005453,-0.0060865,-0.0087383,-0.0053398,-0.011367,-0.0030138,-0.0046746
0.6279,0.0026156,-0.0073264,-0.00734,0.0048918,0.00019459,-0.0045117,-0.0028735,-0.0037333,-0.0092723,-0.0049597,-0.0065616,-0.016286,0.004747,0.0020952,-0.0053398,-0.0051769,-0.0061091,-0.0062222
0.628,-0.0097655,0.0035071,-0.0057923,0.0033442,0.0048375,-0.0045117,0.00022174,-0.0021857,-0.0015341,-0.0034121,-0.005014,-0.00081002,-0.0091818,0.00054756,-0.0037922,-0.0098198,-0.0045615,-0.0062222
0.6281,-0.003575,0.0035071,-0.0026971,0.00024889,0.0048375,0.00013123,0.00022174,-0.005281,0.0015612,-0.0018644,-0.0034664,-0.014739,-0.012277,-0.005643,-0.0084351,-0.0098198,-0.0014662,-0.010865
0.6282,-0.00047968,-0.0073264,0.0019459,0.0079871,0.0032899,0.0016789,-0.0013259,0.00090958,-0.0046294,-0.0018644,-0.0065616,-0.0023577,-0.01692,-0.010286,-0.0037922,-0.0098198,-0.0092044,-0.0015793
0.6283,-0.00047968,0.0035071,-0.0042447,0.0017965,-0.0013531,0.00013123,0.0017694,-0.00063806,-0.006177,0.0012309,-0.0065616,-0.0023577,-0.0060865,-0.011834,0.003946,-0.0036293,-0.0014662,0.001516
0.6284,-0.0082179,0.0035071,-0.0042447,-0.0028464,-0.0013531,0.0063218,0.0064123,-0.0037333,0.0031089,-0.0034121,-0.00037107,-0.005453,-0.0014436,-0.0025477,-0.0068875,-0.0020816,-0.0092044,-0.0062222
0.6285,-0.0066702,0.0019594,-0.0057923,0.00024889,-0.0090913,0.0094171,0.00796,0.00090958,0.0062041,-0.0018644,-0.005014,-0.0070006,0.0016517,-0.0040954,-0.0037922,-0.0020816,-0.0061091,-0.0093175
0.6286,0.0041632,0.0004118,-0.0057923,0.0017965,-0.0029007,0.0078694,0.0017694,0.0040049,0.0031089,-0.0096026,-0.0065616,-0.016286,-0.0076341,-0.010286,-0.0053398,-0.0082722,-0.010752,-0.015508
0.6287,-0.0020273,0.0019594,0.00039822,0.0033442,-0.0029007,0.0032265,-0.0013259,0.00090958,1.3576e-05,-0.00031677,0.0027242,-0.017834,-0.0045388,0.0020952,-0.0022445,-0.0098198,-0.0061091,-0.0093175
0.6288,-0.003575,0.0019594,-0.0057923,0.014178,-0.0090913,-0.0029641,-0.0028735,-0.0037333,0.0015612,0.0043262,0.0011766,-0.011644,-0.0045388,-0.013381,-0.0053398,-0.0036293,8.1455e-05,-0.0062222
0.6289,-0.003575,-0.0042311,-0.0057923,0.0033442,-0.0029007,-0.0060593,0.00022174,0.00090958,-0.0015341,-0.0018644,-0.00037107,-0.011644,-0.0029912,-0.010286,-0.0099827,-0.00053398,0.0016291,0.0030636
0.629,-0.003575,-0.0042311,-0.00734,0.0033442,-0.0044483,-0.0060593,0.0064123,-0.005281,1.3576e-05,-0.0018644,0.0027242,-0.0070006,-0.0014436,-0.0010001,-0.01153,-0.0082722,-0.0123,-0.0077699
0.6291,-0.003575,0.0004118,-0.0026971,0.0048918,-0.0044483,-0.0045117,-0.0028735,-0.0021857,-0.0030817,-0.008055,-0.0034664,0.00073762,-0.0045388,-0.0087383,-0.0037922,-0.0051769,-0.0092044,-0.0077699
0.6292,0.0057109,-0.0011358,-0.0042447,0.0048918,0.0017422,0.0063218,-0.0059688,0.00090958,-0.0046294,-0.0065073,-0.0081093,-0.0070006,-0.010729,-0.0071907,-0.0053398,-0.0067246,-0.0045615,-0.0077699
0.6293,0.001068,0.0035071,-0.0026971,0.0017965,-0.0075436,0.0016789,0.0017694,-0.0037333,1.3576e-05,-0.008055,0.0027242,-0.0085482,0.0031994,-0.0025477,-0.0022445,-0.0082722,-0.010752,-0.0093175
0.6294,-0.0051226,-0.0026835,-0.0026971,0.00024889,-0.0044483,0.0032265,0.0095076,-0.0099239,0.0015612,-0.0018644,-0.0019187,-0.010096,-0.0076341,-0.0025477,0.003946,-0.0082722,-0.0014662,-0.0062222
0.6295,-0.0097655,0.0004118,0.00039822,0.0064395,-0.0029007,0.0016789,0.00022174,-0.00063806,1.3576e-05,-0.008055,0.0011766,-0.016286,-0.0060865,-0.013381,-0.0037922,-0.0036293,-0.0092044,-0.0077699
0.6296,-0.0066702,-0.0011358,-0.013531,0.0079871,-0.005996,0.0032265,-0.0028735,-0.005281,-0.0077246,-0.00031677,-0.00037107,-0.014739,-0.0045388,-0.005643,-0.013078,-0.0098198,-0.0092044,-0.0077699
0.6297,-0.0082179,-0.0057788,-0.00734,0.0064395,-0.005996,0.0047742,-0.0059688,-0.011472,-0.006177,-0.0018644,-0.0065616,-0.0070006,0.00010408,-0.0010001,-0.0053398,-0.0036293,-0.013847,-0.0046746
0.6298,-0.014408,-0.0026835,-0.0011494,0.0033442,-0.0029007,0.00013123,-0.0059688,-0.0021857,0.0015612,-0.0034121,-0.005014,-0.011644,-0.012277,-0.005643,0.0023984,-0.0051769,-0.010752,-0.003127
0.6299,-0.0051226,-0.0026835,0.0065888,0.0064395,-0.010639,-0.0014164,0.00022174,-0.005281,-0.0077246,-0.0065073,-0.0081093,-0.0023577,-0.010729,-0.005643,-0.0053398,-0.014463,-0.0045615,-0.0015793
0.63,-0.0051226,0.0050547,-0.0026971,0.0017965,-0.0044483,0.0016789,-0.0028735,0.00090958,-0.0015341,0.0012309,-0.0065616,-0.011644,0.00010408,-0.0040954,0.00085075,-0.0082722,-0.0061091,-0.0077699
0.6301,-0.0020273,0.0035071,-0.00734,0.0033442,-0.0044483,0.0063218,0.00022174,0.0024572,-0.0015341,-0.0034121,-0.005014,-0.005453,-0.0029912,-0.0071907,0.003946,0.0025613,-0.0045615,-0.010865
0.6302,-0.003575,0.0035071,-0.0026971,-0.0074893,-0.0075436,0.0016789,0.00022174,-0.0021857,-0.0046294,-0.0034121,0.0011766,-0.0085482,-0.0029912,0.00054756,-0.0053398,-0.0098198,-0.0030138,-0.0093175
0.6303,-0.0097655,-0.0088741,-0.00734,-0.0012988,0.00019459,0.00013123,-0.0090641,-0.00063806,0.0015612,-0.0034121,0.0073671,-0.0085482,-0.0076341,0.00054756,-0.0084351,-0.0051769,-0.0014662,-0.012413
0.6304,-0.003575,0.0019594,-0.0042447,-0.0028464,-0.0029007,0.00013123,-0.0044212,-0.005281,0.0031089,-0.0034121,-0.0096569,-0.0085482,-0.010729,-0.0010001,-0.0084351,-0.0098198,-0.0076568,-0.010865
0.6305,0.0057109,0.0004118,-0.0042447,0.0017965,-0.005996,0.00013123,0.00022174,0.0024572,0.0046565,-0.0049597,-0.005014,-0.0085482,-0.0029912,-0.010286,-0.0053398,-0.014463,-0.0045615,-0.010865
0.6306,0.0088062,-0.0057788,-0.0042447,0.0033442,-0.005996,0.0016789,-0.0059688,0.0024572,-0.0015341,0.0012309,-0.011205,0.00073762,-0.0014436,-0.0087383,0.0023984,-0.0082722,8.1455e-05,-0.01396
0.6307,0.0026156,-0.0073264,-0.0026971,0.0048918,-0.0044483,-0.0014164,-0.0013259,-0.00063806,-0.0030817,0.0074214,-0.0143,-0.0023577,0.0016517,-0.0040954,-0.0037922,-0.0051769,-0.0014662,-0.010865
0.6308,-0.003575,-0.0088741,0.0034935,0.0017965,-0.012187,-0.0029641,-0.0090641,0.00090958,0.0015612,-0.00031677,-0.0081093,-0.005453,-0.0060865,-0.0025477,-0.0053398,-0.00053398,-0.0045615,-0.0093175
0.6309,-0.0051226,0.00815,-0.0026971,0.0017965,-0.010639,0.00013123,-0.0013259,-0.0037333,0.0062041,-0.0034121,-0.0065616,-0.0039053,-0.013825,-0.005643,-0.0068875,0.0010137,-0.0045615,-0.0077699
0.631,-0.003575,-0.0011358,-0.0057923,0.0048918,0.0017422,0.0063218,0.0048647,-0.014567,-0.0015341,0.0074214,-0.0019187,-0.0039053,-0.010729,-0.0010001,-0.0037922,0.0041089,-0.0014662,-0.0015793
0.6311,-0.003575,0.0004118,-0.0042447,0.0048918,0.0063852,0.0063218,0.0017694,-0.0083763,-0.0030817,-0.0018644,-0.0065616,0.00073762,0.0031994,-0.0040954,0.00085075,-0.0082722,-0.0092044,-3.1677e-05
0.6312,-0.0020273,-0.0011358,-0.0026971,0.0064395,-0.005996,-0.0029641,0.00022174,-0.0099239,0.0015612,0.0012309,-0.0096569,-0.0070006,-0.0076341,-0.010286,0.00085075,-0.0020816,-0.013847,-0.0015793
0.6313,-0.0066702,0.0019594,-0.0011494,0.0017965,0.0048375,-0.0014164,0.00022174,-0.00063806,-0.0015341,-0.00031677,-0.0034664,-0.010096,-0.012277,-0.0010001,-0.0053398,-0.0020816,-0.0092044,-0.0093175
0.6314,-0.003575,-0.0026835,-0.0011494,-0.0028464,0.00019459,-0.0045117,-0.0013259,0.0024572,-0.0030817,-0.008055,0.0058195,-0.005453,-0.0076341,-0.0087383,-0.0084351,-0.0051769,-0.0061091,-0.0077699
0.6315,-0.0082179,-0.0042311,-0.0011494,-0.0012988,-0.0013531,0.0016789,0.0017694,-0.00063806,-0.0030817,-0.0034121,0.0058195,0.0022853,-0.0029912,-0.0087383,0.0023984,-0.0036293,-0.0092044,-0.0077699
0.6316,0.001068,-0.0073264,0.0019459,-0.0059417,-0.0044483,-0.0029641,0.00796,0.00090958,-0.0030817,-0.0096026,-0.0034664,-0.011644,-0.010729,-0.0040954,-0.0084351,-0.0051769,-0.0045615,-0.0093175
0.6317,0.0041632,-0.0088741,0.0065888,-0.0012988,-0.0029007,0.00013123,-0.0075165,-0.005281,1.3576e-05,-0.012698,-0.0081093,-0.0039053,0.00010408,-0.0071907,-0.01153,-0.0067246,0.0047244,-0.012413
0.6318,-0.003575,-0.0057788,0.0019459,0.0033442,-0.005996,-0.0029641,0.00022174,-0.005281,0.0015612,-0.0065073,-0.0065616,-0.0023577,-0.0029912,0.00054756,-0.01153,0.0041089,-0.0030138,-0.0077699
0.6319,-0.012861,-0.0026835,-0.0026971,0.0033442,-0.0013531,-0.0091546,-0.0028735,-0.00063806,-0.0015341,-0.0096026,-0.00037107,-0.00081002,-0.0045388,-0.005643,-0.0037922,-0.0051769,-0.0076568,-0.003127
0.632,-0.0020273,0.0035071,-0.0057923,0.00024889,-0.0044483,-0.0060593,-0.0075165,-0.0037333,1.3576e-05,-0.008055,-0.0081093,-0.0023577,0.00010408,-0.0040954,-0.0084351,-0.0051769,-0.0123,-0.0046746
0.6321,-0.00047968,-0.0011358,-0.00734,-0.0012988,-0.0029007,0.00013123,0.0017694,0.0040049,0.0015612,-0.0049597,-0.0065616,-0.0070006,-0.0045388,-0.0040954,-0.0037922,-0.0098198,-0.0076568,-0.0062222
0.6322,-0.00047968,0.0004118,-0.0011494,-0.0028464,-0.0013531,0.00013123,0.0017694,0.00090958,-0.0046294,-0.008055,-0.005014,-0.005453,-0.0060865,-0.0025477,-0.0022445,-0.0082722,-0.0030138,-0.003127
0.6323,0.001068,-0.0011358,0.00039822,0.0048918,-0.0029007,0.00013123,0.0017694,-0.0021857,0.0031089,-0.008055,-0.00037107,-0.013191,0.0016517,-0.005643,-0.0068875,-0.0098198,8.1455e-05,-0.0046746
0.6324,0.0026156,-0.0011358,-0.0026971,0.0033442,-0.0013531,0.00013123,0.00022174,0.00090958,0.010847,-0.0018644,0.0027242,-0.011644,-0.0076341,-0.0071907,-0.0084351,-0.0020816,-0.0014662,-3.1677e-05
0.6325,0.0041632,-0.0042311,0.0034935,0.0033442,0.00019459,-0.0045117,0.0017694,-0.0021857,0.0015612,-0.015793,-0.0034664,-0.0023577,-0.0045388,-0.005643,-0.0053398,-0.0020816,0.0031767,-0.0062222
0.6326,0.001068,-0.0042311,0.00039822,0.0048918,0.0032899,-0.0029641,-0.0028735,-0.00063806,0.0015612,-0.008055,-0.005014,-0.011644,-0.0045388,-0.0087383,-0.0068875,-0.0067246,-0.0061091,-0.01396
0.6327,-0.0020273,0.0004118,0.0034935,0.0064395,0.0017422,-0.0029641,0.00022174,-0.005281,1.3576e-05,-0.008055,-0.005014,-0.010096,-0.0045388,-0.0010001,-0.0053398,-0.0067246,-0.0123,-0.020151
0.6328,0.0026156,0.0019594,-0.0011494,-0.0074893,0.0032899,0.00013123,-0.0028735,0.00090958,-0.0077246,-0.01115,-0.0019187,-0.0039053,0.0062947,-0.0040954,-0.0037922,-0.0082722,-0.0076568,-0.020151
0.6329,-0.0020273,0.0004118,-0.0026971,-0.004394,0.0032899,0.0047742,0.0017694,0.0055525,0.0015612,-0.0034121,-0.00037107,-0.005453,0.0031994,-0.0040954,-0.0053398,-0.0082722,-0.0061091,-0.0046746
0.633,-0.0066702,0.0035071,-0.0026971,-0.0012988,-0.0013531,0.00013123,0.0064123,-0.005281,0.0015612,-0.0049597,-0.005014,-0.0070006,-0.0029912,-0.0025477,-0.01153,-0.0067246,-0.0076568,-0.0046746
0.6331,-0.00047968,0.0004118,-0.0088876,0.0017965,-0.0044483,0.0016789,0.003317,0.00090958,-0.0015341,-0.0018644,-0.00037107,-0.0023577,0.00010408,0.0051905,-0.0084351,-0.0051769,-0.0045615,-0.0015793
0.6332,0.001068,-0.0042311,-0.0026971,0.0064395,-0.0029007,0.0016789,-0.0044212,0.0024572,0.0092994,-0.012698,-0.0065616,-0.0023577,0.00010408,0.0036428,-0.01153,0.0010137,-0.0045615,-0.0077699
0.6333,-0.0051226,-0.0057788,0.0065888,0.00024889,-0.005996,0.00013123,-0.0059688,0.00090958,1.3576e-05,-0.015793,-0.00037107,-0.0039053,-0.0014436,-0.005643,-0.0099827,0.0010137,-0.0045615,-0.0077699
0.6334,-0.00047968,0.00815,0.0081364,0.0017965,-0.0044483,0.0063218,-0.0028735,-0.0083763,-0.0015341,-0.0065073,-0.00037107,-0.0039053,-0.0014436,-0.0010001,-0.0068875,0.0041089,-0.0030138,-0.0046746
0.6335,0.0057109,0.0004118,-0.0011494,0.00024889,0.00019459,-0.0029641,0.0017694,-0.005281,1.3576e-05,-0.0034121,-0.0096569,-0.0085482,-0.0014436,-0.0040954,-0.0037922,-0.00053398,-0.0061091,-0.0046746
0.6336,0.0088062,-0.0042311,-0.0011494,0.0017965,-0.0013531,0.0047742,-0.0013259,-0.011472,0.0092994,-0.0034121,-0.0065616,-0.005453,0.00010408,-0.0040954,-0.0084351,-0.00053398,-0.0030138,-0.0046746
0.6337,0.001068,0.0019594,-0.0011494,-0.0028464,0.00019459,0.010965,-0.0028735,0.0024572,-0.0015341,-0.008055,0.0027242,-0.0070006,-0.0014436,-0.0040954,-0.0037922,-0.0067246,-0.0061091,-3.1677e-05
0.6338,0.0041632,0.0004118,-0.0026971,0.00024889,-0.0029007,0.00013123,-0.0013259,0.0086478,-0.0015341,-0.0018644,-0.0019187,-0.0070006,-0.0060865,-0.0025477,-0.0068875,-0.0036293,-0.0045615,-0.0077699
0.6339,-0.00047968,-0.0042311,-0.00734,0.0017965,-0.0029007,0.00013123,-0.0059688,0.0040049,1.3576e-05,-0.0065073,-0.0019187,-0.005453,-0.0060865,-0.0071907,-0.013078,-0.00053398,-0.0076568,-0.01396
0.634,-0.00047968,0.0004118,-0.013531,0.0048918,0.00019459,-0.0029641,-0.0013259,0.00090958,-0.0092723,-0.00031677,-0.012752,0.00073762,-0.0060865,-0.0040954,-0.01153,-0.0051769,-0.0014662,-0.0062222
0.6341,-0.0051226,-0.0057788,-0.0057923,0.0079871,-0.0075436,-0.0045117,-0.0059688,-0.0083763,0.0015612,-0.0018644,-0.011205,0.0053805,-0.0060865,-0.0040954,-0.014626,-0.0051769,0.0093673,-0.0077699
0.6342,-0.0066702,-0.0057788,0.0034935,0.00024889,-0.005996,0.00013123,0.00022174,-0.0037333,0.0046565,-0.0065073,-0.0019187,0.0022853,-0.0029912,-0.0010001,-0.0053398,-0.0067246,-0.0030138,0.001516
0.6343,-0.0066702,-0.0011358,0.0050412,-0.0059417,0.00019459,0.00013123,-0.0013259,0.0040049,0.0015612,-0.0096026,-0.0019187,-0.00081002,-0.0045388,0.00054756,-0.0099827,-0.0020816,-0.0076568,-0.003127
0.6344,-0.0097655,0.0035071,0.0019459,-0.0059417,-0.005996,-0.0014164,-0.0028735,-0.00063806,-0.0015341,-0.0034121,-0.0019187,-0.010096,-0.0091818,-0.0071907,-0.017721,-0.0020816,-0.0076568,-0.0093175
0.6345,-0.0066702,0.0004118,-0.0026971,0.0017965,0.00019459,-0.0029641,-0.0044212,-0.0037333,-0.0030817,-0.00031677,-0.005014,-0.0070006,-0.0091818,-0.0071907,-0.014626,-0.012915,-0.016943,-0.003127
0.6346,-0.0051226,-0.0011358,-0.00734,-0.0074893,0.0017422,-0.0029641,0.00022174,-0.0021857,1.3576e-05,-0.00031677,-0.00037107,-0.005453,0.00010408,-0.0071907,-0.0099827,-0.0036293,-0.0092044,-0.01396
0.6347,0.0041632,0.0019594,-0.0011494,-0.0012988,-0.0029007,-0.0014164,0.00022174,-0.0068286,0.0015612,-0.0049597,0.0027242,-0.010096,-0.0045388,-0.010286,-0.0053398,-0.0082722,0.0031767,-0.012413
0.6348,0.0041632,-0.0042311,-0.0042447,0.0033442,0.00019459,0.0032265,0.00022174,-0.0037333,0.0031089,-0.0065073,-0.00037107,-0.011644,-0.0045388,-0.0040954,-0.01153,-0.0036293,-0.0030138,-0.0046746
0.6349,-0.0066702,0.0004118,-0.0088876,0.0079871,-0.0029007,0.0047742,-0.0028735,-0.0037333,1.3576e-05,-0.0065073,-0.00037107,-0.0070006,-0.0045388,-0.0087383,-0.020816,-0.00053398,-0.0030138,-0.010865
0.635,-0.003575,0.0019594,-0.0057923,-0.0012988,-0.0029007,0.0047742,-0.0028735,-0.0021857,-0.0077246,-0.0034121,0.0027242,-0.010096,0.00010408,-0.0087383,-0.0053398,-0.00053398,0.0031767,-0.0077699
0.6351,-0.0020273,0.0004118,-0.0026971,-0.0028464,-0.0075436,0.0016789,0.00022174,-0.0083763,-0.0046294,-0.0034121,-0.0034664,-0.016286,0.00010408,-0.0025477,-0.0068875,-0.0082722,-0.0045615,-0.003127
0.6352,-0.00047968,0.0019594,-0.00734,0.0064395,-0.013734,-0.0014164,-0.0028735,-0.0021857,-0.0015341,-0.0034121,0.0011766,-0.0039053,-0.0060865,0.0098334,-0.0084351,-0.0082722,-0.0061091,-0.0077699
0.6353,0.0026156,-0.0026835,0.0019459,0.0033442,-0.005996,0.0063218,-0.0075165,-0.00063806,0.0046565,-0.0034121,0.0042719,-0.0039053,-0.0029912,-0.005643,-0.0068875,-0.0082722,-0.0092044,-0.0077699
0.6354,0.0041632,0.00815,-0.0026971,0.0079871,-0.005996,-0.0029641,-0.0028735,0.0071001,1.3576e-05,-0.0065073,0.0011766,-0.0039053,-0.0060865,0.00054756,-0.016173,-0.0098198,-0.013847,-0.0077699
0.6355,0.0041632,0.0004118,0.0019459,0.0064395,-0.0013531,-0.0060593,0.0017694,-0.0021857,1.3576e-05,-0.00031677,-0.00037107,-0.0023577,-0.015372,0.0098334,-0.0053398,-0.011367,-0.0061091,-0.010865
0.6356,-0.0051226,-0.0042311,-0.0026971,0.0048918,0.00019459,0.0016789,0.0095076,-0.0021857,-0.0015341,0.0043262,0.0011766,-0.0070006,-0.0076341,0.0020952,-0.0084351,-0.0051769,-0.0045615,-0.0093175
0.6357,-0.003575,0.0035071,-0.00734,0.0033442,-0.0075436,-0.0014164,-0.0013259,-0.0021857,0.0031089,-0.0034121,-0.0034664,-0.0070006,-0.0076341,-0.0010001,-0.01153,-0.0067246,-0.0030138,-0.0015793
0.6358,0.001068,-0.0026835,-0.010435,0.0064395,-0.005996,0.0016789,-0.0044212,-0.0021857,0.0046565,-0.0049597,0.0027242,-0.013191,-0.012277,-0.0040954,-0.0037922,-0.0036293,-0.0092044,-0.0015793
0.6359,0.0057109,-0.0011358,-0.0088876,0.0079871,-0.0075436,0.00013123,0.00796,-0.005281,1.3576e-05,-0.00031677,-0.00037107,-0.011644,-0.0060865,-0.005643,-0.0037922,-0.0082722,-0.0030138,-0.010865
0.636,-0.0020273,-0.0011358,-0.00734,0.0017965,-0.005996,-0.0029641,0.003317,-0.0068286,-0.0015341,-0.0018644,-0.0065616,-0.011644,0.00010408,-0.0087383,-0.0037922,-0.0098198,8.1455e-05,-0.0077699
0.6361,-0.0066702,-0.010422,0.00039822,0.0017965,0.00019459,-0.0014164,0.00022174,0.00090958,0.0092994,0.0027785,0.0011766,-0.0070006,-0.0029912,-0.0010001,-0.0068875,-0.0082722,-0.0045615,-3.1677e-05
0.6362,-0.0051226,0.0050547,-0.0088876,0.0048918,0.00019459,0.0047742,-0.0028735,-0.0037333,0.0046565,-0.00031677,-0.00037107,-0.0039053,-0.010729,-0.0010001,-0.0084351,-0.0020816,0.0031767,0.001516
0.6363,0.0041632,0.011245,-0.0026971,0.0033442,-0.0075436,0.0016789,-0.0059688,-0.0099239,0.0031089,-0.0018644,-0.0065616,-0.0070006,-0.0029912,-0.011834,-0.0022445,-0.0051769,-0.0045615,-0.0093175
0.6364,-0.00047968,0.0050547,0.00039822,0.00024889,-0.0029007,-0.0045117,-0.0059688,-0.00063806,1.3576e-05,0.0027785,-0.0081093,-0.00081002,0.0078423,-0.013381,-0.0037922,-0.0098198,-0.0014662,-0.010865
0.6365,-0.00047968,-0.0011358,-0.00734,0.00024889,0.0017422,-0.007607,0.003317,0.0040049,1.3576e-05,-0.0065073,-0.0034664,0.0022853,-0.0060865,-0.0025477,-0.01153,-0.0098198,0.0016291,-0.0062222
0.6366,0.001068,-0.0057788,0.0050412,0.0048918,-0.0044483,-0.0029641,-0.0028735,0.00090958,0.0062041,-0.0034121,0.0058195,0.0038329,-0.0060865,-0.005643,-0.017721,-0.0098198,-0.0076568,-0.0062222
0.6367,-0.003575,0.0019594,0.0050412,0.00024889,-0.0029007,-0.0014164,0.0048647,0.00090958,0.0077518,-0.0049597,-0.00037107,-0.0039053,-0.0029912,-0.005643,-0.013078,-0.0067246,0.0031767,-0.0062222
0.6368,-0.0082179,0.0050547,-0.0026971,-0.0012988,-0.0013531,0.0016789,0.003317,0.0071001,1.3576e-05,0.0012309,-0.00037107,-0.0023577,-0.010729,-0.0040954,-0.0037922,-0.0098198,8.1455e-05,-0.0046746
0.6369,-0.00047968,0.0004118,0.0034935,0.0048918,0.00019459,-0.0060593,-0.0028735,-0.0021857,0.0046565,-0.008055,-0.0019187,-0.011644,-0.0045388,-0.0040954,-0.0037922,-0.0067246,-0.0076568,-0.012413
0.637,-0.0051226,0.0019594,0.0034935,0.0095347,-0.0029007,-0.0014164,0.0017694,-0.0037333,1.3576e-05,-0.0018644,-0.0096569,-0.0085482,-0.0029912,-0.0071907,0.00085075,-0.0067246,-0.0076568,-0.01396
0.6371,-0.0020273,0.0019594,-0.0011494,0.0064395,-0.0029007,-0.0029641,-0.0013259,0.0055525,-0.0046294,0.0012309,-0.0081093,-0.0023577,-0.0045388,-0.0087383,-0.0068875,-0.0051769,-0.0014662,-0.003127
0.6372,-0.00047968,0.0066024,-0.0026971,0.0017965,0.0017422,0.0016789,-0.0013259,0.0024572,-0.0015341,-0.0049597,-0.0034664,-0.00081002,0.00010408,-0.0087383,-0.01153,-0.0082722,-0.0014662,-0.003127
0.6373,-0.00047968,0.0050547,0.00039822,0.0048918,-0.010639,0.0063218,0.00022174,-0.00063806,-0.0046294,-0.0049597,-0.0034664,-0.0039053,-0.0045388,-0.0025477,-0.0068875,-0.01601,0.0047244,-0.0093175
0.6374,0.0041632,0.0019594,0.0019459,0.0033442,-0.010639,0.00013123,-0.0044212,-0.0021857,-0.0092723,-0.0065073,-0.00037107,-0.0039053,0.00010408,-0.011834,0.00085075,-0.011367,-0.0014662,-0.0062222
0.6375,0.0026156,-0.0011358,0.0019459,0.0017965,-0.0013531,-0.0014164,-0.0013259,-0.0021857,0.0062041,-0.00031677,-0.005014,-0.0023577,-0.0045388,0.0020952,-0.0053398,-0.00053398,0.006272,-0.0062222
0.6376,-0.0051226,0.0004118,-0.0057923,0.0048918,-0.0029007,-0.0014164,0.0017694,0.00090958,1.3576e-05,0.0089691,-0.00037107,-0.005453,-0.0060865,-0.0025477,-0.0068875,-0.0067246,-0.0030138,-0.0046746
0.6377,-0.0020273,-0.0011358,-0.0057923,0.0064395,-0.0044483,-0.0029641,-0.0075165,-0.0083763,-0.0046294,-0.00031677,-0.0034664,-0.0039053,0.00010408,-0.0087383,-0.0068875,-0.011367,-0.0045615,-0.0062222
0.6378,-0.0051226,-0.0088741,-0.0026971,0.00024889,-0.0044483,-0.0014164,-0.0028735,-0.0037333,-0.0030817,-0.00031677,-0.0065616,-0.0023577,0.0031994,-0.005643,-0.014626,-0.0051769,-0.0030138,-0.010865
0.6379,0.0026156,-0.0011358,-0.0011494,0.0017965,0.0017422,-0.0091546,-0.0013259,0.00090958,-0.0030817,-0.0018644,-0.0065616,-0.005453,-0.0045388,-0.014929,-0.00069689,-0.0020816,-0.0030138,-0.0093175
0.638,0.0041632,-0.0011358,0.0050412,0.0033442,-0.0044483,-0.0060593,-0.013707,-0.005281,-0.0046294,-0.00031677,-0.011205,-0.0070006,-0.012277,-0.0071907,-0.0053398,-0.0051769,-0.0076568,-0.0077699
0.6381,0.001068,0.0004118,0.0019459,0.0017965,-0.012187,0.0047742,-0.0028735,-0.0037333,-0.006177,-0.0049597,-0.0065616,-0.0070006,-0.0076341,-0.0040954,-0.0022445,-0.0067246,-0.0045615,-0.010865
0.6382,0.0026156,-0.0011358,-0.0026971,0.0017965,-0.0029007,0.0016789,-0.0044212,-0.005281,-0.0046294,-0.0034121,0.0011766,-0.0070006,-0.0029912,-0.0040954,-0.014626,-0.0036293,-0.0014662,-0.0077699
0.6383,-0.0051226,-0.0011358,0.0034935,0.0017965,0.0063852,0.00013123,-0.0044212,0.0024572,-0.006177,0.0012309,0.0011766,-0.005453,-0.0091818,-0.0040954,-0.0099827,-0.0020816,-0.0030138,-0.003127
0.6384,-0.0066702,0.0035071,-0.0026971,0.0048918,0.0063852,-0.0014164,-0.0028735,-0.00063806,0.0062041,0.0012309,-0.0034664,-0.0070006,-0.0029912,-0.0087383,-0.0068875,0.0010137,-0.0061091,-0.01396
0.6385,-0.0020273,-0.0011358,-0.0011494,0.0064395,0.0032899,-0.0014164,-0.0028735,-0.0021857,-0.0015341,-0.00031677,0.0027242,0.0053805,-0.0060865,-0.010286,-0.00069689,-0.0020816,-0.0076568,-0.0046746
0.6386,-0.0020273,-0.0057788,0.0019459,0.0079871,0.0032899,0.00013123,-0.0044212,0.0024572,-0.0030817,-0.0034121,-0.0019187,-0.0039053,0.00010408,-0.0087383,-0.0037922,-0.0082722,-0.0076568,-0.0093175
0.6387,-0.0082179,0.0050547,0.0019459,0.0033442,0.0032899,-0.0060593,-0.0059688,0.00090958,-0.0015341,-0.0049597,-0.0019187,-0.0070006,-0.0060865,0.00054756,-0.0053398,-0.0051769,-0.0061091,-0.003127
0.6388,-0.0066702,0.014341,0.00039822,0.0079871,0.00019459,-0.0060593,-0.0028735,-0.0021857,-0.0046294,0.0058738,0.0058195,-0.0070006,-0.0076341,-0.005643,-0.014626,-0.0051769,0.0031767,-0.003127
0.6389,-0.0051226,0.0004118,0.0034935,0.0079871,-0.005996,0.0016789,-0.0090641,-0.0068286,1.3576e-05,0.0043262,0.0042719,-0.00081002,-0.0076341,-0.0071907,-0.0084351,-0.0051769,-0.0030138,-0.01396
0.639,0.0057109,0.0035071,-0.00734,0.0033442,0.00019459,-0.0029641,-0.0028735,-0.0021857,-0.0046294,-0.0034121,-0.0019187,-0.011644,-0.0029912,0.0020952,-0.0022445,-0.0051769,-0.0014662,-0.0062222
0.6391,0.001068,0.0035071,0.00039822,-0.0028464,0.011028,0.0016789,-0.0075165,0.0024572,0.0077518,-0.0018644,0.0011766,-0.0070006,-0.0060865,-0.0040954,-0.0037922,-0.0036293,0.0016291,-0.0046746
0.6392,-0.00047968,0.0035071,-0.0011494,0.00024889,0.0017422,0.00013123,-0.0044212,-0.0021857,0.0031089,-0.00031677,0.0011766,-0.0070006,0.004747,-0.0071907,-0.0022445,0.0041089,-0.0061091,-3.1677e-05
0.6393,-0.0020273,0.0004118,-0.00734,0.0079871,-0.0029007,-0.0014164,0.00022174,0.0024572,-0.0030817,-0.0034121,-0.0019187,-0.0023577,-0.0029912,-0.005643,-0.0053398,-0.0098198,-0.0045615,-0.0062222
0.6394,-0.0082179,0.0004118,-0.0011494,0.0033442,0.00019459,0.0032265,-0.0044212,-0.00063806,-0.0015341,0.0043262,-0.0034664,-0.00081002,-0.0045388,-0.0025477,-0.0099827,-0.0067246,-0.013847,-0.0077699
0.6395,-0.0020273,0.0004118,0.0034935,0.0048918,-0.0029007,0.0032265,-0.0028735,0.00090958,0.0031089,-0.008055,-0.0096569,-0.0085482,-0.010729,-0.005643,-0.0084351,0.0010137,-0.0061091,-3.1677e-05
0.6396,0.001068,0.0050547,-0.0011494,0.011082,-0.0013531,0.0063218,-0.0028735,0.00090958,0.0031089,-0.0018644,-0.00037107,-0.005453,-0.0060865,-0.0040954,-0.0037922,0.0041089,-0.0076568,-3.1677e-05
0.6397,-0.0020273,0.0066024,-0.0042447,0.0079871,-0.0013531,-0.0029641,-0.0044212,-0.0037333,0.0015612,0.0012309,0.0042719,-0.0023577,-0.010729,-0.013381,-0.00069689,-0.00053398,-0.0076568,-0.0062222
0.6398,0.0088062,0.0066024,-0.0026971,0.011082,0.00019459,0.00013123,-0.0013259,-0.00063806,0.0077518,-0.0049597,-0.0065616,-0.0070006,-0.012277,-0.0071907,-0.00069689,-0.0036293,8.1455e-05,-0.0093175
0.6399,-0.00047968,-0.0011358,0.0019459,0.0048918,-0.0013531,0.0016789,0.003317,0.00090958,0.0092994,-0.0034121,-0.0034664,-0.0039053,0.004747,0.0036428,-0.0084351,-0.0020816,0.0047244,-0.010865
0.64,0.0041632,0.0035071,0.0034935,0.0064395,0.00019459,0.0047742,-0.0013259,-0.0021857,1.3576e-05,-0.00031677,-0.00037107,-0.005453,0.004747,-0.0040954,-0.0099827,-0.0067246,0.012463,-0.0093175
0.6401,0.0041632,0.0050547,-0.00734,0.0017965,-0.0029007,-0.0014164,0.00022174,-0.0021857,-0.0046294,-0.00031677,-0.0065616,-0.005453,-0.0060865,-0.0040954,-0.013078,-0.0067246,-0.0123,-0.010865
0.6402,-0.00047968,0.0066024,-0.0026971,0.0079871,0.0032899,0.0016789,-0.0044212,0.00090958,0.010847,-0.0034121,-0.0065616,-0.011644,-0.0060865,0.0098334,-0.0022445,-0.0067246,-0.010752,-0.0062222
0.6403,0.001068,0.0019594,-0.0088876,0.0095347,0.0032899,0.0047742,0.0064123,-0.0021857,0.0015612,-0.008055,-0.0081093,-0.011644,-0.0029912,0.00054756,-0.0053398,-0.0098198,-0.0076568,-0.003127
0.6404,0.001068,-0.0073264,-0.0042447,0.0079871,0.00019459,0.0032265,0.0017694,-0.0021857,-0.0092723,-0.017341,0.0011766,-0.011644,-0.0045388,-0.0071907,0.0023984,-0.0082722,-0.0045615,-0.0093175
0.6405,-0.00047968,-0.0057788,0.0034935,0.0064395,0.0048375,0.0032265,0.003317,0.0071001,-0.0030817,-0.0049597,-0.0019187,-0.011644,-0.0060865,-0.0071907,0.0023984,-0.0067246,-0.0014662,-0.0093175
0.6406,0.0041632,0.0019594,-0.0057923,-0.0012988,-0.0029007,-0.0045117,0.00796,0.0040049,-0.0046294,0.0012309,-0.0034664,-0.005453,-0.0029912,-0.0071907,-0.00069689,-0.00053398,-0.010752,-0.0062222
0.6407,-0.003575,-0.0042311,-0.0011494,-0.0012988,0.0017422,0.00013123,-0.0013259,0.00090958,-0.0015341,0.0027785,-0.0081093,-0.010096,0.00010408,-0.0040954,-0.0037922,-0.0036293,-0.0092044,-0.0077699
0.6408,0.001068,-0.0026835,0.00039822,0.0048918,0.00019459,0.0032265,0.0017694,0.0024572,0.0031089,-0.00031677,-0.0034664,-0.014739,0.00010408,-0.0071907,-0.0068875,-0.0082722,-0.0076568,-0.0046746
0.6409,-0.00047968,0.0004118,-0.0011494,0.00024889,-0.0029007,0.0063218,0.0064123,-0.005281,-0.0015341,-0.0065073,-0.0019187,-0.011644,-0.0014436,-0.0040954,-0.0084351,-0.0067246,-0.0061091,-0.0077699
0.641,-0.0020273,0.0050547,-0.0042447,0.0033442,-0.0013531,0.0047742,-0.0013259,-0.0021857,-0.0030817,-0.00031677,-0.0034664,-0.0070006,-0.0014436,-0.0087383,-0.01153,-0.0051769,-0.0030138,-0.0077699
0.6411,-0.0051226,0.0066024,-0.0057923,0.00024889,0.0032899,0.0047742,0.0064123,0.0055525,-0.0030817,-0.0065073,-0.0019187,-0.011644,-0.0045388,-0.0040954,0.00085075,-0.0082722,-0.0061091,-0.0062222
0.6412,-0.0082179,-0.0026835,-0.0011494,-0.0028464,-0.0044483,-0.0014164,0.00796,0.0055525,-0.0046294,-0.0065073,0.0073671,-0.010096,0.00010408,-0.0071907,0.00085075,-0.0098198,-0.0061091,-0.010865
0.6413,-0.00047968,0.0050547,0.0050412,0.00024889,-0.0013531,-0.0029641,0.00796,0.0024572,0.0015612,-0.00031677,0.0011766,-0.010096,-0.0029912,-0.0010001,-0.0068875,-0.0067246,-0.0123,-0.0046746
0.6414,0.0041632,-0.0011358,-0.0011494,0.0017965,-0.0044483,0.0032265,0.0017694,0.0055525,1.3576e-05,-0.0034121,-0.005014,-0.011644,-0.0045388,-0.0025477,-0.0037922,-0.012915,-0.016943,-0.0046746
0.6415,-0.00047968,-0.0042311,0.0019459,0.0017965,-0.0044483,-0.0029641,0.00022174,-0.0021857,-0.0030817,-0.0034121,0.0027242,-0.010096,-0.0014436,-0.0025477,-0.00069689,-0.011367,-0.0061091,-0.0015793
0.6416,0.010354,-0.0026835,-0.0026971,0.0033442,-0.0029007,0.00013123,0.0048647,0.0040049,1.3576e-05,-0.0034121,-0.00037107,-0.016286,-0.0060865,-0.010286,0.00085075,-0.0067246,-0.0061091,-0.0062222
0.6417,-0.00047968,-0.0057788,-0.0026971,0.0017965,-0.0029007,0.0016789,-0.0013259,0.0024572,-0.006177,0.0043262,-0.0065616,-0.011644,-0.0045388,-0.005643,0.0023984,-0.014463,-0.0045615,-0.0062222
0.6418,0.001068,0.0035071,-0.010435,0.021916,-0.0090913,0.015608,-0.0028735,0.00090958,-0.0030817,-0.00031677,-0.005014,-0.0085482,-0.0029912,-0.0040954,-0.0053398,-0.012915,8.1455e-05,-0.003127
0.6419,-0.0097655,-0.0057788,0.00039822,0.0048918,-0.0090913,0.00013123,0.0064123,0.0024572,0.0062041,-0.0049597,-0.00037107,-0.011644,-0.0014436,-0.011834,-0.0084351,-0.017558,-0.0076568,-0.0077699
0.642,-0.0051226,0.0035071,0.0050412,0.0048918,-0.012187,-0.0029641,0.00022174,-0.0037333,0.0062041,-0.0018644,0.0011766,-0.011644,0.0031994,-0.005643,-0.0099827,-0.017558,-0.0030138,-0.0062222
0.6421,0.001068,0.00815,-0.00734,0.011082,-0.0044483,0.00013123,-0.0044212,-0.0021857,0.0062041,0.0027785,0.0027242,-0.0039053,0.00010408,-0.0071907,0.00085075,-0.017558,-0.0092044,-0.0062222
0.6422,-0.00047968,0.0019594,-0.0011494,0.011082,0.0032899,0.0016789,-0.0028735,-0.00063806,-0.006177,-0.00031677,-0.0034664,0.0053805,-0.0045388,0.0020952,-0.0022445,-0.01601,8.1455e-05,-0.0093175
0.6423,0.0026156,0.0004118,-0.0057923,0.0048918,-0.0044483,0.0063218,-0.0044212,0.0040049,-0.0046294,-0.0065073,-0.0034664,-0.0023577,-0.020015,0.0036428,-0.0084351,-0.0082722,-0.0014662,-0.003127
0.6424,0.001068,-0.013517,-0.0011494,-0.0012988,-0.0029007,-0.0045117,0.003317,0.00090958,0.0031089,-0.0018644,-0.0065616,-0.0023577,-0.012277,0.0051905,-0.0068875,-0.0098198,-0.0030138,-0.003127
0.6425,-0.003575,-0.0042311,0.0034935,0.0095347,-0.0044483,-0.0091546,-0.0013259,0.0055525,0.0031089,-0.00031677,-0.0019187,-0.019382,-0.0076341,0.0051905,-0.0068875,-0.0051769,0.0031767,-0.0093175
0.6426,-0.003575,0.0004118,0.0019459,0.01263,-0.0044483,-0.0045117,-0.0090641,0.0024572,0.0046565,-0.0018644,-0.005014,-0.020929,-0.0060865,0.0051905,-0.00069689,-0.012915,-0.0061091,-0.0077699
0.6427,-0.0051226,0.0004118,-0.0011494,0.0033442,-0.0075436,-0.0045117,-0.0044212,0.0024572,1.3576e-05,0.0027785,-0.0019187,-0.0070006,-0.0029912,-0.0010001,-0.013078,-0.014463,-0.0045615,-0.0046746
0.6428,-0.0097655,-0.0088741,0.00039822,-0.0028464,0.00019459,-0.0045117,-0.0028735,-0.005281,0.0015612,-0.0065073,0.0011766,-0.011644,-0.0045388,0.00054756,-0.0068875,-0.012915,0.0031767,-0.003127
0.6429,-0.003575,-0.0088741,0.0034935,0.00024889,-0.0044483,0.0032265,0.00022174,-0.0021857,0.0031089,-0.0034121,-0.0019187,-0.010096,-0.0060865,0.0051905,-0.0099827,-0.0036293,-0.0123,-0.0046746
0.643,0.0026156,-0.0011358,-0.0026971,0.00024889,-0.0090913,-0.0045117,-0.0013259,0.00090958,0.0015612,-0.0096026,-0.0081093,-0.005453,-0.0060865,0.00054756,-0.0068875,-0.0067246,-0.0014662,-0.0077699
0.6431,0.001068,0.0004118,0.0019459,0.00024889,0.0032899,-0.0029641,0.003317,-0.0021857,-0.0092723,-0.0065073,-0.0065616,-0.010096,-0.0029912,-0.011834,-0.0068875,-0.0082722,0.0016291,-0.0062222
0.6432,-0.0020273,-0.0026835,0.0019459,-0.0012988,0.0032899,-0.0029641,-0.0013259,0.0040049,-0.0030817,-0.00031677,0.0027242,-0.011644,-0.0045388,-0.0010001,-0.0068875,-0.0082722,0.010915,-0.010865
0.6433,0.0026156,-0.0088741,-0.010435,0.00024889,-0.0013531,0.0016789,-0.0028735,-0.00063806,1.3576e-05,-0.0018644,-0.00037107,-0.0070006,-0.0014436,0.0051905,-0.0053398,-0.014463,-0.0045615,-0.01396
0.6434,0.001068,-0.0026835,-0.0026971,0.0048918,0.0079328,0.0047742,-0.0075165,0.0024572,-0.0046294,-0.0065073,-0.005014,-0.005453,0.00010408,-0.0010001,-0.0022445,-0.012915,-0.0045615,-0.0093175
0.6435,0.0041632,-0.0011358,0.0019459,0.0048918,0.0017422,-0.007607,0.00022174,-0.0037333,0.0031089,-0.0065073,-0.0065616,-0.0070006,0.0016517,0.00054756,-0.00069689,-0.0082722,-0.0014662,-0.003127
0.6436,0.001068,0.0019594,0.0096841,0.00024889,-0.005996,0.0047742,-0.0044212,-0.005281,-0.0046294,-0.01115,-0.00037107,-0.0070006,0.0031994,-0.0010001,-0.0053398,-0.01601,-0.0076568,-0.010865
0.6437,-0.003575,-0.0011358,0.0019459,0.0064395,-0.0044483,0.0047742,-0.0059688,-0.00063806,0.0031089,-0.00031677,-0.00037107,-0.010096,-0.0045388,-0.0010001,-0.0022445,-0.011367,-0.0061091,-0.0093175
0.6438,0.0026156,-0.0026835,-0.0057923,0.00024889,-0.0044483,-0.0045117,-0.0044212,-0.00063806,-0.0046294,0.0012309,-0.005014,-0.0070006,-0.012277,-0.0010001,0.0023984,-0.0082722,-0.0092044,-0.0093175
0.6439,0.0026156,-0.0026835,-0.0042447,0.0064395,-0.0044483,0.0016789,-0.0028735,0.00090958,-0.0030817,-0.0018644,-0.0065616,-0.0023577,-0.0060865,-0.005643,0.003946,-0.011367,-0.0045615,-0.010865
0.644,0.001068,-0.010422,-0.00734,0.0033442,0.0017422,0.0047742,0.003317,0.0040049,-0.0015341,-0.00031677,-0.00037107,-0.00081002,-0.0060865,-0.0071907,-0.0068875,-0.020653,-0.0014662,-0.010865
0.6441,0.0057109,0.0004118,0.0019459,0.0033442,0.0017422,0.0063218,0.00022174,-0.0068286,-0.0015341,-0.0049597,-0.0019187,-0.0023577,-0.0091818,-0.010286,-0.01153,-0.0082722,-0.0014662,-3.1677e-05
0.6442,-0.0020273,0.0019594,-0.0026971,0.0079871,-0.0029007,0.0032265,-0.0075165,-0.0099239,1.3576e-05,-0.01115,0.0011766,-0.011644,-0.0029912,-0.0071907,-0.0099827,-0.0020816,8.1455e-05,-0.010865
0.6443,0.0088062,-0.0057788,-0.0026971,0.0033442,-0.0044483,-0.0091546,-0.0044212,-0.00063806,-0.0015341,-0.00031677,0.0042719,-0.0085482,-0.0014436,-0.0071907,-0.0084351,-0.0067246,-0.0014662,-0.0077699
0.6444,-0.0020273,-0.0026835,-0.0011494,0.0033442,-0.0029007,-0.0029641,-0.0059688,-0.0037333,0.0031089,-0.00031677,-0.005014,-0.00081002,0.00010408,-0.0025477,-0.0099827,-0.012915,-0.0061091,-0.003127
0.6445,-0.0051226,-0.0026835,-0.0042447,-0.0012988,-0.0044483,-0.0029641,-0.0059688,-0.0068286,-0.01082,-0.0034121,-0.0034664,-0.0070006,-0.0014436,-0.005643,-0.0053398,-0.011367,-0.010752,-0.0015793
0.6446,0.0057109,-0.0011358,0.0019459,-0.0059417,0.00019459,-0.0045117,-0.0013259,-0.0037333,1.3576e-05,-0.00031677,-0.00037107,-0.0070006,0.00010408,-0.0025477,-0.0022445,-0.0098198,-0.0061091,-0.0046746
0.6447,0.0026156,0.0019594,-0.0026971,-0.0028464,-0.0044483,0.0032265,0.003317,-0.005281,0.0031089,0.0012309,-0.0065616,-0.0085482,0.00010408,-0.005643,-0.0068875,-0.012915,-0.0014662,-0.0015793
0.6448,0.0041632,0.0066024,0.00039822,0.0033442,-0.0013531,-0.0029641,0.00022174,0.0040049,0.0031089,0.0012309,-0.0019187,-0.0070006,-0.0045388,-0.0071907,-0.016173,-0.0020816,-0.010752,-0.003127
0.6449,0.0072585,0.0004118,0.0019459,0.0079871,-0.0090913,-0.0029641,0.00022174,0.0024572,0.0046565,-0.00031677,-0.0034664,-0.0085482,-0.0060865,0.00054756,-0.0037922,-0.0067246,-0.0014662,-0.0077699
0.645,0.001068,-0.0026835,0.0019459,-0.0059417,-0.005996,-0.0029641,-0.0028735,0.0040049,-0.0030817,0.0027785,0.0011766,-0.0039053,0.00010408,0.00054756,-0.0037922,-0.0036293,-0.0045615,-0.0077699
0.6451,-0.00047968,-0.0011358,-0.0057923,0.0064395,-0.0013531,-0.007607,-0.0059688,-0.0021857,-0.0015341,-0.00031677,-0.0034664,-0.011644,-0.0045388,-0.0025477,-0.0022445,-0.011367,-0.0030138,-0.0077699
0.6452,0.0057109,-0.0057788,-0.00734,0.011082,0.0017422,0.0016789,-0.0013259,0.0071001,-0.0015341,0.0012309,-0.005014,-0.017834,0.00010408,-0.0010001,-0.0022445,-0.0067246,-0.0030138,-0.0015793
0.6453,-0.003575,0.0019594,-0.0042447,0.00024889,0.0063852,0.0047742,0.00022174,-0.0021857,-0.0015341,-0.0049597,-0.0034664,-0.011644,-0.0014436,0.0020952,0.003946,-0.011367,-0.0076568,-0.0046746
0.6454,-0.011313,0.0096977,0.0065888,0.0017965,0.0017422,-0.007607,-0.0013259,-0.00063806,0.0031089,-0.008055,-0.0034664,-0.017834,-0.0091818,0.0036428,0.00085075,-0.0098198,-0.0076568,-0.0077699
0.6455,-0.0051226,0.0004118,0.0050412,0.0017965,-0.0013531,-0.0060593,0.00022174,0.00090958,0.0031089,-0.012698,-0.00037107,-0.017834,-0.0091818,-0.0071907,-0.00069689,-0.0036293,-0.0061091,-0.0046746
0.6456,-0.003575,-0.0026835,-0.011983,0.00024889,-0.005996,-0.0045117,-0.0013259,0.0024572,0.0015612,-0.0034121,0.0011766,-0.014739,-0.013825,-0.0040954,0.0023984,-0.0082722,-0.0123,-0.012413
0.6457,0.0057109,0.0004118,-0.0057923,0.0095347,0.00019459,0.0016789,0.00022174,-0.00063806,1.3576e-05,-0.008055,0.0011766,-0.010096,-0.0076341,-0.005643,-0.014626,-0.014463,-0.013847,-0.0093175
0.6458,-0.0051226,-0.0042311,-0.010435,0.0033442,0.0063852,-0.0029641,0.00022174,0.0024572,0.0046565,-0.0034121,-0.0096569,-0.014739,0.0062947,-0.0087383,-0.0068875,-0.011367,-0.0030138,-0.0077699
0.6459,-0.003575,-0.0026835,-0.010435,0.0033442,0.0017422,0.0032265,0.0064123,-0.00063806,-0.0015341,-0.008055,-0.0096569,-0.0070006,-0.0060865,0.00054756,-0.0022445,-0.011367,-0.0061091,-0.0046746
0.646,-0.0020273,-0.0073264,-0.00734,0.00024889,-0.0029007,0.00013123,0.0048647,-0.00063806,-0.0046294,-0.00031677,-0.0096569,-0.0070006,-0.0029912,0.00054756,-0.0037922,-0.0051769,-0.0092044,-0.0077699
0.6461,-0.0082179,-0.0073264,-0.015078,0.0033442,0.00019459,-0.0029641,-0.0013259,0.0040049,0.0062041,-0.0018644,-0.00037107,-0.005453,0.0016517,-0.0010001,-0.0068875,-0.011367,-0.0092044,-0.012413
0.6462,-0.0051226,-0.0042311,-0.0057923,-0.0012988,0.00019459,0.00013123,-0.0059688,0.0040049,0.0031089,0.0012309,-0.0034664,-0.011644,-0.0029912,0.0036428,-0.0022445,-0.012915,-0.0045615,-3.1677e-05
0.6463,-0.00047968,0.0019594,-0.0011494,0.0095347,0.0063852,-0.0045117,-0.0075165,0.00090958,0.0062041,0.0012309,-0.005014,-0.0070006,-0.0045388,0.0051905,0.00085075,-0.017558,-0.0061091,-0.0062222
0.6464,-0.00047968,-0.0011358,-0.0057923,0.00024889,0.00019459,-0.0014164,-0.0090641,-0.0037333,0.0015612,-0.0018644,-0.011205,-0.016286,-0.0076341,-0.0025477,-0.0068875,-0.0098198,8.1455e-05,-0.0046746
0.6465,0.001068,-0.0011358,0.00039822,-0.0012988,-0.005996,0.00013123,-0.0090641,-0.0037333,-0.0030817,-0.0018644,-0.0065616,-0.005453,-0.0060865,-0.0025477,-0.0084351,-0.0067246,-0.0076568,-3.1677e-05
0.6466,-0.003575,-0.0011358,-0.0026971,0.0048918,-0.005996,-0.0014164,-0.0059688,0.00090958,0.0062041,-0.008055,-0.00037107,-0.005453,-0.0045388,-0.0010001,-0.0084351,-0.014463,-0.0076568,-0.0046746
0.6467,-0.0020273,0.0019594,-0.0011494,0.0048918,-0.005996,-0.0091546,-0.0059688,-0.0068286,-0.0015341,0.0043262,-0.0019187,-0.011644,-0.0029912,0.0020952,0.0023984,-0.017558,-0.0076568,-0.0046746
0.6468,0.0057109,0.0035071,-0.0011494,0.0033442,-0.010639,-0.007607,0.0017694,-0.0021857,-0.0046294,0.0012309,0.0011766,-0.00081002,-0.0091818,-0.0040954,0.0023984,-0.0067246,-0.0123,-0.0062222
0.6469,-0.003575,0.0004118,-0.00734,-0.004394,-0.0044483,-0.0029641,0.0017694,-0.0037333,0.0015612,-0.0018644,-0.0034664,0.00073762,-0.0091818,-0.0010001,0.0023984,-0.0098198,-0.0014662,-0.0093175
0.647,-0.00047968,-0.011969,-0.0011494,0.00024889,-0.0044483,-0.0029641,-0.0090641,-0.0083763,-0.0077246,-0.0034121,-0.0019187,-0.0085482,-0.0014436,-0.0010001,-0.0022445,-0.011367,-0.0076568,-0.012413
0.6471,0.0041632,-0.010422,-0.0042447,-0.0028464,0.0017422,-0.0045117,-0.0059688,-0.0037333,-0.0030817,-0.0018644,-0.0019187,-0.0070006,0.00010408,-0.0040954,-0.0084351,-0.011367,-0.0061091,-0.0046746
0.6472,-0.0082179,0.0004118,-0.0026971,0.0017965,0.0017422,-0.0060593,0.0017694,0.0055525,1.3576e-05,-0.0034121,-0.0019187,-0.010096,-0.0045388,-0.0010001,-0.0084351,-0.0067246,-0.0076568,-0.003127
0.6473,-0.0051226,-0.011969,-0.00734,0.0064395,-0.0044483,0.00013123,0.00022174,-0.0068286,0.0077518,-0.0034121,-0.0019187,-0.0039053,-0.010729,-0.005643,-0.0084351,-0.0098198,-0.010752,-0.0077699
0.6474,-0.0051226,-0.0042311,0.0019459,0.0017965,-0.005996,-0.0029641,-0.0075165,-0.0021857,-0.0015341,-0.0034121,-0.005014,-0.005453,-0.0076341,-0.005643,-0.0022445,-0.0067246,-0.0061091,-0.0046746
0.6475,-0.014408,-0.0011358,0.00039822,-0.009037,-0.0029007,0.0016789,-0.0044212,-0.0037333,0.0031089,-0.0065073,-0.0019187,-0.011644,-0.0076341,-0.0040954,-0.0037922,-0.0098198,-0.0092044,-0.0046746
0.6476,0.001068,-0.0042311,-0.0042447,-0.0028464,-0.0029007,0.0032265,0.003317,-0.0099239,0.0092994,-0.0065073,-0.005014,-0.005453,-0.0060865,-0.0040954,-0.0068875,-0.0082722,-0.0045615,-0.0093175
0.6477,-0.003575,-0.0026835,-0.0011494,0.00024889,-0.005996,0.00013123,0.003317,-0.005281,0.0015612,-0.00031677,-0.0065616,-0.010096,0.004747,-0.010286,-0.0053398,-0.0098198,-0.010752,-0.0077699
0.6478,-0.003575,0.0019594,-0.0026971,-0.0012988,-0.0013531,-0.0045117,-0.010612,-0.00063806,-0.006177,-0.0034121,-0.005014,-0.0085482,0.0016517,-0.0087383,-0.0053398,-0.011367,-0.016943,-0.0093175
0.6479,0.0026156,-0.0011358,-0.00734,0.0017965,0.0063852,-0.0045117,-0.0044212,0.00090958,0.0077518,0.0012309,-0.0081093,-0.0023577,-0.0029912,-0.0025477,-0.0053398,-0.0051769,-0.0061091,0.001516
0.648,-0.0020273,0.0035071,-0.0042447,-0.0012988,0.0048375,0.0032265,0.0017694,-0.0021857,0.0077518,-0.0034121,-0.0034664,0.00073762,-0.0060865,-0.0040954,-0.0068875,-0.0067246,-0.0076568,-3.1677e-05
0.6481,0.0041632,-0.0011358,-0.00734,-0.0028464,-0.0044483,-0.0060593,-0.0059688,-0.0037333,-0.0015341,-0.0018644,0.0042719,0.014666,-0.0029912,-0.0010001,-0.0084351,-0.0020816,-0.0076568,-0.003127
0.6482,0.001068,-0.0057788,-0.00734,0.0048918,-0.0013531,-0.0029641,0.0017694,0.00090958,-0.006177,-0.0049597,-0.0019187,0.0053805,-0.0014436,0.00054756,-0.0037922,0.0010137,-0.0014662,-0.0046746
0.6483,-0.00047968,-0.0011358,-0.0011494,0.0079871,0.0017422,-0.0060593,-0.0013259,-0.00063806,-0.0015341,0.0012309,-0.0065616,0.0038329,-0.0029912,0.0020952,-0.0053398,-0.0036293,-0.0045615,-0.0062222
0.6484,-0.012861,-0.0026835,-0.0011494,-0.0012988,0.0017422,-0.0045117,-0.0028735,0.0024572,0.0031089,0.0012309,-0.0065616,0.0038329,-0.0060865,-0.0025477,-0.0037922,-0.019106,8.1455e-05,-0.010865
0.6485,-0.003575,0.0019594,-0.0057923,-0.0012988,-0.0029007,-0.0029641,0.0017694,-0.0021857,-0.0015341,-0.0018644,-0.0096569,0.0022853,-0.0045388,0.0020952,0.00085075,-0.017558,8.1455e-05,-0.012413
0.6486,-0.00047968,0.0019594,-0.0026971,0.0033442,-0.0029007,0.0032265,0.0048647,-0.005281,0.0062041,0.0058738,-0.005014,-0.0023577,-0.0091818,-0.0025477,-0.00069689,-0.022201,-0.010752,-3.1677e-05
0.6487,-0.0020273,-0.0057788,-0.0057923,-0.0074893,-0.005996,-0.0029641,-0.0028735,-0.0021857,0.0092994,-0.0018644,0.0011766,-0.0070006,-0.0076341,-0.0040954,-0.00069689,-0.020653,-0.0092044,0.0030636
0.6488,-0.0066702,-0.015065,-0.0011494,-0.009037,-0.005996,-0.0029641,0.0048647,-0.0099239,0.0077518,-0.0018644,-0.005014,-0.0039053,-0.0045388,-0.0025477,-0.0022445,-0.0067246,-0.0045615,0.001516
0.6489,-0.0097655,-0.0011358,0.0050412,-0.0012988,-0.0075436,-0.0014164,-0.0059688,-0.0037333,0.0015612,-0.0018644,-0.005014,-0.005453,-0.0045388,-0.005643,-0.01153,-0.0020816,-0.0092044,-0.0015793
0.649,-0.003575,-0.0057788,0.0034935,0.00024889,-0.005996,0.0047742,-0.0059688,0.00090958,-0.0030817,-0.00031677,-0.0019187,-0.00081002,-0.0076341,-0.005643,-0.0068875,-0.0051769,-0.0030138,0.001516
0.6491,0.0026156,-0.0073264,-0.0011494,0.0079871,-0.0013531,0.0016789,0.0064123,0.0055525,-0.0046294,-0.008055,-0.0081093,-0.00081002,-0.0060865,0.00054756,-0.0053398,-0.0082722,-0.0045615,-0.0077699
0.6492,-0.0020273,-0.0088741,-0.0042447,0.0017965,-0.0013531,-0.0014164,0.003317,0.0024572,-0.0030817,-0.01115,-0.0034664,-0.0070006,-0.0045388,-0.0025477,-0.0099827,-0.012915,-0.013847,-0.0046746
0.6493,-0.0020273,-0.0011358,-0.0042447,0.0017965,-0.0090913,-0.0014164,0.00022174,-0.0037333,-0.0046294,-0.0034121,-0.0019187,-0.0070006,-0.0029912,-0.0010001,-0.0037922,-0.011367,-0.0014662,-0.0093175
0.6494,-0.0020273,-0.0042311,-0.0011494,0.0017965,-0.005996,-0.007607,0.011055,-0.0021857,-0.0030817,-0.0034121,-0.005014,-0.014739,-0.0045388,-0.005643,-0.00069689,-0.0036293,-0.0061091,-0.003127
0.6495,-0.00047968,0.0019594,0.00039822,-0.0028464,-0.0075436,-0.0091546,0.0017694,-0.00063806,-0.0046294,-0.00031677,-0.0034664,-0.0085482,-0.0091818,0.0020952,-0.00069689,-0.0051769,-0.0092044,-0.0093175
0.6496,0.0026156,-0.0026835,0.0019459,-0.0028464,0.0032899,0.0016789,-0.0028735,0.0040049,-0.0030817,-0.0049597,-0.00037107,-0.0039053,-0.0060865,0.0036428,-0.0037922,-0.0082722,-0.0061091,-0.0062222
0.6497,0.0041632,-0.0011358,-0.0042447,0.00024889,-0.0013531,-0.0014164,-0.0013259,-0.0068286,-0.0030817,-0.0034121,-0.0034664,-0.010096,-0.0045388,0.0020952,-0.00069689,-0.011367,-0.0061091,-0.0093175
0.6498,0.0072585,-0.0042311,-0.0026971,0.00024889,-0.005996,0.0032265,0.00022174,-0.0068286,0.0046565,-0.008055,-0.005014,-0.0070006,-0.0076341,-0.0040954,-0.0068875,-0.017558,-0.0061091,-0.0077699
0.6499,0.010354,-0.0026835,0.0050412,-0.009037,0.0079328,-0.0029641,-0.0013259,-0.0037333,0.0092994,0.0027785,0.0011766,-0.0070006,-0.0076341,-0.005643,-0.014626,-0.0098198,-0.0061091,-0.012413
0.65,-0.00047968,0.0035071,-0.0042447,-0.0059417,0.0048375,-0.010702,0.00022174,0.0024572,0.0015612,-0.0018644,-0.00037107,-0.0039053,-0.0076341,-0.0040954,-0.00069689,-0.011367,-0.0030138,-0.003127
0.6501,-0.00047968,0.0050547,-0.0011494,-0.004394,-0.010639,-0.0060593,0.00022174,0.0040049,1.3576e-05,-0.0034121,0.0042719,0.00073762,-0.0091818,-0.0025477,-0.0053398,-0.0067246,8.1455e-05,-0.0062222
0.6502,-0.00047968,0.0019594,-0.0042447,-0.0012988,-0.0029007,-0.0029641,0.0064123,0.00090958,0.0062041,-0.0034121,-0.0034664,0.0053805,-0.0045388,-0.016477,-0.0053398,-0.0082722,-0.0045615,-3.1677e-05
0.6503,0.0026156,0.0035071,-0.0011494,0.00024889,0.0017422,0.0016789,-0.0044212,0.0024572,-0.0030817,-0.00031677,-0.0019187,0.00073762,-0.0029912,-0.0087383,-0.0099827,-0.0051769,-0.0076568,0.001516
0.6504,-0.0020273,0.0035071,-0.0042447,0.0033442,-0.0029007,0.0047742,-0.0013259,-0.0037333,0.0015612,-0.0049597,-0.0081093,-0.005453,-0.0045388,-0.0025477,-0.0068875,-0.0098198,-0.0061091,-0.0046746
0.6505,-0.0082179,-0.0011358,-0.0057923,-0.004394,-0.010639,-0.0014164,0.00022174,-0.00063806,0.0015612,-0.0034121,-0.0065616,-0.0039053,-0.0060865,-0.0040954,-0.0022445,-0.0036293,-0.010752,-0.003127
0.6506,-0.0051226,0.00815,-0.0057923,-0.0059417,-0.0044483,-0.0014164,0.0064123,0.00090958,0.0015612,-0.0018644,-0.0034664,-0.00081002,-0.0029912,-0.0040954,-0.0099827,-0.0082722,-0.016943,-0.0077699
0.6507,0.0026156,0.014341,-0.0057923,0.00024889,-0.0075436,-0.0014164,0.00022174,-0.0037333,0.0031089,-0.0034121,-0.005014,0.0038329,-0.0076341,-0.0010001,-0.0084351,-0.0051769,-0.0076568,-0.017056
0.6508,-0.00047968,0.00815,-0.0026971,-0.0012988,-0.0044483,-0.007607,-0.0013259,-0.0021857,-0.0015341,-0.0049597,-0.0034664,0.0038329,-0.012277,-0.0010001,-0.0053398,-0.0098198,0.0047244,-0.012413
0.6509,0.0057109,0.0050547,-0.00734,-0.0012988,0.00019459,0.00013123,-0.0028735,-0.0021857,0.0015612,-0.0049597,-0.0019187,-0.00081002,-0.0045388,-0.0025477,-0.0022445,-0.0098198,0.0047244,-0.0046746
0.651,0.001068,0.0066024,0.00039822,-0.0028464,0.0017422,0.0047742,-0.0044212,0.0024572,-0.0015341,-0.0049597,-0.0081093,-0.0023577,-0.0014436,-0.0025477,-0.0037922,-0.0082722,0.0016291,0.0061589
0.6511,-0.0020273,0.00815,0.0034935,0.0017965,-0.0090913,0.0063218,-0.0013259,-0.00063806,-0.0046294,-0.0049597,-0.0081093,-0.0039053,-0.0076341,-0.005643,-0.0037922,-0.0098198,0.0031767,-0.0015793
0.6512,-0.0066702,-0.0011358,-0.00734,0.00024889,-0.0013531,0.0016789,0.003317,-0.0021857,-0.0030817,-0.0018644,-0.0065616,-0.010096,-0.018468,-0.005643,-0.0053398,-0.0067246,-0.0045615,-0.010865
0.6513,-0.0020273,-0.0042311,0.0034935,0.00024889,0.0017422,0.00013123,0.0017694,-0.00063806,-0.0015341,-0.008055,-0.012752,-0.011644,-0.015372,-0.0040954,-0.0068875,-0.0082722,-0.0092044,-0.0077699
0.6514,0.0041632,0.0019594,-0.00734,-0.004394,-0.0090913,0.0032265,-0.0044212,-0.0021857,-0.0015341,-0.0049597,-0.0034664,-0.0085482,-0.0060865,-0.0010001,-0.0084351,-0.011367,-0.0061091,-0.0046746
0.6515,-0.0051226,-0.0011358,-0.0026971,-0.0059417,-0.0013531,0.0032265,-0.0090641,0.0024572,-0.0015341,-0.0034121,0.0027242,-0.0070006,-0.0045388,-0.005643,-0.014626,-0.0067246,0.0031767,-0.0077699
0.6516,0.0041632,-0.0026835,0.00039822,0.00024889,0.0048375,-0.0029641,0.0095076,0.0071001,-0.0046294,-0.0049597,-0.011205,-0.014739,-0.0029912,-0.0040954,-0.01153,-0.0067246,-0.0014662,-0.0093175
0.6517,0.0088062,-0.0026835,-0.0057923,0.0017965,0.0048375,-0.0014164,0.0017694,-0.005281,-0.0046294,-0.0034121,-0.0081093,-0.0070006,-0.0060865,-0.0071907,-0.0022445,-0.011367,0.0016291,-0.01396
0.6518,0.0057109,0.0050547,0.0065888,-0.0012988,-0.0029007,-0.0045117,0.0017694,-0.005281,1.3576e-05,0.0012309,0.0027242,-0.0023577,-0.0029912,-0.0087383,-0.0022445,-0.011367,8.1455e-05,-0.01396
0.6519,-0.0020273,0.0004118,0.00039822,0.0017965,0.00019459,-0.0014164,0.0064123,0.0024572,0.0015612,-0.0049597,-0.005014,-0.0085482,-0.0060865,-0.0071907,-0.013078,-0.0082722,-0.0061091,-0.0077699
0.652,0.0026156,-0.0042311,-0.0057923,0.0064395,-0.0013531,0.00013123,0.0064123,-0.005281,-0.0030817,-0.012698,-0.012752,-0.011644,0.00010408,-0.0071907,-0.0022445,-0.0098198,-0.0061091,-0.01396
0.6521,-0.0020273,0.00815,-0.0011494,0.0033442,-0.0044483,-0.0014164,0.00022174,0.0024572,-0.0030817,-0.0049597,-0.0019187,-0.016286,0.0016517,-0.005643,-0.0068875,-0.0067246,-0.0076568,-0.010865
0.6522,-0.00047968,0.0004118,-0.0042447,0.0017965,-0.0029007,-0.0045117,0.00022174,0.0071001,-0.006177,0.0012309,0.0027242,-0.0039053,-0.0045388,-0.0025477,-0.0068875,-0.00053398,-0.0092044,-0.015508
0.6523,0.0026156,0.0050547,-0.00734,0.0033442,0.0017422,-0.0014164,-0.0044212,0.0071001,-0.0077246,-0.0018644,-0.0065616,0.0038329,-0.0076341,-0.0087383,-0.0099827,-0.0020816,-0.0076568,-0.0093175
0.6524,-0.003575,0.014341,-0.0057923,0.011082,0.0063852,-0.0060593,-0.0028735,0.0040049,-0.0030817,-0.0034121,-0.011205,-0.0039053,-0.0076341,-0.010286,-0.0053398,-0.0036293,-0.0061091,-0.0077699
0.6525,-0.003575,0.0004118,0.0034935,0.0033442,0.00019459,0.0016789,0.00022174,0.0040049,-0.0015341,-0.0096026,-0.0034664,-0.011644,0.00010408,-0.010286,-0.0099827,-0.0051769,-0.0030138,-0.0046746
0.6526,0.0041632,0.0035071,-0.00734,-0.0074893,0.00019459,-0.0014164,-0.0044212,0.0040049,-0.006177,-0.00031677,-0.0019187,-0.010096,-0.0076341,-0.005643,-0.0022445,-0.0036293,-0.0092044,-0.0093175
0.6527,-0.0020273,0.0035071,-0.0042447,0.0017965,0.00019459,-0.0029641,-0.0028735,0.0040049,0.0046565,-0.00031677,0.0011766,-0.0070006,-0.0060865,-0.0087383,-0.0068875,-0.0067246,-0.0123,-0.010865
0.6528,-0.00047968,-0.0026835,-0.0026971,0.0033442,0.00019459,0.0078694,0.0064123,-0.0021857,0.0015612,-0.0018644,-0.0065616,-0.010096,-0.0091818,-0.0087383,-0.0068875,-0.0036293,-0.010752,-0.0046746
0.6529,0.001068,-0.0026835,0.00039822,0.0079871,0.0048375,0.0047742,-0.0013259,-0.0021857,-0.0046294,0.0012309,-0.00037107,-0.0085482,-0.0076341,-0.0071907,-0.0037922,-0.0067246,-0.0076568,-0.0046746
0.653,0.0041632,-0.0026835,-0.0042447,0.0048918,0.0017422,0.0032265,0.0017694,0.00090958,0.0015612,-0.0018644,-0.00037107,-0.005453,-0.0045388,-0.0025477,-0.0099827,-0.00053398,-0.0045615,-0.0046746
0.6531,-0.0051226,-0.0026835,-0.0026971,0.0033442,0.00019459,0.0047742,-0.0028735,-0.0037333,-0.0015341,0.0012309,-0.0034664,-0.005453,-0.010729,-0.0010001,-0.0068875,-0.011367,-0.0045615,-3.1677e-05
0.6532,-0.00047968,-0.0026835,-0.0057923,0.0048918,0.0017422,-0.0014164,-0.0028735,-0.005281,0.0015612,-0.008055,-0.0081093,-0.0039053,-0.0045388,-0.0040954,-0.0037922,-0.0067246,8.1455e-05,-0.003127
0.6533,0.001068,0.0035071,-0.0026971,0.0048918,-0.005996,-0.0045117,0.00796,-0.0021857,-0.0046294,0.0027785,-0.005014,-0.0039053,-0.0029912,-0.0071907,-0.0037922,-0.0051769,0.0031767,-0.003127
0.6534,-0.00047968,0.00815,0.0034935,0.0048918,-0.0013531,0.0078694,0.00022174,0.00090958,-0.0030817,-0.00031677,-0.0081093,-0.011644,-0.0029912,-0.005643,-0.013078,-0.012915,-0.0076568,-0.012413
0.6535,-0.00047968,0.0035071,0.0050412,-0.0012988,-0.005996,-0.0014164,-0.0013259,-0.0021857,0.0015612,-0.0049597,-0.0065616,-0.0039053,-0.0076341,-0.0071907,-0.0068875,-0.0067246,0.0031767,-0.012413
0.6536,-0.0097655,-0.0026835,-0.0011494,-0.0059417,0.0017422,-0.007607,0.0017694,0.0040049,0.0046565,0.0012309,-0.005014,-0.0039053,-0.0060865,-0.0071907,-0.0084351,0.0010137,-0.0030138,-0.0093175
0.6537,-0.0020273,-0.0011358,-0.0088876,-0.0059417,0.0017422,-0.007607,-0.0028735,0.0024572,0.0031089,-0.0034121,-0.0096569,-0.010096,-0.010729,-0.0010001,-0.0068875,-0.011367,8.1455e-05,-0.0062222
0.6538,-0.0051226,0.0035071,-0.0011494,-0.0012988,-0.0044483,-0.0045117,-0.0028735,-0.00063806,1.3576e-05,-0.0034121,0.0027242,-0.013191,-0.0029912,-0.0010001,-0.0099827,-0.0098198,-0.0092044,-0.003127
0.6539,-0.0020273,0.0019594,-0.0026971,0.0048918,-0.005996,-0.0014164,-0.0028735,-0.0037333,1.3576e-05,-0.0065073,-0.005014,-0.010096,-0.0014436,0.0020952,-0.01153,-0.011367,-0.010752,-0.0077699
0.654,-0.003575,0.0050547,-0.0042447,0.0095347,-0.0029007,0.0032265,0.00022174,0.0024572,1.3576e-05,-0.0049597,-0.011205,-0.0039053,-0.0045388,-0.0040954,-0.0084351,-0.011367,-0.0045615,-0.0046746
0.6541,-0.0020273,0.0004118,-0.0042447,0.0064395,-0.0075436,0.0032265,-0.0013259,0.00090958,1.3576e-05,-0.0034121,0.0011766,-0.005453,0.00010408,-0.0040954,-0.0022445,-0.011367,-0.0061091,-0.015508
0.6542,-0.003575,0.0004118,0.0019459,-0.004394,-0.0044483,-0.0060593,-0.0013259,0.0055525,-0.0046294,-0.008055,0.0027242,-0.011644,0.0016517,-0.0040954,-0.0037922,-0.0036293,-0.010752,-0.0077699
0.6543,-0.003575,0.0096977,-0.0026971,0.0033442,-0.0013531,0.0047742,0.003317,0.0086478,-0.0030817,-0.0018644,-0.00037107,-0.011644,-0.0045388,-0.005643,-0.0037922,-0.0082722,-0.0045615,-0.0046746
0.6544,-0.00047968,0.0096977,-0.0042447,0.0048918,0.00019459,0.0032265,-0.0044212,0.0040049,-0.0030817,-0.0018644,-0.00037107,-0.011644,-0.0029912,-0.011834,-0.0037922,-0.011367,-0.0045615,0.001516
0.6545,0.0088062,0.0066024,-0.0026971,0.00024889,0.0017422,0.0032265,-0.0028735,0.00090958,0.0015612,-0.0018644,-0.0019187,-0.0085482,0.0016517,-0.0071907,-0.0053398,-0.012915,-0.0045615,-0.0015793
0.6546,0.0026156,0.0050547,-0.0042447,-0.0059417,-0.0013531,0.00013123,-0.0028735,-0.0068286,0.010847,-0.0065073,-0.005014,-0.0070006,-0.0060865,-0.010286,-0.0037922,-0.0098198,-0.013847,-0.0077699
0.6547,0.001068,0.0050547,-0.011983,0.0017965,-0.0029007,-0.0060593,0.003317,-0.0021857,0.0015612,-0.0049597,-0.005014,-0.013191,-0.0045388,-0.005643,-0.0053398,-0.011367,-0.0123,-0.003127
0.6548,-0.00047968,-0.0011358,-0.0011494,0.0064395,-0.0013531,-0.0045117,0.0048647,-0.00063806,-0.0046294,-0.0049597,-0.00037107,-0.013191,0.00010408,-0.0071907,-0.0068875,-0.0051769,-0.0045615,-0.020151
0.6549,-0.00047968,-0.0011358,-0.0042447,0.0033442,0.0048375,-0.0045117,0.0048647,0.00090958,1.3576e-05,0.0027785,0.0011766,-0.010096,-0.012277,-0.005643,-0.0084351,-0.0082722,0.0031767,-0.0077699
0.655,-0.003575,-0.0011358,0.00039822,-0.010585,0.0017422,-0.0045117,0.00022174,-0.0021857,1.3576e-05,0.0012309,0.0011766,0.0022853,-0.013825,-0.0071907,-0.0037922,-0.011367,-0.0045615,-0.0077699
0.6551,-0.0020273,0.0004118,0.00039822,-0.0028464,-0.0044483,-0.0029641,-0.0013259,0.0040049,1.3576e-05,-0.0034121,-0.0034664,-0.0039053,-0.0029912,-0.005643,0.00085075,-0.0082722,-0.0123,-0.0077699
0.6552,-0.003575,0.014341,-0.0042447,-0.0028464,0.0017422,0.00013123,0.0017694,-0.00063806,0.0046565,0.0027785,0.0011766,-0.010096,0.0016517,-0.0025477,-0.0053398,-0.0082722,-0.0061091,0.001516
0.6553,0.0026156,0.0050547,-0.0057923,-0.004394,-0.0090913,-0.0045117,-0.0059688,0.0024572,1.3576e-05,0.0043262,-0.0081093,-0.0085482,0.0031994,0.00054756,-0.0084351,-0.0082722,-0.021586,-0.0046746
0.6554,-0.00047968,0.0004118,-0.0026971,-0.0028464,-0.0029007,-0.0045117,-0.0028735,-0.00063806,-0.0015341,-0.00031677,-0.0143,-0.016286,-0.0045388,-0.0025477,-0.0099827,-0.0067246,-0.0092044,-0.0077699
0.6555,-0.0020273,0.014341,-0.0057923,0.0017965,-0.0044483,-0.007607,-0.0044212,-0.0068286,-0.0030817,0.0027785,-0.0081093,-0.013191,0.0031994,-0.0040954,-0.0084351,-0.0036293,8.1455e-05,-0.01396
0.6556,-0.003575,0.014341,0.0034935,-0.0012988,0.0017422,-0.0060593,-0.010612,0.0024572,-0.0046294,-0.00031677,-0.0096569,-0.0039053,-0.0076341,-0.0025477,-0.00069689,-0.00053398,-0.0123,-0.0062222
0.6557,-0.00047968,0.0035071,0.0019459,-0.004394,0.00019459,-0.0029641,-0.0044212,-0.0021857,0.0015612,0.0027785,0.0058195,-0.0070006,-0.0029912,-0.0087383,-0.01153,-0.0098198,-0.0045615,-0.0046746
0.6558,-0.003575,-0.0042311,0.0050412,-0.0059417,-0.0044483,-0.0045117,-0.0028735,-0.00063806,0.0031089,-0.0034121,0.0073671,-0.0070006,-0.0060865,-0.0025477,-0.0099827,-0.0098198,0.0047244,-0.0015793
0.6559,-0.003575,-0.0026835,0.0019459,-0.0059417,-0.0013531,0.00013123,-0.0028735,0.00090958,-0.0030817,-0.0034121,0.0042719,-0.010096,-0.0045388,-0.0040954,-0.0084351,-0.0036293,-0.0045615,-0.0093175
0.656,-0.00047968,-0.0011358,0.00039822,-0.009037,0.00019459,-0.0060593,-0.0013259,-0.0037333,-0.0015341,-0.0049597,0.0011766,-0.0070006,-0.0014436,-0.0071907,-0.0084351,-0.011367,-0.0061091,-0.010865
0.6561,-0.003575,0.0050547,0.0019459,-0.0012988,-0.0090913,-0.0060593,0.0017694,-0.005281,-0.0046294,0.0027785,-0.0096569,-0.014739,-0.0029912,0.0067381,-0.0037922,-0.0036293,-0.0030138,-0.012413
0.6562,-0.003575,0.0004118,-0.0042447,0.0017965,0.0017422,0.0016789,0.00022174,-0.0021857,1.3576e-05,-0.0065073,-0.005014,-0.010096,-0.0014436,-0.0010001,-0.0068875,-0.0020816,8.1455e-05,-0.0046746
0.6563,-0.003575,0.0066024,0.00039822,-0.004394,0.00019459,-0.0045117,0.00022174,0.0024572,0.0077518,0.0043262,-0.0034664,-0.005453,0.0031994,0.0020952,-0.00069689,-0.0082722,-0.0030138,-0.0062222
0.6564,-0.0097655,0.0019594,-0.0026971,0.00024889,-0.0029007,-0.0029641,-0.0013259,-0.00063806,0.0031089,0.0027785,-0.00037107,-0.0085482,0.0062947,-0.0025477,0.0023984,-0.0067246,-0.0061091,-0.017056
0.6565,-0.00047968,-0.011969,-0.0026971,0.00024889,0.0017422,0.0032265,-0.0013259,0.0040049,0.0015612,0.0012309,-0.00037107,-0.005453,-0.0060865,-0.0010001,-0.0084351,-0.0082722,-0.0030138,-0.0093175
0.6566,-0.0020273,-0.011969,0.0034935,0.0033442,-0.0013531,-0.0014164,0.0017694,-0.005281,0.0015612,-0.00031677,-0.005014,-0.0070006,-0.0076341,-0.0087383,-0.00069689,-0.0051769,0.0047244,-0.017056
0.6567,-0.0051226,-0.0073264,-0.0042447,-0.0059417,-0.0044483,-0.0045117,-0.0059688,-0.005281,1.3576e-05,0.0043262,-0.0065616,-0.0039053,0.0016517,-0.010286,-0.00069689,-0.01601,-0.0076568,-0.018603
0.6568,0.0057109,-0.0026835,0.0019459,0.0017965,-0.0013531,-0.0045117,0.0017694,-0.0021857,1.3576e-05,0.0043262,-0.0096569,-0.00081002,-0.0045388,-0.0087383,-0.0053398,-0.014463,-0.0076568,-0.017056
0.6569,-0.003575,-0.0026835,0.00039822,-0.0059417,0.00019459,0.00013123,0.003317,-0.0068286,1.3576e-05,0.0012309,-0.00037107,-0.010096,-0.0060865,-0.005643,-0.0053398,-0.0036293,-0.0123,-0.012413
0.657,0.0026156,0.0019594,-0.0042447,0.0017965,0.00019459,-0.0029641,0.003317,-0.0068286,0.0015612,-0.01115,-0.0065616,-0.0023577,-0.0029912,-0.0071907,-0.0084351,-0.0082722,-0.0030138,-0.012413
0.6571,0.0057109,-0.0011358,-0.0011494,0.0033442,0.0048375,0.0047742,0.003317,-0.0068286,-0.0030817,-0.0049597,-0.0019187,-0.005453,-0.0029912,-0.005643,-0.0053398,-0.0051769,-0.0030138,-0.01396
0.6572,0.0041632,0.0004118,-0.0011494,0.0017965,0.0048375,0.00013123,-0.0044212,0.0055525,1.3576e-05,-0.0018644,-0.005014,-0.0070006,-0.0029912,-0.0071907,-0.0037922,-0.0051769,-0.0045615,-0.01396
0.6573,-0.0020273,-0.0011358,-0.0011494,-0.0028464,-0.0029007,0.00013123,-0.0059688,0.0024572,0.0046565,0.0012309,-0.0019187,-0.0039053,-0.0045388,-0.0025477,-0.0053398,-0.0020816,-0.0092044,-0.0093175
0.6574,-0.003575,-0.0026835,-0.0011494,-0.012132,0.0017422,-0.0029641,-0.0044212,-0.0021857,0.0062041,-0.00031677,-0.0081093,-0.0070006,-0.0076341,-0.0071907,-0.014626,-0.0036293,-0.0092044,-0.0015793
0.6575,-0.00047968,0.0035071,-0.0026971,-0.0059417,0.0048375,0.0063218,-0.0044212,0.0024572,-0.0015341,-0.0049597,-0.0065616,-0.005453,-0.0029912,-0.0087383,-0.0099827,-0.0036293,-0.0123,-0.0077699
0.6576,0.0026156,0.0035071,-0.0026971,-0.0012988,-0.0013531,0.0016789,0.00022174,0.00090958,-0.006177,0.0027785,-0.0081093,-0.010096,-0.0014436,-0.0071907,-0.0068875,-0.011367,-0.0061091,-0.015508
0.6577,-0.003575,0.00815,0.00039822,0.0048918,-0.0044483,-0.0029641,-0.0059688,0.0024572,-0.0046294,-0.00031677,-0.0081093,-0.016286,0.00010408,-0.010286,-0.0099827,-0.0098198,8.1455e-05,-0.01396
0.6578,-0.003575,0.0019594,0.00039822,-0.0012988,0.00019459,0.0016789,0.003317,-0.0021857,-0.0030817,-0.0049597,-0.012752,-0.0070006,-0.0060865,-0.018024,-0.0099827,-0.012915,-0.0030138,-0.010865
0.6579,-0.0082179,0.0019594,0.0034935,0.00024889,0.0017422,0.0032265,-0.0028735,-0.0037333,1.3576e-05,-0.0034121,-0.0065616,-0.013191,-0.0045388,-0.0071907,-0.0099827,-0.0098198,-0.0092044,-0.003127
0.658,0.001068,-0.0042311,0.0019459,-0.0012988,-0.0029007,0.0016789,-0.0013259,-0.0021857,0.0015612,-0.0049597,-0.0019187,-0.0085482,0.0031994,-0.0071907,0.003946,-0.0036293,-0.010752,-3.1677e-05
0.6581,0.0026156,-0.0042311,-0.0011494,0.0048918,0.0017422,0.00013123,-0.0013259,0.0024572,0.0031089,0.0043262,-0.0034664,-0.0085482,-0.0014436,-0.0040954,-0.0037922,-0.0098198,-0.0061091,-0.0093175
0.6582,-0.00047968,-0.0026835,-0.0026971,0.00024889,0.0017422,0.0032265,0.00796,0.00090958,1.3576e-05,-0.0018644,-0.0081093,-0.016286,-0.0076341,-0.005643,-0.0084351,-0.0082722,-0.0045615,-0.010865
0.6583,-0.003575,0.0019594,-0.0042447,0.0064395,-0.005996,0.0016789,0.0017694,0.0055525,-0.006177,-0.0034121,0.0011766,-0.011644,-0.0076341,-0.005643,-0.0053398,-0.0020816,-0.0092044,-0.01396
0.6584,0.001068,0.0066024,-0.0026971,0.0033442,-0.0029007,-0.0014164,0.00022174,-0.00063806,-0.0092723,-0.01115,0.0042719,-0.011644,-0.010729,-0.005643,-0.0053398,-0.011367,-0.0014662,-0.0077699
0.6585,0.0057109,0.0050547,-0.0088876,0.0033442,-0.0044483,-0.0014164,0.00022174,-0.00063806,-0.0077246,-0.0065073,-0.0065616,-0.0023577,-0.0060865,-0.0071907,-0.0068875,-0.011367,0.0016291,-0.0046746
0.6586,-0.00047968,-0.0011358,-0.0011494,0.0079871,0.0048375,-0.0029641,-0.0028735,-0.0037333,0.0031089,-0.0018644,-0.0065616,-0.0039053,-0.0014436,-0.016477,-0.0068875,-0.00053398,-0.0045615,-0.0093175
0.6587,0.0026156,-0.0011358,-0.0042447,-0.0074893,0.0048375,-0.0060593,-0.0028735,-0.0037333,0.0031089,0.0012309,-0.0034664,-0.014739,-0.0076341,-0.005643,-0.0099827,0.0103,-0.0092044,-0.0093175
0.6588,-0.00047968,-0.0026835,-0.0026971,-0.0028464,0.0017422,-0.0029641,-0.0013259,-0.0021857,-0.006177,-0.008055,0.0027242,-0.016286,0.00010408,-0.011834,-0.0037922,0.0087519,-0.0061091,-0.0015793
0.6589,-0.0020273,-0.0011358,-0.0011494,0.0017965,0.0017422,0.0032265,-0.0013259,-0.0037333,-0.006177,-0.008055,-0.0019187,-0.0023577,-0.0014436,-0.011834,-0.0084351,-0.0082722,-0.0030138,-0.0062222
0.659,0.010354,-0.0011358,-0.0011494,-0.0012988,-0.0029007,0.0047742,0.0048647,-0.0037333,0.0077518,-0.00031677,-0.005014,-0.0039053,0.00010408,-0.014929,-0.0084351,-0.0098198,-0.0014662,-0.0046746
0.6591,-0.00047968,-0.0073264,-0.010435,-0.0059417,-0.0029007,0.00013123,-0.0013259,-0.00063806,0.0077518,-0.0034121,0.0027242,-0.00081002,-0.010729,-0.010286,-0.0084351,-0.0098198,-0.0092044,-0.0062222
0.6592,-0.00047968,0.0004118,0.0019459,0.00024889,0.0017422,0.0016789,-0.0028735,-0.0037333,1.3576e-05,-0.0065073,0.0027242,-0.0039053,-0.018468,-0.005643,-0.01153,-0.011367,-0.0045615,-0.0046746
0.6593,0.0026156,0.0035071,0.00039822,0.0033442,-0.0013531,0.0016789,-0.0013259,-0.0037333,1.3576e-05,-0.008055,-0.0034664,-0.010096,-0.012277,-0.011834,-0.01153,-0.0051769,-0.010752,-0.0062222
0.6594,-0.0020273,-0.0026835,0.00039822,-0.0012988,-0.0029007,-0.0060593,0.0017694,0.00090958,1.3576e-05,-0.0034121,-0.0081093,-0.0023577,-0.0014436,-0.0071907,-0.0084351,-0.0067246,-0.0076568,-0.003127
0.6595,0.0026156,-0.0042311,0.00039822,-0.004394,-0.0044483,-0.0014164,-0.0013259,-0.0021857,0.0046565,-0.0034121,-0.005014,-0.005453,0.00010408,-0.011834,-0.0099827,-0.012915,-0.0061091,-0.0046746
0.6596,0.0026156,0.0035071,-0.010435,0.0033442,-0.0029007,-0.0029641,-0.0075165,-0.005281,0.0015612,0.0012309,-0.00037107,-0.0039053,-0.0060865,-0.0087383,-0.0022445,-0.0082722,-0.0076568,-0.003127
0.6597,-0.003575,-0.0011358,-0.0026971,0.0017965,0.00019459,-0.007607,0.00022174,0.00090958,-0.0030817,0.0012309,-0.00037107,-0.0070006,-0.010729,-0.011834,-0.0022445,-0.0098198,-0.0076568,-0.003127
0.6598,-0.0051226,-0.0026835,-0.0088876,-0.004394,-0.0013531,-0.0029641,-0.0044212,-0.0068286,-0.0030817,-0.0049597,0.0042719,-0.005453,-0.0014436,-0.022667,0.00085075,-0.0098198,-0.0076568,-0.0046746
0.6599,-0.0066702,0.0035071,-0.0026971,0.0064395,-0.0029007,-0.0014164,-0.0028735,0.00090958,1.3576e-05,-0.0034121,-0.005014,-0.0023577,-0.0060865,-0.016477,0.0054937,-0.0067246,-0.0061091,-0.0015793
0.66,-0.0097655,0.0066024,0.00039822,0.0017965,0.00019459,0.0016789,-0.0044212,-0.0037333,0.0015612,-0.008055,-0.0019187,-0.0085482,-0.0029912,-0.014929,0.00085075,-0.0098198,-0.0014662,-3.1677e-05
0.6601,-0.0051226,-0.0011358,-0.0011494,-0.0012988,-0.0029007,0.0047742,0.00022174,0.00090958,0.0031089,-0.008055,-0.0019187,-0.017834,-0.0076341,-0.013381,-0.0099827,-0.0067246,-0.0076568,-0.0093175
0.6602,0.0026156,-0.0011358,-0.0026971,-0.0012988,0.00019459,0.0016789,0.003317,0.00090958,0.0015612,0.0012309,-0.0034664,-0.025572,-0.0091818,-0.0071907,-0.016173,-0.0051769,-0.0030138,-0.0062222
0.6603,0.001068,-0.0057788,-0.010435,0.0048918,0.00019459,0.0047742,0.003317,0.0040049,0.0015612,0.013612,-0.0081093,-0.011644,-0.010729,-0.011834,-0.0022445,-0.0020816,-0.0030138,-0.0046746
0.6604,-0.003575,-0.0011358,-0.013531,0.0095347,-0.0029007,0.00013123,0.0048647,-0.00063806,-0.0030817,0.0058738,-0.005014,-0.010096,0.00010408,-0.0087383,-0.0037922,-0.0082722,-0.0092044,-0.0046746
0.6605,-0.0020273,-0.0026835,-0.0088876,0.0017965,-0.0044483,-0.0029641,0.00022174,-0.00063806,0.0015612,0.0027785,-0.0019187,-0.0070006,-0.0060865,-0.014929,-0.0053398,-0.0051769,-0.0045615,-0.003127
0.6606,0.0026156,0.0019594,0.0019459,0.00024889,0.0017422,-0.0014164,-0.0013259,0.0040049,1.3576e-05,-0.0049597,-0.0065616,-0.010096,-0.0091818,-0.0040954,-0.0037922,-0.0098198,-0.0045615,-0.0015793
0.6607,0.0026156,0.0019594,0.0065888,0.0033442,0.0048375,-0.0029641,-0.0013259,0.00090958,0.0031089,-0.0018644,-0.0065616,-0.0039053,-0.0091818,-0.013381,-0.0037922,-0.0098198,-0.0030138,-0.003127
0.6608,-0.0020273,0.0035071,0.0019459,0.0048918,-0.0029007,-0.0060593,-0.0013259,-0.005281,0.0015612,0.0043262,-0.0065616,-0.011644,0.00010408,-0.011834,0.00085075,-0.0098198,0.0016291,-0.0015793
0.6609,-0.0020273,0.0035071,-0.0011494,0.00024889,0.0017422,0.0047742,-0.0013259,-0.0099239,0.0015612,0.013612,-0.0081093,-0.0085482,0.0016517,-0.011834,-0.00069689,-0.011367,0.0016291,-0.0046746
0.661,-0.00047968,0.0019594,-0.0011494,-0.0028464,0.0017422,0.0016789,-0.0028735,-0.0021857,0.0015612,-0.00031677,-0.012752,-0.014739,-0.0014436,-0.014929,-0.0068875,-0.0051769,-0.0045615,-0.0062222
0.6611,0.0041632,-0.0026835,-0.0011494,0.0048918,-0.0029007,0.0016789,0.00022174,0.00090958,-0.0015341,-0.0018644,-0.0081093,-0.011644,-0.0076341,-0.016477,-0.0084351,-0.01601,-0.0045615,-0.0093175
0.6612,0.001068,0.0066024,-0.0057923,0.0033442,-0.0029007,0.0016789,0.0048647,0.0055525,0.0046565,-0.0034121,-0.00037107,-0.011644,-0.0014436,-0.014929,-0.0022445,-0.0036293,-0.0030138,-0.010865
0.6613,-0.0051226,0.0066024,-0.0011494,-0.0028464,-0.005996,0.0063218,-0.0059688,-0.0021857,-0.0015341,-0.0018644,-0.005014,-0.010096,-0.0029912,-0.0087383,-0.0068875,-0.0036293,-0.0014662,-0.003127
0.6614,-0.003575,0.0004118,0.0034935,0.00024889,-0.005996,0.0032265,0.00796,0.00090958,1.3576e-05,0.0027785,-0.0019187,-0.011644,-0.0091818,-0.011834,-0.0053398,-0.00053398,-0.0061091,0.001516
0.6615,0.001068,-0.0057788,-0.0011494,-0.0028464,-0.0044483,-0.0014164,0.003317,-0.005281,0.0062041,-0.00031677,-0.005014,-0.016286,-0.010729,-0.013381,-0.0084351,-0.0082722,-0.0076568,-0.0046746
0.6616,0.001068,0.0004118,0.00039822,0.00024889,0.0032899,-0.0029641,0.0048647,-0.005281,1.3576e-05,0.0074214,-0.0081093,-0.011644,0.00010408,-0.010286,-0.0099827,-0.00053398,-0.0045615,-0.0093175
0.6617,-0.0082179,0.0004118,-0.013531,0.0033442,-0.0029007,0.0047742,0.0017694,-0.0037333,0.010847,-0.0018644,-0.005014,-0.0070006,-0.0045388,-0.018024,-0.0037922,-0.0051769,-0.0061091,-0.012413
0.6618,-0.0082179,0.0035071,-0.010435,0.0079871,-0.005996,0.0063218,0.00022174,0.00090958,0.0077518,-0.0034121,-0.00037107,-0.0070006,-0.012277,-0.013381,-0.0037922,-0.0098198,8.1455e-05,-0.003127
0.6619,-0.00047968,-0.0026835,-0.0042447,0.0095347,-0.010639,0.0032265,0.0048647,0.0071001,0.012395,-0.0096026,-0.0034664,-0.0070006,-0.01692,-0.014929,-0.0037922,-0.0067246,-0.0061091,-0.0062222
0.662,-0.00047968,0.0004118,-0.00734,0.0017965,-0.0075436,-0.0029641,0.0048647,0.0040049,0.0077518,-0.0049597,-0.005014,-0.011644,-0.0029912,-0.0071907,-0.0037922,-0.0036293,-0.0061091,-0.015508
0.6621,-0.0097655,-0.0026835,-0.0042447,-0.0012988,0.00019459,-0.0014164,-0.0013259,-0.0068286,0.0015612,0.0012309,-0.00037107,-0.010096,0.00010408,-0.0087383,-0.0099827,0.0041089,-0.0061091,-0.010865
0.6622,-0.0051226,-0.0057788,0.0019459,0.0048918,0.0017422,-0.0014164,-0.0059688,-0.00063806,1.3576e-05,-0.00031677,-0.0034664,-0.011644,0.0016517,-0.013381,-0.0084351,0.0025613,-0.0030138,-0.003127
0.6623,-0.00047968,0.0004118,-0.011983,0.0048918,0.00019459,-0.0014164,-0.0044212,-0.00063806,0.0015612,-0.0049597,-0.0034664,-0.0070006,0.0016517,-0.013381,-0.013078,-0.0036293,-0.0076568,-0.0046746
0.6624,-0.0020273,0.0019594,-0.0088876,0.0033442,0.0032899,-0.0060593,0.0048647,0.0040049,0.0015612,-0.0049597,-0.00037107,-0.0039053,-0.0045388,-0.0071907,-0.014626,-0.0051769,-0.0030138,-0.0062222
0.6625,-0.00047968,0.00815,0.0034935,0.00024889,0.0032899,-0.0029641,-0.0028735,-0.00063806,-0.0030817,-0.0018644,-0.0019187,-0.00081002,-0.012277,0.00054756,-0.0084351,-0.0098198,-0.0014662,-0.012413
0.6626,-0.0051226,0.0004118,0.00039822,0.0017965,0.00019459,0.00013123,0.0048647,-0.00063806,1.3576e-05,-0.0065073,-0.0081093,-0.0039053,-0.015372,-0.0071907,-0.0022445,-0.0051769,-0.0030138,-0.012413
0.6627,-0.003575,-0.0011358,-0.0042447,-0.0028464,0.00019459,-0.0014164,0.0017694,0.0040049,0.0062041,0.0012309,0.0011766,-0.0039053,-0.0091818,-0.0071907,-0.016173,-0.0036293,-0.0076568,-0.0077699
0.6628,-0.011313,-0.0011358,-0.0042447,-0.0074893,-0.0029007,0.0032265,0.003317,-0.0037333,0.0046565,0.0027785,-0.00037107,-0.005453,-0.0045388,-0.0025477,-0.0099827,-0.0082722,-0.013847,-0.0077699
0.6629,-0.003575,-0.0026835,-0.0057923,-0.0012988,0.00019459,0.0032265,-0.0013259,-0.005281,1.3576e-05,-0.00031677,-0.005014,-0.005453,0.0016517,-0.0071907,-0.0068875,-0.0051769,-0.0092044,-0.0093175
0.663,-0.0020273,-0.0026835,-0.0057923,0.00024889,0.00019459,-0.0014164,0.003317,0.0024572,0.0015612,-0.0018644,-0.0019187,-0.017834,0.0062947,-0.014929,-0.0022445,-0.00053398,-0.0014662,-0.0062222
0.6631,0.001068,0.014341,-0.0026971,0.0017965,0.0032899,-0.0029641,0.00022174,0.00090958,0.0015612,-0.0034121,-0.005014,-0.016286,-0.0029912,-0.010286,-0.00069689,-0.00053398,0.0093673,-0.0077699
0.6632,0.0057109,-0.0011358,0.00039822,0.00024889,0.00019459,0.00013123,0.00022174,-0.0068286,1.3576e-05,-0.0018644,-0.0019187,-0.010096,-0.0029912,-0.014929,-0.00069689,-0.0082722,8.1455e-05,-0.017056
0.6633,-0.00047968,0.0004118,-0.0026971,-0.004394,-0.005996,0.00013123,-0.0013259,-0.005281,1.3576e-05,-0.00031677,-0.0065616,-0.0039053,-0.0029912,-0.0087383,-0.0068875,-0.0082722,0.0031767,-0.01396
0.6634,-0.0066702,0.0004118,-0.0011494,-0.0012988,-0.0029007,0.0016789,0.003317,-0.0083763,-0.0015341,-0.0034121,-0.0065616,-0.0039053,-0.0029912,-0.010286,-0.01153,-0.0067246,8.1455e-05,-0.0077699
0.6635,-0.00047968,0.015888,-0.0057923,0.0033442,0.0079328,0.00013123,0.0017694,-0.0083763,-0.0015341,0.0012309,-0.0065616,-0.0039053,-0.0014436,0.0020952,-0.0068875,-0.017558,8.1455e-05,-0.010865
0.6636,-0.00047968,0.0004118,-0.0057923,0.0064395,0.00019459,-0.0014164,-0.0044212,-0.0021857,-0.0030817,-0.008055,0.0011766,-0.010096,-0.0045388,-0.0087383,-0.00069689,-0.0082722,-0.0045615,-0.0062222
0.6637,-0.0051226,-0.0057788,-0.0026971,-0.0059417,0.00019459,0.00013123,0.003317,0.0024572,-0.0046294,0.0012309,-0.00037107,-0.0070006,-0.0060865,-0.005643,-0.0068875,-0.0036293,-0.0014662,-0.0046746
0.6638,-0.0097655,-0.0026835,0.00039822,-0.0059417,-0.0044483,0.0016789,-0.0028735,0.0024572,0.0046565,-0.0049597,0.0058195,-0.0085482,-0.0091818,-0.0040954,-0.0068875,-0.0036293,-0.0076568,-0.0062222
0.6639,-0.014408,0.0035071,-0.0026971,0.0017965,0.0032899,-0.0060593,-0.0075165,0.00090958,0.0015612,-0.0034121,0.01201,-0.0085482,-0.015372,-0.0025477,-0.013078,-0.0067246,-0.010752,-0.0077699
0.664,0.001068,0.0004118,-0.0026971,0.0017965,0.0079328,0.00013123,-0.0028735,0.0055525,1.3576e-05,-0.00031677,-0.0081093,-0.010096,-0.0091818,-0.010286,-0.00069689,-0.014463,-0.0045615,-0.012413
0.6641,-0.0082179,0.0050547,-0.0026971,-0.0012988,0.0048375,0.0016789,-0.0028735,0.0024572,0.0015612,-0.0065073,-0.0065616,-0.0085482,-0.0029912,-0.016477,-0.0068875,-0.0082722,-0.0030138,-0.003127
0.6642,0.0026156,-0.0026835,-0.0011494,0.0017965,-0.0013531,-0.0045117,-0.0028735,-0.00063806,0.0031089,-0.0034121,-0.0034664,-0.0023577,-0.0091818,-0.010286,-0.0053398,-0.011367,-0.0030138,-0.0046746
0.6643,0.0026156,-0.0042311,0.0034935,-0.0012988,-0.0029007,-0.0014164,0.00022174,-0.0037333,-0.0046294,-0.008055,-0.0034664,-0.005453,-0.012277,-0.019572,-0.0022445,-0.0098198,8.1455e-05,-0.0062222
0.6644,0.0026156,-0.0073264,0.0065888,0.00024889,-0.0013531,-0.0014164,0.0048647,-0.005281,1.3576e-05,0.0058738,-0.0019187,-0.0085482,-0.0060865,-0.014929,-0.0084351,-0.0067246,8.1455e-05,-3.1677e-05
0.6645,0.0026156,-0.0026835,-0.0011494,0.0064395,-0.012187,0.0032265,-0.0044212,-0.0099239,1.3576e-05,-0.0018644,-0.0019187,-0.005453,-0.0076341,-0.016477,-0.0084351,-0.0082722,0.0016291,-0.0015793
0.6646,-0.0020273,0.0035071,0.0034935,0.0048918,-0.0013531,0.00013123,0.0017694,0.0040049,0.0046565,-0.0018644,0.0011766,-0.00081002,-0.010729,-0.011834,-0.0099827,-0.0036293,-0.0045615,-0.003127
0.6647,-0.0020273,0.011245,-0.0011494,0.0064395,-0.0013531,-0.0045117,0.00022174,-0.00063806,1.3576e-05,-0.01115,0.0073671,-0.00081002,0.00010408,-0.011834,-0.0099827,-0.0051769,-0.0076568,-0.0046746
0.6648,0.0026156,-0.0057788,0.0050412,0.0033442,-0.0029007,-0.0060593,-0.0013259,-0.005281,-0.01082,0.0043262,-0.00037107,-0.011644,-0.0060865,-0.005643,-0.0099827,-0.00053398,-0.0014662,-0.0062222
0.6649,-0.0020273,-0.0026835,-0.0042447,0.0079871,-0.005996,-0.0060593,0.0017694,-0.005281,-0.0030817,-0.0049597,-0.00037107,-0.011644,0.0016517,-0.011834,-0.0037922,0.0025613,-0.0061091,-0.0015793
0.665,-0.0066702,0.0050547,-0.0057923,0.0017965,-0.0029007,-0.0045117,0.0017694,0.011743,-0.0015341,-0.00031677,-0.0034664,-0.013191,-0.0029912,-0.018024,-0.01153,-0.0098198,-0.0123,-0.0046746
0.6651,-0.003575,0.0035071,0.00039822,0.0033442,-0.0029007,0.0016789,0.0048647,0.0055525,-0.006177,0.0027785,-0.0034664,-0.010096,-0.0045388,-0.021119,-0.0099827,-0.0098198,-0.0076568,-0.010865
0.6652,0.0026156,-0.0026835,-0.0057923,0.0064395,0.0017422,0.00013123,0.0017694,-0.00063806,-0.006177,-0.0049597,0.0011766,-0.011644,0.0016517,-0.010286,-0.0022445,-0.014463,-0.0014662,-0.01396
0.6653,0.0041632,0.0004118,0.00039822,0.0064395,0.0063852,0.00013123,0.0017694,-0.0037333,-0.0030817,-0.0034121,-0.005014,-0.010096,-0.0029912,-0.021119,-0.0037922,-0.0067246,-0.0014662,-0.0062222
0.6654,-0.003575,0.0035071,0.0019459,-0.0059417,0.0079328,-0.0014164,0.0017694,-0.011472,-0.0030817,0.0012309,0.0011766,-0.0085482,-0.0014436,-0.016477,-0.0022445,-0.00053398,-0.0092044,-0.0062222
0.6655,-0.0051226,0.0035071,-0.0011494,0.0017965,0.00019459,0.0063218,-0.0013259,-0.0037333,0.0062041,0.0058738,0.0011766,-0.016286,-0.0029912,-0.010286,0.0023984,-0.011367,-0.0030138,0.001516
0.6656,0.0026156,0.00815,0.0019459,0.0017965,0.00019459,0.0063218,-0.0044212,-0.005281,0.0015612,0.0089691,-0.0019187,-0.011644,-0.0076341,-0.0040954,-0.00069689,-0.0082722,-0.0061091,-0.0015793
0.6657,0.0057109,0.0004118,0.0019459,0.0079871,-0.0029007,0.0063218,-0.0044212,-0.011472,-0.0015341,0.0012309,-0.0065616,-0.0070006,-0.010729,-0.0071907,-0.00069689,-0.0098198,0.0031767,-0.003127
0.6658,-0.0020273,0.0035071,-0.0026971,0.01263,-0.0013531,0.0016789,-0.0044212,-0.0068286,1.3576e-05,0.0027785,-0.0065616,-0.010096,-0.0029912,-0.0071907,-0.0068875,-0.0067246,8.1455e-05,-0.0062222
0.6659,-0.003575,0.0050547,-0.0026971,0.0079871,-0.005996,0.0016789,0.0017694,-0.0021857,-0.0030817,0.0027785,0.0027242,-0.010096,-0.0014436,-0.0040954,-0.0099827,-0.0098198,-0.0061091,-0.010865
0.666,-0.00047968,0.0035071,-0.0026971,0.0079871,0.0032899,0.0016789,-0.0044212,-0.0068286,-0.0015341,-0.0018644,-0.0081093,-0.017834,-0.0014436,-0.0025477,-0.0037922,-0.0036293,-0.0061091,-0.0062222
0.6661,-0.0020273,0.0019594,-0.0011494,0.0079871,0.00019459,-0.0029641,-0.0013259,0.00090958,-0.0015341,-0.00031677,0.0011766,-0.016286,-0.0045388,-0.0071907,0.00085075,-0.0082722,-0.0014662,0.001516
0.6662,0.0057109,-0.0042311,0.0050412,-0.0059417,0.0032899,0.0016789,-0.0028735,-0.0021857,-0.0030817,-0.00031677,0.0011766,-0.019382,0.0016517,-0.014929,-0.01153,-0.0082722,-0.0076568,-3.1677e-05
0.6663,0.001068,-0.0026835,-0.0042447,0.00024889,-0.0044483,0.0032265,-0.0028735,0.00090958,0.0015612,-0.0034121,-0.0065616,-0.0085482,-0.0045388,-0.0087383,-0.00069689,-0.0020816,-0.0076568,0.001516
0.6664,0.0057109,-0.0073264,-0.00734,0.0095347,-0.005996,0.0032265,0.003317,0.0055525,0.0077518,-0.008055,-0.0081093,-0.019382,-0.0045388,-0.014929,-0.0022445,-0.0036293,-0.0045615,-0.003127
0.6665,-0.00047968,-0.010422,-0.0026971,0.0048918,-0.0044483,0.00013123,-0.0028735,-0.0099239,0.0015612,0.0012309,-0.0081093,-0.014739,-0.0060865,-0.0071907,-0.0068875,0.0025613,-0.0045615,-0.0077699
0.6666,-0.0020273,-0.0073264,-0.0026971,0.0017965,0.0032899,-0.0045117,0.0048647,-0.011472,-0.0015341,-0.0018644,0.0011766,-0.011644,0.00010408,-0.0025477,-0.0099827,0.0010137,-0.0045615,-0.003127
0.6667,-0.0066702,-0.0088741,-0.00734,0.0017965,0.00019459,-0.0029641,0.0064123,-0.0068286,-0.0015341,0.0027785,-0.0034664,-0.0039053,0.00010408,-0.010286,-0.0068875,-0.0020816,8.1455e-05,-0.003127
0.6668,-0.0051226,-0.0073264,-0.0011494,0.0033442,0.0017422,0.00013123,0.0048647,-0.0037333,-0.0015341,0.0012309,-0.005014,-0.0023577,0.004747,-0.011834,-0.0068875,-0.0082722,-0.0045615,-0.0062222
0.6669,-0.0082179,-0.0042311,-0.0042447,0.0017965,0.0048375,-0.0014164,0.0017694,0.0024572,0.0031089,-0.0018644,-0.0065616,-0.005453,-0.0060865,-0.014929,-0.0037922,0.0010137,-0.0045615,-0.0077699
0.667,-0.003575,-0.0057788,-0.0057923,0.0048918,-0.0029007,-0.0029641,-0.0090641,0.00090958,0.0046565,-0.008055,-0.0096569,-0.0070006,-0.0014436,-0.010286,-0.0084351,-0.0020816,-0.0030138,-0.0077699
0.6671,-0.0020273,-0.0057788,-0.0042447,0.0017965,-0.0013531,0.0032265,0.00022174,-0.005281,-0.0046294,-0.0049597,-0.0019187,-0.0039053,-0.0045388,-0.013381,-0.0037922,-0.011367,-0.0061091,-0.0093175
0.6672,0.010354,0.0035071,-0.0057923,0.0017965,-0.0013531,0.00013123,0.00022174,-0.0037333,0.0031089,-0.00031677,-0.0034664,-0.010096,0.00010408,-0.011834,-0.0084351,-0.0082722,0.0016291,-0.0093175
0.6673,0.0057109,0.0050547,-0.0011494,0.0079871,0.0032899,0.0078694,0.00022174,-0.00063806,0.0015612,0.0012309,-0.0096569,-0.014739,-0.0045388,-0.010286,-0.0099827,-0.0082722,-0.0014662,-0.0093175
0.6674,0.0026156,0.0019594,-0.0026971,0.0017965,-0.005996,0.0063218,0.0017694,0.0040049,0.0031089,-0.00031677,0.0011766,-0.016286,-0.0029912,-0.016477,-0.0053398,-0.01601,-0.0014662,-0.0093175
0.6675,-0.003575,-0.0042311,0.0019459,0.0095347,-0.0075436,0.00013123,0.003317,0.00090958,0.0015612,0.0027785,-0.0019187,-0.019382,-0.012277,-0.010286,-0.0084351,-0.011367,0.0016291,-0.003127
0.6676,0.0057109,-0.0011358,-0.0057923,0.0079871,-0.0029007,-0.0014164,0.00022174,-0.0021857,0.0046565,0.0027785,-0.005014,-0.022477,-0.0060865,-0.011834,-0.0053398,-0.011367,0.0016291,-0.003127
0.6677,0.016544,0.0035071,0.0034935,0.0079871,-0.005996,0.00013123,0.0048647,0.00090958,0.0031089,0.0058738,0.0027242,-0.016286,-0.0045388,-0.016477,-0.0053398,-0.0098198,-0.0061091,-0.003127
0.6678,-0.00047968,-0.0042311,0.00039822,0.0033442,-0.005996,-0.0045117,0.003317,0.00090958,0.0031089,0.0058738,-0.0034664,-0.016286,-0.0029912,-0.0087383,-0.0022445,-0.017558,-0.015395,-0.0046746
0.6679,0.0072585,-0.0026835,0.0050412,0.0033442,-0.0013531,0.0016789,0.0017694,0.0024572,0.0031089,0.0012309,-0.0081093,-0.016286,-0.0014436,-0.010286,-0.0022445,-0.0098198,-0.010752,-0.0062222
0.668,0.0057109,0.0004118,0.0019459,0.01263,-0.0029007,-0.0014164,0.011055,-0.00063806,-0.0015341,-0.0018644,-0.012752,-0.010096,-0.0060865,-0.0087383,-0.0053398,-0.0067246,8.1455e-05,-0.0046746
0.6681,-0.00047968,0.0050547,-0.0042447,0.0064395,-0.0075436,0.0016789,0.00796,0.00090958,1.3576e-05,-0.00031677,-0.005014,-0.005453,0.0016517,-0.013381,-0.0099827,-0.0098198,-0.0045615,0.001516
0.6682,0.0041632,0.0019594,-0.0057923,0.0048918,-0.0075436,0.00013123,0.0048647,-0.0021857,-0.0030817,0.0027785,0.0027242,-0.0070006,-0.0029912,-0.0071907,-0.0037922,-0.0067246,-0.010752,-0.0046746
0.6683,0.0041632,0.0035071,0.00039822,0.0064395,-0.0075436,0.0032265,0.0048647,-0.0068286,1.3576e-05,0.0074214,-0.005014,-0.014739,-0.012277,-0.010286,-0.0099827,-0.0082722,-0.0045615,-0.0046746
0.6684,-0.00047968,-0.0073264,-0.0011494,0.0064395,-0.0090913,0.0047742,0.0017694,-0.0021857,0.0031089,-0.0065073,0.0042719,-0.0070006,-0.0060865,-0.0071907,-0.0084351,-0.0067246,-0.0014662,-0.0046746
0.6685,0.001068,-0.0088741,-0.0057923,-0.0012988,0.00019459,0.0016789,0.00022174,-0.0037333,-0.0015341,-0.01115,0.0027242,-0.010096,-0.0029912,-0.010286,-0.0099827,-0.011367,-0.0014662,-0.0077699
0.6686,-0.003575,0.0035071,0.00039822,-0.0028464,0.0032899,0.00013123,0.0048647,0.0055525,0.0092994,-0.0065073,-0.0096569,-0.005453,-0.010729,-0.019572,-0.014626,-0.0051769,-0.0014662,-0.0046746
0.6687,-0.00047968,-0.0042311,0.00039822,0.0017965,0.0032899,0.0047742,-0.0028735,-0.0037333,0.0077518,-0.0096026,-0.00037107,-0.010096,-0.01692,-0.013381,-0.0053398,-0.0020816,-0.0076568,-0.0015793
0.6688,-0.00047968,-0.0026835,-0.0026971,0.00024889,0.0017422,-0.0014164,-0.0028735,-0.005281,0.0046565,-0.008055,0.0042719,0.00073762,-0.018468,-0.011834,-0.0068875,0.0010137,-0.0045615,-0.0062222
0.6689,-0.003575,-0.0011358,-0.0026971,0.0048918,0.0017422,0.0032265,0.00022174,0.0040049,-0.0015341,-0.00031677,0.0027242,-0.0070006,-0.012277,-0.016477,-0.0099827,-0.0067246,-0.0123,-0.003127
0.669,-0.0051226,-0.0042311,-0.0011494,0.00024889,-0.0029007,0.0047742,-0.0044212,0.0024572,0.0046565,-0.00031677,0.0011766,-0.011644,-0.0091818,-0.016477,-0.0099827,-0.0098198,-0.010752,-0.0062222
0.6691,-0.0051226,0.0096977,-0.0011494,0.0033442,0.0017422,-0.0045117,0.0017694,-0.00063806,0.0077518,-0.0065073,-0.00037107,-0.017834,-0.0029912,-0.011834,-0.0084351,-0.0082722,-0.0030138,-0.0062222
0.6692,-0.0066702,-0.0011358,-0.00734,0.0079871,0.0032899,0.0016789,0.0017694,-0.00063806,0.0046565,0.0012309,-0.0019187,-0.0070006,0.00010408,-0.0087383,-0.01153,-0.0082722,-0.0045615,-0.0077699
0.6693,-0.00047968,0.0004118,-0.00734,0.011082,0.0032899,-0.0029641,0.0017694,0.00090958,-0.0077246,-0.0018644,-0.005014,-0.0085482,0.00010408,-0.0071907,-0.0084351,-0.014463,-0.0014662,-0.012413
0.6694,-0.00047968,0.0004118,0.00039822,0.0033442,-0.0013531,-0.0060593,-0.0013259,0.0024572,-0.015463,0.0027785,0.0011766,-0.010096,-0.0014436,-0.011834,-0.0037922,-0.0067246,-0.0014662,-0.0093175
0.6695,-0.0020273,0.0019594,0.0019459,-0.0028464,-0.0044483,0.0032265,0.00022174,0.0055525,-0.0015341,-0.0018644,-0.011205,-0.005453,-0.0076341,-0.010286,-0.0037922,-0.012915,-0.0045615,-0.0062222
0.6696,0.0026156,0.0035071,0.0034935,0.0079871,-0.0029007,-0.0029641,0.0017694,-0.0021857,0.0015612,-0.00031677,-0.00037107,-0.0039053,0.0031994,-0.011834,-0.0022445,-0.012915,-0.0092044,-0.0015793
0.6697,-0.00047968,-0.0057788,-0.0026971,-0.0012988,0.0017422,0.0047742,0.003317,-0.00063806,-0.0046294,-0.00031677,-0.0034664,-0.0023577,-0.0029912,-0.022667,-0.0053398,-0.014463,-0.021586,-0.0046746
0.6698,0.001068,0.0019594,-0.0042447,-0.0028464,-0.0013531,0.0016789,0.0048647,-0.0037333,-0.0015341,-0.0034121,-0.0065616,-0.011644,-0.0091818,-0.014929,-0.0037922,-0.011367,-0.0076568,-0.0077699
0.6699,-0.0066702,0.0004118,-0.0026971,0.0033442,-0.0090913,0.0032265,0.0017694,0.0055525,-0.0030817,0.0012309,0.0027242,-0.011644,-0.013825,-0.0087383,0.00085075,-0.012915,8.1455e-05,-0.0046746
0.67,-0.00047968,0.0050547,-0.0011494,-0.0012988,-0.013734,-0.0045117,-0.0028735,-0.0021857,1.3576e-05,0.0012309,-0.00037107,-0.0070006,-0.0076341,-0.011834,0.003946,-0.0051769,-0.0061091,0.001516
0.6701,-0.0051226,0.0035071,-0.0026971,0.0017965,-0.0075436,-0.0029641,-0.0013259,0.00090958,1.3576e-05,-0.0018644,0.0011766,-0.0070006,0.0078423,-0.019572,-0.0068875,-0.011367,-0.0076568,-0.0015793
0.6702,-0.0082179,0.0050547,0.0034935,0.0017965,-0.005996,0.00013123,0.00796,0.00090958,0.0031089,0.0074214,-0.0034664,-0.0085482,-0.0014436,-0.011834,-0.0068875,-0.0098198,0.0016291,-0.0015793
0.6703,0.0072585,0.00815,0.0019459,-0.0012988,-0.005996,-0.0029641,0.003317,-0.0021857,0.0015612,0.0043262,-0.005014,-0.011644,-0.0029912,-0.011834,0.00085075,-0.0082722,-0.0045615,-0.0077699
0.6704,0.0088062,-0.0042311,-0.0011494,0.0033442,-0.0044483,0.00013123,0.0048647,0.00090958,0.0015612,-0.00031677,-0.0081093,-0.019382,-0.010729,-0.010286,-0.00069689,-0.0020816,-0.0061091,-0.0046746
0.6705,-0.0051226,-0.0026835,-0.0042447,-0.0012988,0.0048375,-0.0014164,0.0048647,-0.00063806,-0.0015341,-0.0018644,-0.005014,-0.016286,-0.0060865,-0.011834,-0.0037922,-0.0067246,-0.0030138,-0.003127
0.6706,-0.0020273,-0.0026835,-0.0088876,-0.004394,-0.0013531,-0.0014164,-0.0013259,0.00090958,0.0031089,-0.0065073,-0.0019187,-0.0039053,-0.0045388,-0.014929,-0.01153,-0.01601,-0.0045615,0.001516
0.6707,-0.003575,-0.0011358,-0.0011494,0.00024889,-0.010639,-0.0045117,-0.0013259,0.00090958,0.0015612,-0.0034121,-0.00037107,-0.011644,0.0016517,-0.005643,-0.0068875,-0.012915,-0.0045615,-0.0046746
0.6708,0.001068,-0.0011358,-0.0011494,0.0033442,0.0017422,-0.0045117,0.0017694,0.0024572,-0.0030817,0.0012309,0.0011766,-0.0070006,-0.0060865,-0.0040954,-0.0068875,-0.0098198,0.0016291,-0.0062222
0.6709,0.001068,0.00815,0.0034935,0.0095347,-0.0013531,0.0032265,0.0017694,0.0024572,1.3576e-05,0.0058738,0.0027242,-0.011644,-0.0014436,-0.005643,-0.0084351,-0.0036293,-0.0030138,-0.0015793
0.671,0.0041632,0.00815,0.0081364,0.0017965,-0.0013531,0.0047742,0.0017694,0.0024572,0.0015612,0.0012309,-0.0034664,-0.005453,-0.0045388,-0.011834,-0.0084351,-0.0020816,8.1455e-05,-0.0015793
0.6711,0.0057109,-0.0026835,-0.0057923,-0.0012988,0.0032899,0.0016789,0.00796,-0.00063806,-0.0015341,0.0012309,-0.0019187,-0.0085482,-0.0014436,-0.0087383,-0.0099827,-0.0067246,-0.0014662,-0.0077699
0.6712,-0.0020273,0.0019594,-0.0042447,0.00024889,0.00019459,0.0032265,0.00796,-0.00063806,-0.0015341,0.0012309,0.0027242,-0.011644,-0.0060865,-0.011834,-0.01153,-0.012915,-0.0061091,-0.0077699
0.6713,-0.0020273,-0.0026835,-0.00734,0.00024889,0.00019459,0.00013123,-0.0028735,0.0040049,-0.0015341,0.0089691,-0.0034664,-0.017834,-0.0091818,-0.014929,-0.014626,-0.0067246,0.0047244,-0.0093175
0.6714,-0.00047968,-0.0057788,-0.00734,-0.0028464,0.0063852,-0.0029641,-0.0044212,0.0024572,-0.0015341,0.0058738,-0.0065616,-0.010096,-0.0076341,-0.014929,-0.014626,-0.0067246,0.0016291,-0.0093175
0.6715,-0.00047968,0.0004118,0.0034935,0.0048918,0.00019459,0.00013123,0.003317,0.00090958,0.0031089,-0.0049597,-0.0034664,-0.010096,-0.01692,-0.010286,-0.0022445,-0.0098198,-0.0061091,-0.021699
0.6716,0.001068,0.00815,-0.0011494,0.0048918,-0.0090913,-0.007607,0.00022174,-0.00063806,0.0046565,0.0027785,-0.0065616,-0.010096,-0.0076341,-0.0071907,-0.00069689,-0.011367,-0.0061091,-0.03408
0.6717,0.0041632,-0.0011358,-0.0026971,0.0017965,-0.010639,0.0032265,-0.0075165,0.0040049,-0.0030817,0.0043262,0.0027242,-0.010096,0.00010408,-0.005643,-0.00069689,-0.0098198,-0.010752,-0.048009
0.6718,0.0057109,0.0004118,-0.0011494,-0.0012988,-0.0044483,0.0032265,-0.0013259,0.0055525,0.0062041,-0.00031677,0.0011766,-0.011644,-0.0014436,-0.0071907,-0.0037922,-0.0051769,-0.0076568,-0.038723
0.6719,0.0057109,0.0004118,-0.0026971,0.0017965,-0.0029007,0.0078694,0.003317,-0.005281,-0.0046294,0.0012309,0.0073671,-0.00081002,-0.0060865,-0.0010001,-0.013078,-0.0051769,-0.0061091,-0.029437
0.672,-0.0020273,0.0035071,-0.0042447,0.0033442,-0.005996,0.0032265,-0.0028735,-0.00063806,-0.0077246,0.0027785,0.0011766,-0.005453,-0.0060865,-0.010286,-0.0099827,-0.0067246,-0.0092044,-0.027889
0.6721,0.001068,-0.0011358,0.0050412,0.0064395,-0.0013531,0.00013123,-0.0059688,0.0086478,-0.0015341,-0.0065073,-0.0065616,-0.011644,-0.0060865,-0.013381,-0.0022445,-0.0067246,-0.0061091,-0.037175
0.6722,0.0026156,-0.0026835,0.0019459,0.0079871,-0.005996,0.0016789,-0.0028735,-0.0037333,0.0046565,-0.0096026,-0.0034664,-0.0070006,-0.021563,-0.011834,-0.014626,-0.0051769,-0.0061091,-0.043366
0.6723,0.001068,0.0050547,0.0050412,0.015725,-0.0044483,0.0047742,0.003317,0.0024572,0.0046565,-0.0049597,-0.00037107,-0.013191,-0.01692,-0.019572,-0.0068875,-0.01601,0.0047244,-0.03408
0.6724,0.0026156,0.0050547,0.0019459,0.0048918,-0.0013531,0.0063218,-0.0044212,0.0024572,0.0031089,-0.00031677,-0.0034664,-0.0023577,-0.0091818,-0.014929,-0.0037922,-0.0051769,8.1455e-05,-0.027889
0.6725,0.0026156,-0.0011358,0.00039822,0.0033442,-0.0013531,0.00013123,-0.0028735,0.00090958,0.0015612,0.0012309,-0.00037107,-0.005453,-0.010729,-0.014929,-0.01153,-0.011367,-0.0061091,-0.03408
0.6726,-0.003575,0.0019594,-0.0042447,0.0017965,0.00019459,-0.0029641,-0.0028735,-0.0037333,-0.0030817,-0.0018644,0.0011766,-0.005453,-0.0045388,-0.010286,-0.0053398,-0.012915,-0.0092044,-0.035627
0.6727,-0.0051226,-0.0042311,-0.0042447,0.0017965,0.0017422,0.0016789,0.012603,0.0024572,-0.0046294,0.0012309,-0.00037107,-0.013191,-0.0014436,-0.0071907,-0.0099827,-0.0067246,-0.0123,-0.032532
0.6728,0.001068,-0.0073264,-0.0011494,0.011082,-0.005996,0.00013123,0.0017694,-0.00063806,0.0015612,-0.0018644,-0.0019187,-0.010096,0.00010408,-0.013381,-0.0053398,-0.0082722,-0.0030138,-0.021699
0.6729,0.0057109,-0.0026835,-0.00734,0.0064395,0.0017422,0.0047742,0.0048647,0.0024572,0.0062041,-0.00031677,-0.0096569,-0.0039053,-0.0029912,-0.005643,-0.0022445,-0.012915,0.0093673,-0.030985
0.673,0.0026156,-0.0057788,-0.011983,0.0017965,-0.0090913,0.00013123,0.0017694,0.0040049,-0.0030817,-0.00031677,-0.0034664,-0.005453,-0.0091818,-0.0087383,0.00085075,-0.00053398,8.1455e-05,-0.027889
0.6731,0.001068,-0.0026835,-0.0011494,0.0079871,-0.012187,0.00013123,-0.0013259,0.00090958,-0.006177,0.0043262,-0.0019187,-0.014739,-0.0091818,-0.0087383,-0.0099827,-0.0020816,-0.0076568,-0.018603
0.6732,-0.00047968,-0.0011358,0.0034935,0.011082,-0.018377,-0.0060593,0.00022174,-0.0037333,-0.0030817,0.0012309,-0.0034664,-0.014739,-0.010729,-0.0010001,-0.0084351,-0.012915,-0.0076568,-0.023246
0.6733,-0.00047968,0.0019594,0.00039822,0.0048918,-0.0044483,-0.0029641,0.00022174,0.0024572,-0.012368,0.0027785,-0.0019187,-0.0085482,-0.015372,-0.0087383,-0.0099827,-0.0098198,-0.010752,-0.035627
0.6734,0.0026156,0.0035071,0.00039822,0.00024889,-0.0013531,-0.0029641,0.00022174,0.0040049,1.3576e-05,0.0027785,0.0011766,-0.013191,-0.012277,-0.0071907,-0.0037922,-0.0067246,-0.0061091,-0.035627
0.6735,-0.0020273,0.00815,-0.010435,0.00024889,-0.0044483,-0.0060593,-0.0013259,-0.0021857,0.0077518,-0.0018644,-0.0034664,-0.011644,-0.0076341,-0.014929,-0.00069689,-0.0051769,8.1455e-05,-0.03408
0.6736,0.0041632,0.0004118,0.00039822,0.0017965,-0.0013531,0.0016789,-0.0059688,-0.0037333,-0.0046294,0.0012309,-0.0019187,-0.014739,-0.015372,-0.025762,-0.0037922,-0.0082722,-0.0030138,-0.037175
0.6737,-0.0020273,-0.0042311,-0.0026971,0.00024889,-0.0044483,0.0063218,-0.0044212,-0.0021857,-0.0015341,-0.00031677,0.0011766,-0.010096,-0.020015,-0.011834,-0.0037922,-0.0051769,-0.0014662,-0.04027
0.6738,0.001068,-0.0026835,-0.0026971,0.0017965,-0.0029007,-0.0014164,-0.0044212,-0.0083763,-0.006177,-0.0034121,-0.00037107,-0.014739,-0.015372,-0.013381,-0.0053398,-0.0036293,-0.0014662,-0.030985
0.6739,-0.0020273,-0.0042311,-0.00734,-0.0012988,-0.0013531,0.0078694,-0.0013259,-0.0021857,-0.0015341,0.0027785,-0.0034664,-0.005453,-0.013825,-0.010286,-0.0037922,-0.0051769,-0.0045615,-0.032532
0.674,0.001068,0.0050547,-0.0026971,-0.0012988,-0.0013531,0.0016789,-0.0090641,0.00090958,-0.0046294,-0.0018644,-0.0019187,-0.00081002,-0.012277,-0.016477,-0.0037922,-0.0051769,-0.0061091,-0.032532
0.6741,0.001068,0.0066024,-0.0057923,0.01263,-0.0029007,0.0032265,0.0017694,-0.00063806,-0.0030817,0.0012309,-0.0019187,-0.0070006,-0.0076341,-0.016477,0.00085075,-0.01601,-0.0076568,-0.024794
0.6742,0.0041632,0.0096977,-0.0057923,-0.0028464,-0.0090913,0.0032265,0.00022174,-0.0021857,0.0062041,0.0012309,-0.00037107,-0.011644,-0.010729,-0.014929,-0.0068875,-0.011367,-0.0014662,-0.037175
0.6743,0.0026156,0.0066024,0.0034935,-0.004394,-0.0044483,0.0047742,-0.0028735,0.0055525,-0.006177,-0.0018644,-0.0034664,-0.005453,-0.015372,-0.0087383,-0.00069689,-0.00053398,-0.0076568,-0.037175
0.6744,0.0072585,-0.0026835,-0.0042447,0.0033442,0.0048375,-0.0029641,-0.0013259,0.0024572,0.0015612,0.0043262,0.0058195,-0.005453,-0.010729,-0.011834,-0.0037922,-0.0067246,-0.0076568,-0.037175
0.6745,0.010354,0.0004118,-0.0026971,0.0033442,-0.0044483,0.0047742,0.00022174,-0.0021857,1.3576e-05,0.0012309,0.0011766,-0.010096,-0.0060865,-0.010286,-0.0022445,-0.017558,-0.0030138,-0.046461
0.6746,0.0088062,-0.0026835,-0.00734,-0.0012988,0.0032899,0.0016789,-0.0028735,0.00090958,1.3576e-05,0.0058738,-0.0019187,0.00073762,-0.0091818,-0.010286,-0.0099827,-0.0082722,-0.0045615,-0.049556
0.6747,0.0088062,0.0050547,-0.00734,-0.004394,0.0017422,-0.0014164,-0.0013259,0.0071001,0.0015612,-0.0018644,0.0011766,-0.010096,-0.0060865,-0.0071907,-0.0099827,-0.0098198,-0.010752,-0.046461
0.6748,0.0041632,0.0035071,-0.0011494,0.0017965,-0.0044483,0.0063218,0.0064123,-0.0037333,1.3576e-05,-0.0018644,-0.0034664,-0.0085482,-0.0060865,-0.010286,-0.0099827,-0.017558,-0.0045615,-0.038723
0.6749,-0.00047968,-0.0011358,-0.0011494,0.0017965,-0.0013531,-0.0060593,0.00022174,0.00090958,-0.0015341,-0.00031677,-0.00037107,-0.010096,-0.0029912,-0.005643,-0.0068875,-0.011367,8.1455e-05,-0.030985
0.675,-0.0097655,0.0004118,-0.010435,0.0033442,0.00019459,0.0016789,-0.0013259,0.0071001,1.3576e-05,0.0012309,-0.0081093,-0.005453,-0.01692,-0.0040954,0.0023984,-0.0051769,-0.0045615,-0.04027
0.6751,-0.003575,0.0004118,0.00039822,0.00024889,0.00019459,0.0016789,-0.0013259,0.010195,-0.0046294,-0.0034121,-0.0034664,-0.0070006,-0.0060865,0.0036428,-0.00069689,-0.0067246,-0.0076568,-0.038723
0.6752,-0.00047968,-0.0011358,-0.0042447,0.0017965,-0.005996,-0.0029641,0.0048647,0.00090958,-0.0030817,-0.00031677,-0.00037107,-0.010096,-0.0029912,-0.0040954,-0.01153,-0.0098198,-0.010752,-0.03408
0.6753,0.0057109,-0.0011358,-0.0011494,0.0017965,-0.010639,-0.0029641,0.003317,-0.005281,-0.01082,-0.0034121,-0.011205,-0.0085482,-0.012277,0.0036428,-0.0037922,-0.0067246,0.0016291,-0.029437
0.6754,0.001068,0.0035071,-0.0042447,0.0095347,-0.0013531,-0.0060593,0.0017694,-0.00063806,1.3576e-05,-0.0049597,-0.012752,-0.00081002,-0.013825,-0.0087383,-0.00069689,-0.0051769,-0.0076568,-0.030985
0.6755,-0.00047968,-0.0026835,-0.0088876,0.0033442,0.0017422,0.0016789,0.003317,0.0040049,0.0031089,-0.0018644,-0.0019187,-0.010096,-0.015372,-0.0071907,-0.0099827,-0.020653,-0.0045615,-0.027889
0.6756,-0.0051226,0.0066024,-0.00734,0.0048918,0.0017422,0.0016789,0.0017694,0.0086478,0.0015612,-0.00031677,0.0011766,-0.0039053,-0.010729,-0.0087383,-0.013078,-0.0082722,-0.0076568,-0.030985
0.6757,-0.00047968,0.0004118,-0.0042447,0.0017965,-0.0013531,0.0032265,0.0048647,0.0024572,0.0077518,0.0027785,-0.00037107,-0.0070006,-0.010729,-0.0025477,-0.0022445,-0.0051769,-0.0045615,-0.04027
0.6758,-0.00047968,0.0019594,-0.0026971,0.00024889,0.00019459,0.0032265,0.0017694,0.0040049,-0.0046294,-0.0018644,-0.0065616,-0.013191,-0.010729,-0.0071907,0.003946,-0.012915,-0.0045615,-0.035627
0.6759,-0.0020273,0.0019594,-0.0057923,-0.0012988,-0.0029007,-0.0060593,0.0064123,-0.0037333,-0.0046294,-0.0018644,0.0011766,-0.0085482,-0.012277,-0.0087383,0.00085075,-0.0082722,-0.0092044,-0.03408
0.676,0.0026156,0.0019594,-0.0042447,0.00024889,-0.005996,0.0063218,0.0017694,0.00090958,-0.0030817,-0.012698,-0.0034664,-0.0039053,-0.015372,-0.0087383,-0.0053398,-0.012915,-0.0061091,-0.027889
0.6761,0.0041632,0.0019594,0.00039822,0.0079871,-0.012187,-0.0045117,-0.0044212,0.0071001,-0.0030817,-0.0034121,-0.0019187,-0.0070006,-0.012277,-0.0040954,-0.00069689,-0.0051769,-0.0045615,-0.029437
0.6762,-0.00047968,-0.0057788,-0.0011494,0.0048918,-0.0044483,-0.0060593,0.00022174,0.0086478,0.0015612,0.0027785,-0.0065616,-0.0070006,-0.010729,-0.005643,-0.00069689,-0.011367,-0.0030138,-0.037175
0.6763,-0.011313,0.0035071,-0.0057923,0.0033442,-0.0029007,0.0016789,-0.0044212,0.010195,-0.0015341,0.0043262,0.0027242,0.00073762,-0.012277,-0.0071907,-0.0022445,-0.012915,-0.010752,-0.035627
0.6764,-0.0066702,0.0035071,-0.0057923,0.0033442,0.0017422,-0.0045117,0.0095076,0.0024572,-0.0015341,-0.0049597,-0.0034664,-0.00081002,-0.0060865,-0.0087383,0.00085075,-0.0098198,-0.0076568,-0.03408
0.6765,0.0072585,0.0050547,0.0019459,0.00024889,0.0032899,0.0016789,0.0095076,0.0071001,-0.006177,-0.0034121,-0.0034664,-0.010096,-0.01692,-0.0010001,-0.0022445,-0.0051769,-0.0092044,-0.04027
0.6766,-0.0051226,0.0035071,-0.0026971,0.0048918,-0.0013531,0.0078694,-0.0028735,0.0086478,-0.0030817,0.0043262,-0.005014,-0.011644,-0.013825,-0.0025477,-0.00069689,-0.0067246,-0.0030138,-0.035627
0.6767,-0.0020273,-0.0026835,-0.00734,0.0033442,-0.0013531,-0.0014164,0.00022174,0.010195,-0.0030817,0.0074214,-0.0065616,-0.010096,-0.020015,-0.0040954,-0.0068875,-0.0051769,-0.0045615,-0.035627
0.6768,0.0057109,0.0019594,-0.015078,-0.0074893,-0.0029007,0.0016789,-0.0090641,0.00090958,-0.0077246,0.0089691,-0.0096569,-0.0085482,-0.021563,-0.0025477,-0.01153,-0.0067246,-0.0045615,-0.038723
0.6769,0.0057109,0.0004118,-0.00734,0.0064395,-0.0013531,0.0016789,-0.0028735,0.0055525,-0.0015341,-0.00031677,-0.0034664,-0.011644,-0.010729,-0.0040954,-0.0068875,-0.014463,-0.0092044,-0.043366
0.677,0.0057109,0.0004118,-0.0088876,0.0017965,-0.0029007,-0.0014164,-0.0013259,0.0024572,0.0015612,-0.0065073,-0.0081093,-0.0085482,-0.012277,-0.0025477,-0.0068875,-0.01601,-0.0123,-0.043366
0.6771,-0.0051226,0.0019594,-0.00734,-0.0012988,-0.0044483,-0.0060593,0.0017694,-0.0021857,0.0046565,-0.00031677,-0.0019187,-0.0070006,-0.018468,-0.014929,0.00085075,-0.012915,-0.0030138,-0.04027
0.6772,-0.0020273,-0.0026835,0.0034935,0.0017965,-0.0075436,0.0032265,-0.0028735,-0.0037333,-0.0030817,-0.00031677,-0.0034664,-0.011644,-0.015372,-0.010286,-0.0053398,-0.0098198,0.0016291,-0.04027
0.6773,-0.00047968,-0.0042311,-0.010435,-0.0012988,-0.0090913,0.0032265,0.00022174,0.0055525,1.3576e-05,0.0012309,0.0011766,-0.016286,-0.010729,-0.0087383,-0.01153,-0.011367,-0.0061091,-0.048009
0.6774,-0.00047968,-0.0026835,-0.0026971,0.0033442,-0.0075436,0.0047742,0.0048647,0.00090958,-0.006177,0.0012309,0.0027242,-0.0023577,-0.0029912,-0.005643,0.003946,-0.0082722,-0.0014662,-0.041818
0.6775,-0.00047968,-0.0042311,0.0019459,0.0095347,-0.010639,-0.0060593,0.00796,0.00090958,0.0031089,0.0012309,0.0011766,-0.010096,-0.0076341,-0.010286,-0.0037922,-0.0082722,0.0031767,-0.041818
0.6776,-0.003575,0.0004118,0.00039822,0.00024889,-0.005996,-0.0045117,0.0017694,-0.0037333,0.0092994,0.0012309,-0.0034664,-0.005453,-0.0060865,-0.010286,-0.0084351,-0.0098198,-0.0045615,-0.041818
0.6777,-0.0051226,0.0019594,-0.0026971,0.00024889,-0.0013531,0.0016789,0.0064123,-0.0021857,0.0031089,-0.008055,-0.005014,0.0022853,-0.018468,-0.019572,-0.01153,-0.0051769,-0.0030138,-0.041818
0.6778,-0.00047968,-0.0042311,-0.0011494,-0.010585,0.0017422,0.0032265,0.0017694,0.00090958,-0.0015341,-0.0018644,-0.0034664,-0.0039053,-0.010729,-0.011834,-0.0053398,-0.011367,-0.0030138,-0.04027
0.6779,0.0072585,0.00815,-0.0057923,-0.0012988,0.011028,0.0032265,-0.0044212,0.0024572,0.0046565,0.0012309,-0.0081093,-0.010096,-0.015372,-0.0071907,0.003946,-0.012915,-0.0045615,-0.048009
0.678,-0.00047968,0.0035071,-0.0026971,-0.0012988,0.00019459,0.0063218,0.0017694,-0.0068286,0.0031089,-0.0034121,-0.0081093,-0.014739,-0.0060865,-0.005643,-0.0068875,-0.01601,0.0016291,-0.043366
0.6781,0.0057109,-0.0042311,-0.00734,0.0033442,-0.0029007,-0.007607,-0.0028735,-0.0083763,-0.0015341,-0.0018644,-0.0065616,-0.0085482,-0.0076341,-0.010286,-0.0022445,-0.0036293,-0.0092044,-0.048009
0.6782,0.0041632,0.0004118,0.0019459,0.0017965,-0.0013531,0.0032265,0.0017694,-0.0068286,-0.0046294,-0.0049597,-0.0096569,-0.011644,-0.0029912,-0.0087383,-0.00069689,-0.0082722,8.1455e-05,-0.043366
0.6783,-0.0066702,0.0004118,-0.0026971,0.0048918,0.0017422,-0.0014164,-0.0059688,-0.0068286,-0.0015341,0.0058738,-0.005014,-0.011644,-0.0045388,-0.0087383,0.0054937,-0.012915,0.0016291,-0.041818
0.6784,-0.003575,-0.0026835,0.0034935,-0.0028464,-0.0044483,0.0032265,-0.0028735,-0.0037333,1.3576e-05,-0.0049597,0.0058195,-0.005453,-0.0060865,-0.005643,-0.00069689,-0.0067246,-0.0092044,-0.049556
0.6785,-0.003575,0.0019594,-0.0011494,0.0033442,-0.0075436,0.0016789,-0.0028735,0.00090958,1.3576e-05,-0.0034121,0.0027242,-0.0023577,-0.010729,-0.0025477,-0.0037922,-0.0020816,-0.0092044,-0.043366
0.6786,-0.0097655,0.0019594,-0.0026971,0.0017965,0.0048375,-0.0045117,-0.0013259,-0.0021857,-0.0015341,-0.00031677,0.0058195,0.00073762,-0.0076341,-0.0040954,-0.0068875,-0.0020816,-0.0014662,-0.041818
0.6787,0.0026156,-0.0026835,-0.0011494,-0.012132,0.0017422,-0.0029641,-0.0028735,-0.0021857,-0.0046294,-0.0034121,-0.00037107,-0.0085482,-0.0060865,-0.005643,-0.0022445,-0.0082722,-0.0045615,-0.038723
0.6788,-0.00047968,0.0019594,-0.011983,0.0017965,0.0048375,0.00013123,-0.0028735,0.0040049,-0.0030817,-0.0065073,-0.0034664,-0.0070006,-0.012277,-0.005643,-0.0068875,-0.012915,8.1455e-05,-0.041818
0.6789,-0.00047968,0.00815,-0.0011494,-0.0012988,-0.005996,0.0016789,-0.0013259,-0.00063806,0.0062041,0.0027785,-0.005014,-0.011644,-0.012277,-0.0071907,-0.0053398,-0.0082722,-0.0061091,-0.041818
0.679,0.001068,0.0066024,-0.0026971,0.0033442,-0.010639,0.0032265,0.0017694,0.00090958,1.3576e-05,0.0012309,-0.005014,-0.010096,-0.0076341,-0.010286,-0.0068875,-0.00053398,8.1455e-05,-0.04027
0.6791,0.001068,0.0004118,-0.0042447,0.0064395,0.00019459,0.00013123,0.00022174,-0.0037333,-0.0015341,-0.015793,-0.0081093,-0.011644,-0.012277,-0.014929,0.00085075,-0.0082722,8.1455e-05,-0.044913
0.6792,0.001068,-0.0011358,-0.0026971,0.0033442,-0.0013531,0.0016789,0.003317,-0.0068286,-0.0015341,-0.0065073,-0.0065616,-0.011644,-0.0045388,-0.0040954,-0.0037922,-0.011367,-0.0061091,-0.048009
0.6793,-0.00047968,-0.0026835,-0.00734,-0.0012988,-0.0013531,0.0094171,-0.0013259,-0.0037333,-0.0077246,-0.00031677,-0.0065616,-0.0085482,-0.0076341,-0.0025477,-0.0084351,0.0041089,-0.0045615,-0.044913
0.6794,-0.0020273,0.0004118,-0.0088876,0.00024889,0.0079328,-0.0029641,-0.0059688,-0.0068286,-0.0077246,-0.0049597,0.0027242,-0.011644,-0.0060865,-0.0087383,0.0023984,-0.00053398,-0.0045615,-0.037175
0.6795,-0.00047968,-0.0026835,-0.0026971,-0.009037,0.0048375,0.00013123,0.0017694,-0.0083763,-0.0046294,-0.0049597,-0.005014,-0.014739,-0.0014436,-0.0071907,0.003946,-0.0036293,-0.0061091,-0.043366
0.6796,0.0041632,-0.0042311,-0.0026971,-0.0074893,0.0032899,0.0032265,-0.0028735,0.00090958,-0.0030817,-0.0065073,-0.0065616,-0.014739,-0.0076341,-0.0040954,-0.0084351,-0.0082722,-0.010752,-0.048009
0.6797,0.001068,0.0019594,0.0019459,-0.0028464,0.00019459,0.0032265,0.0017694,0.0055525,0.0031089,-0.008055,-0.0096569,-0.0070006,-0.0076341,-0.0071907,-0.0068875,-0.0082722,-0.0123,-0.044913
0.6798,0.0057109,0.0004118,0.00039822,0.0033442,0.0048375,-0.0014164,0.0017694,0.0071001,-0.0015341,0.0027785,-0.0081093,-0.010096,-0.0045388,-0.011834,0.0023984,-0.014463,-0.0030138,-0.043366
0.6799,0.001068,-0.0011358,0.0019459,0.0064395,-0.0029007,0.0032265,0.0048647,0.0055525,1.3576e-05,-0.0018644,-0.0034664,0.00073762,-0.012277,-0.018024,-0.0037922,-0.0098198,-0.0030138,-0.041818
0.68,-0.0020273,0.0050547,-0.0057923,0.0033442,0.00019459,-0.0014164,0.0017694,0.010195,0.0062041,0.0043262,-0.0096569,-0.0085482,-0.0045388,-0.0010001,-0.0022445,-0.0051769,-0.0030138,-0.037175
0.6801,-0.0051226,-0.0026835,0.0019459,0.0017965,-0.010639,-0.0045117,-0.0059688,-0.00063806,0.0046565,0.0012309,-0.005014,-0.010096,-0.0060865,-0.0071907,-0.0037922,-0.0036293,-0.0045615,-0.029437
0.6802,-0.00047968,-0.0088741,-0.0042447,0.0017965,0.0032899,0.0016789,-0.0044212,-0.00063806,0.0015612,0.0012309,-0.0065616,-0.011644,-0.0045388,-0.0010001,-0.0053398,0.0010137,-0.0092044,-0.017056
0.6803,-0.0020273,0.0050547,-0.0042447,-0.0012988,0.0079328,-0.0014164,0.003317,0.00090958,0.0015612,0.0027785,-0.0081093,-0.0070006,-0.0014436,-0.005643,-0.0053398,-0.00053398,-0.0030138,-0.010865
0.6804,-0.0020273,0.0066024,-0.0057923,0.0017965,0.0032899,-0.0060593,0.00022174,0.0055525,0.0046565,-0.008055,0.0011766,-0.010096,-0.0029912,-0.0040954,-0.0084351,-0.0036293,-0.0030138,-0.012413
0.6805,-0.00047968,0.00815,-0.0042447,-0.0012988,0.00019459,0.00013123,-0.0013259,-0.0037333,0.0046565,-0.0034121,-0.0034664,-0.0085482,-0.010729,0.0020952,-0.0037922,-0.0098198,-0.0014662,-0.0046746
0.6806,0.0026156,0.0035071,-0.0042447,-0.0012988,0.0017422,0.0063218,-0.0013259,0.00090958,0.0015612,-0.0018644,-0.00037107,-0.010096,-0.010729,-0.0025477,-0.0068875,-0.0082722,-0.0014662,-0.0062222
0.6807,0.001068,0.0019594,-0.0026971,0.0033442,0.0032899,0.0032265,-0.0028735,0.0055525,-0.006177,0.0074214,-0.0034664,0.00073762,-0.015372,-0.0040954,-0.0022445,-0.0098198,-0.010752,-0.003127
0.6808,0.001068,0.017436,-0.0026971,0.0017965,-0.005996,-0.0014164,0.0017694,0.00090958,0.0062041,-0.0034121,-0.00037107,0.00073762,-0.010729,-0.0040954,-0.00069689,-0.0067246,-0.0123,-0.0077699
0.6809,-0.00047968,0.0096977,-0.0026971,-0.0028464,0.0017422,-0.0060593,0.0017694,-0.005281,0.0031089,-0.0034121,-0.0081093,-0.0039053,-0.012277,0.0020952,-0.00069689,-0.0082722,-0.0014662,-0.010865
0.681,0.0057109,0.00815,-0.0026971,0.0017965,-0.0044483,0.0016789,-0.0044212,0.0024572,0.0015612,-0.0018644,-0.0081093,-0.0070006,-0.010729,-0.0040954,-0.0037922,-0.0020816,-0.0014662,-0.0046746
0.6811,0.0026156,0.0019594,-0.0011494,0.0079871,0.00019459,0.0047742,0.00796,0.0040049,-0.0015341,0.0012309,-0.0065616,0.00073762,-0.0045388,0.00054756,-0.01153,-0.0067246,-0.0030138,-0.010865
0.6812,0.0041632,0.0035071,-0.00734,0.0095347,-0.0029007,-0.0060593,0.0048647,-0.005281,1.3576e-05,0.0012309,-0.0096569,0.00073762,-0.0029912,-0.0025477,-0.0084351,-0.0082722,-0.0030138,-0.0046746
0.6813,-0.00047968,0.0050547,-0.00734,0.0079871,-0.0044483,-0.0014164,-0.0044212,-0.0037333,0.0046565,0.0012309,-0.0096569,-0.0085482,-0.0029912,-0.0025477,-0.0022445,-0.0020816,-0.0030138,-0.0077699
0.6814,-0.00047968,0.0050547,0.00039822,0.0064395,0.0017422,0.0063218,-0.0090641,-0.005281,0.0015612,-0.00031677,-0.00037107,-0.0070006,-0.01692,0.00054756,-0.0037922,-0.0020816,-0.0014662,-0.0046746
0.6815,0.0026156,-0.0057788,-0.0088876,-0.0059417,0.00019459,0.00013123,0.0017694,-0.0021857,1.3576e-05,-0.0018644,-0.0019187,-0.005453,-0.0045388,-0.005643,-0.01153,-0.0051769,-0.0030138,-0.0015793
0.6816,-0.0020273,-0.0057788,0.00039822,0.0017965,0.00019459,-0.0014164,0.003317,0.0024572,0.0031089,-0.0065073,-0.0034664,-0.0070006,-0.0060865,-0.0040954,-0.0037922,-0.0098198,-0.0076568,0.0030636
0.6817,-0.003575,-0.0042311,-0.0042447,0.0064395,-0.0029007,0.0032265,-0.0013259,-0.00063806,-0.0046294,-0.008055,-0.0065616,-0.010096,-0.0076341,0.0020952,-0.0022445,-0.0067246,-0.0076568,-0.0062222
0.6818,-0.0097655,0.0004118,-0.00734,-0.0012988,-0.0029007,-0.0014164,0.003317,0.0024572,0.0015612,-0.0034121,-0.00037107,-0.005453,-0.0060865,0.00054756,-0.0022445,-0.0051769,8.1455e-05,-0.0015793
0.6819,0.001068,-0.0042311,-0.0026971,-0.0028464,0.00019459,-0.007607,0.00796,0.0086478,0.0015612,-0.0034121,-0.0034664,-0.0070006,-0.012277,0.0036428,-0.00069689,-0.0036293,8.1455e-05,-0.0046746
0.682,0.0041632,-0.0011358,0.00039822,0.0048918,-0.005996,-0.010702,-0.0028735,0.00090958,0.0015612,-0.0065073,0.0011766,-0.005453,-0.0045388,0.0051905,0.00085075,-0.0051769,-0.0014662,-0.01396
0.6821,0.0041632,0.0050547,0.0034935,0.0048918,0.0048375,0.00013123,0.0017694,-0.005281,0.0046565,-0.00031677,-0.0019187,-0.005453,-0.0091818,-0.0010001,-0.0037922,0.0010137,-0.0045615,-0.0062222
0.6822,0.0057109,0.0004118,-0.0026971,-0.0012988,0.0048375,-0.0060593,0.0048647,-0.0021857,0.0077518,0.0012309,-0.012752,-0.016286,-0.0029912,-0.005643,-0.0053398,-0.0036293,8.1455e-05,-0.0046746
0.6823,0.001068,0.0019594,-0.0057923,0.00024889,0.0017422,0.0016789,0.00022174,0.0024572,0.0015612,0.0012309,-0.005014,-0.005453,0.00010408,-0.0025477,-0.0068875,-0.011367,-0.0030138,-3.1677e-05
0.6824,-0.0020273,0.0004118,0.00039822,0.0033442,0.0032899,0.0016789,0.0048647,0.0040049,1.3576e-05,-0.0049597,-0.0019187,-0.00081002,-0.010729,0.00054756,-0.0084351,-0.0082722,-0.0014662,-0.003127
0.6825,0.0026156,-0.0042311,-0.0026971,0.0033442,-0.0013531,-0.0045117,0.00022174,0.0040049,1.3576e-05,0.0027785,-0.005014,0.00073762,-0.0091818,-0.0010001,-0.0053398,-0.0098198,-0.0123,-0.0062222
0.6826,0.001068,-0.0011358,-0.00734,0.0017965,0.0017422,-0.0014164,0.00022174,0.0024572,0.0015612,0.0012309,-0.00037107,-0.00081002,-0.0076341,-0.005643,-0.0068875,-0.0036293,-0.010752,-0.003127
0.6827,0.0057109,0.0035071,-0.0057923,-0.0012988,-0.0013531,-0.0045117,-0.0044212,-0.0037333,-0.0015341,-0.0065073,-0.005014,-0.005453,-0.0091818,-0.0040954,-0.0084351,-0.011367,-0.0030138,-3.1677e-05
0.6828,0.0057109,0.0050547,-0.0026971,0.0079871,-0.0044483,-0.0029641,-0.0090641,0.0055525,-0.0046294,-0.0018644,-0.00037107,-0.0085482,-0.0029912,0.0020952,-0.0053398,-0.012915,-0.0061091,-0.0077699
0.6829,0.001068,0.0050547,0.0034935,0.0033442,0.0094804,-0.0060593,0.0017694,0.0055525,0.0015612,-0.0096026,-0.0019187,-0.0023577,-0.0045388,-0.0010001,-0.0022445,-0.0036293,-0.0030138,-0.0062222
0.683,-0.0051226,0.0004118,-0.0088876,0.0017965,0.0017422,0.00013123,-0.0013259,0.0055525,-0.0046294,0.0012309,-0.0019187,-0.0039053,-0.012277,-0.0040954,-0.0037922,-0.0067246,8.1455e-05,-3.1677e-05
0.6831,-0.003575,0.0035071,-0.011983,0.0064395,0.0017422,0.010965,0.0064123,-0.00063806,1.3576e-05,0.0012309,0.0011766,-0.014739,-0.0091818,-0.005643,-0.0037922,-0.022201,-0.0092044,0.0030636
0.6832,-0.0020273,-0.0011358,0.00039822,0.00024889,-0.0044483,0.0094171,0.0017694,-0.005281,-0.0030817,0.0027785,-0.0034664,-0.010096,-0.0045388,-0.005643,-0.0053398,-0.012915,-0.0061091,-0.0015793
0.6833,0.013449,0.0004118,-0.0011494,0.0048918,0.0017422,-0.0060593,-0.010612,-0.00063806,-0.0092723,0.0012309,0.0027242,-0.0085482,-0.0060865,0.0036428,-0.0037922,-0.0051769,-0.0014662,-0.0015793
0.6834,-0.0020273,0.0019594,-0.0057923,0.0048918,0.0063852,0.0016789,0.0017694,-0.00063806,0.0015612,-0.0049597,-0.0019187,-0.011644,-0.0060865,-0.005643,-0.0022445,-0.0067246,-0.0123,-0.010865
0.6835,-0.0020273,0.0004118,0.0019459,0.0048918,0.00019459,-0.0029641,0.003317,0.00090958,1.3576e-05,-0.0034121,-0.0034664,-0.016286,-0.0091818,-0.011834,-0.0099827,-0.0098198,-0.0061091,-0.003127
0.6836,-0.003575,0.0019594,-0.0011494,0.0017965,-0.0044483,0.0032265,-0.0059688,-0.0021857,-0.0030817,0.0012309,-0.011205,-0.019382,-0.0091818,0.0020952,-0.00069689,-0.012915,0.0016291,-0.0015793
0.6837,-0.0020273,0.0096977,-0.0011494,-0.0012988,-0.0044483,0.0047742,-0.0059688,-0.0021857,-0.0030817,-0.00031677,-0.005014,-0.0039053,-0.0014436,-0.0010001,-0.0022445,-0.011367,-0.0045615,-0.0015793
0.6838,-0.0020273,0.0004118,0.00039822,0.0079871,-0.0013531,-0.0014164,0.00022174,-0.0068286,1.3576e-05,-0.0018644,-0.0096569,-0.013191,-0.0045388,0.00054756,-0.0068875,-0.0082722,-0.0061091,-0.0046746
0.6839,-0.0020273,0.0035071,0.0050412,0.0033442,0.0017422,-0.0045117,0.00022174,0.0040049,0.0031089,-0.0049597,-0.011205,-0.0070006,-0.0014436,0.0036428,-0.00069689,-0.0036293,-0.0076568,-0.015508
0.684,-0.003575,-0.0011358,-0.0057923,0.0017965,-0.0044483,0.0016789,-0.0044212,0.0055525,0.0015612,-0.00031677,-0.0081093,-0.0085482,-0.0029912,-0.0010001,-0.00069689,0.0010137,8.1455e-05,-0.0062222
0.6841,0.001068,-0.0011358,-0.0057923,0.0079871,0.0017422,0.00013123,-0.0013259,-0.0021857,-0.0015341,-0.0049597,-0.005014,-0.014739,-0.0029912,0.00054756,-0.0053398,-0.0051769,8.1455e-05,-0.0062222
0.6842,-0.0020273,0.0035071,-0.00734,-0.0028464,-0.0029007,-0.0060593,-0.0075165,-0.0083763,-0.0015341,-0.0065073,-0.0019187,-0.010096,0.004747,-0.0040954,-0.0037922,-0.0036293,0.0031767,-0.003127
0.6843,-0.0020273,0.0004118,-0.0026971,-0.004394,-0.0029007,-0.010702,0.0095076,-0.005281,1.3576e-05,-0.0065073,-0.00037107,-0.017834,-0.0076341,-0.0040954,-0.0037922,-0.0067246,-0.0030138,-0.0077699
0.6844,-0.0051226,0.0035071,-0.0057923,0.00024889,-0.0044483,-0.0060593,0.00022174,0.00090958,-0.006177,-0.008055,-0.0034664,-0.014739,-0.0014436,0.0020952,-0.01153,-0.00053398,-0.0061091,-0.0015793
0.6845,0.0026156,0.0035071,-0.00734,0.0079871,-0.0090913,0.00013123,0.0017694,0.0055525,-0.0030817,-0.008055,-0.00037107,-0.005453,-0.0029912,-0.0025477,-0.01153,-0.0098198,-0.0045615,-0.003127
0.6846,0.001068,0.0050547,-0.0057923,0.0095347,-0.0029007,0.0016789,0.0048647,-0.0021857,0.0015612,-0.00031677,0.0011766,-0.0070006,0.00010408,-0.0071907,-0.0068875,-0.0098198,-0.0030138,-3.1677e-05
0.6847,-0.0020273,0.00815,-0.0042447,0.0033442,0.0032899,0.00013123,-0.0044212,-0.0021857,0.0015612,0.0012309,-0.0034664,-0.013191,0.00010408,-0.0040954,-0.0053398,-0.0051769,-0.0076568,-0.0015793
0.6848,-0.0020273,0.0096977,-0.0042447,0.0095347,-0.0044483,0.0032265,-0.0013259,-0.0037333,0.0031089,-0.0018644,-0.0096569,-0.013191,-0.0029912,0.00054756,0.00085075,0.0010137,-0.0045615,-0.0046746
0.6849,0.0026156,0.00815,-0.0042447,0.0079871,-0.0013531,0.0078694,-0.0059688,0.0040049,0.0046565,-0.0034121,-0.0065616,-0.016286,-0.0014436,0.0036428,-0.00069689,-0.0051769,-0.0045615,-0.010865
0.685,0.0057109,0.0035071,-0.0042447,0.0017965,-0.012187,0.00013123,-0.0075165,0.0024572,1.3576e-05,-0.0018644,-0.0081093,-0.011644,-0.0045388,-0.0071907,-0.0084351,-0.0082722,-0.0014662,-0.0093175
0.6851,0.0072585,-0.0011358,-0.00734,0.00024889,0.00019459,0.0032265,-0.0075165,-0.0037333,-0.0030817,-0.0034121,-0.0081093,-0.010096,-0.0045388,-0.010286,-0.0084351,-0.0082722,-0.0061091,-0.0093175
0.6852,-0.0020273,0.0050547,0.00039822,0.00024889,0.00019459,-0.0060593,0.00022174,-0.005281,0.0077518,-0.0018644,-0.0096569,-0.005453,0.00010408,0.0020952,0.0023984,-0.00053398,-0.0092044,-0.0046746
0.6853,-0.0051226,0.00815,-0.0011494,0.0017965,-0.0044483,-0.0045117,0.0048647,-0.0037333,0.0046565,-0.00031677,-0.0019187,-0.0085482,-0.0076341,-0.0071907,-0.0099827,-0.0082722,-0.0045615,-0.0093175
0.6854,-0.0051226,-0.0057788,-0.0026971,0.0033442,-0.0013531,0.0078694,0.0017694,-0.005281,-0.0046294,-0.012698,-0.0096569,-0.014739,-0.020015,-0.0010001,0.003946,-0.011367,-0.0030138,-0.0062222
0.6855,0.0041632,0.0035071,-0.0026971,0.0064395,0.0017422,0.010965,-0.0013259,0.0086478,-0.0046294,0.0043262,-0.0065616,-0.0085482,-0.018468,-0.0010001,-0.0053398,-0.0051769,-0.0076568,-0.0062222
0.6856,0.0026156,0.0050547,-0.0026971,0.0048918,-0.0013531,0.0078694,-0.0013259,-0.00063806,-0.0030817,0.010517,-0.011205,-0.005453,-0.018468,-0.0071907,-0.0053398,-0.0020816,-0.0076568,-0.0077699
0.6857,-0.003575,-0.0011358,0.00039822,0.0064395,0.0017422,0.010965,-0.0013259,-0.0021857,-0.0030817,-0.00031677,-0.0081093,-0.0085482,-0.018468,0.0036428,-0.0053398,-0.0067246,-0.0030138,-0.003127
0.6858,-0.003575,0.0019594,0.00039822,0.0079871,-0.0044483,0.010965,0.0048647,-0.0037333,1.3576e-05,-0.00031677,-0.0081093,-0.0039053,-0.013825,0.0051905,-0.0053398,-0.0067246,-0.0076568,0.001516
0.6859,0.0026156,-0.0011358,-0.0026971,0.0017965,0.00019459,-0.0029641,-0.0013259,-0.0021857,0.0031089,0.0043262,-0.0096569,-0.010096,-0.0091818,0.00054756,-0.0053398,-0.0051769,-0.0061091,-0.0062222
0.686,0.0072585,0.0004118,0.00039822,0.00024889,0.00019459,0.00013123,0.0048647,-0.0037333,0.0077518,0.0058738,-0.0143,-0.010096,-0.015372,0.00054756,-0.0068875,-0.0067246,-0.0076568,-0.0062222
0.6861,-0.00047968,0.0004118,-0.0011494,0.00024889,0.0017422,0.0032265,0.00022174,-0.00063806,-0.0015341,0.0043262,-0.005014,-0.005453,-0.01692,0.00054756,-0.00069689,0.0010137,-0.0061091,-0.0062222
0.6862,0.001068,0.0050547,-0.0088876,0.0033442,0.00019459,-0.0014164,-0.0028735,0.0024572,-0.006177,0.0012309,-0.0065616,-0.011644,-0.0060865,0.00054756,0.00085075,-0.0051769,-0.0061091,-0.003127
0.6863,-0.00047968,0.0035071,-0.018173,0.01263,-0.005996,0.0047742,-0.0044212,0.0040049,-0.0015341,-0.008055,-0.005014,-0.013191,-0.0045388,-0.0025477,-0.0068875,-0.0067246,-0.0076568,-0.0015793
0.6864,0.001068,-0.010422,-0.0042447,0.0095347,-0.0029007,0.0032265,0.0017694,0.00090958,-0.0015341,-0.00031677,-0.017395,-0.011644,-0.010729,-0.0025477,-0.0068875,-0.0098198,-0.010752,-0.0046746
0.6865,0.001068,-0.013517,-0.0057923,0.0095347,0.0079328,0.0016789,0.0095076,0.0055525,-0.0015341,0.0043262,-0.0065616,-0.010096,-0.0045388,-0.0010001,-0.0037922,-0.0082722,-0.0045615,-0.0062222
0.6866,0.001068,0.0004118,-0.011983,0.00024889,0.00019459,0.0016789,-0.0028735,0.014838,-0.0046294,-0.0096026,-0.0081093,-0.005453,-0.0060865,-0.0010001,-0.0084351,-0.0036293,-0.0076568,-0.0093175
0.6867,-0.0066702,0.0019594,-0.0026971,-0.0074893,-0.0013531,-0.0029641,0.0017694,0.0024572,0.0015612,-0.0018644,-0.0096569,-0.005453,-0.0060865,-0.005643,-0.0053398,-0.0036293,8.1455e-05,-0.0093175
0.6868,-0.003575,0.014341,-0.0011494,-0.012132,0.0048375,0.0032265,0.0048647,-0.00063806,0.0015612,0.0012309,-0.018943,-0.011644,-0.015372,0.00054756,-0.0068875,-0.011367,-0.0045615,-0.0077699
0.6869,-0.00047968,0.011245,0.00039822,-0.0012988,0.0017422,0.00013123,0.017246,0.00090958,-0.0046294,-0.0049597,-0.0065616,-0.005453,-0.010729,-0.0025477,-0.0053398,-0.0067246,-0.0014662,-0.003127
0.687,-0.003575,0.011245,0.00039822,0.0033442,0.00019459,-0.0045117,0.003317,-0.0037333,-0.0015341,-0.0049597,-0.012752,-0.0085482,-0.010729,-0.0025477,-0.013078,-0.0020816,-0.0045615,-0.003127
0.6871,0.001068,0.0004118,-0.0026971,0.0017965,0.00019459,0.0016789,0.0017694,-0.0021857,0.0046565,0.0012309,-0.011205,-0.010096,-0.0060865,-0.0010001,-0.013078,0.0025613,8.1455e-05,-0.0046746
0.6872,0.0057109,0.0004118,-0.0057923,-0.0012988,-0.0029007,0.010965,-0.0059688,-0.0021857,-0.0030817,-0.0034121,-0.0065616,-0.0070006,-0.012277,0.00054756,-0.0068875,-0.0082722,-0.0076568,-0.017056
0.6873,0.001068,0.0035071,-0.0026971,0.0033442,-0.005996,0.00013123,0.00022174,-0.0037333,-0.0030817,0.0012309,-0.011205,-0.0085482,-0.0091818,0.00054756,-0.0084351,-0.0082722,-0.0061091,-0.0093175
0.6874,0.001068,0.0035071,-0.00734,-0.0028464,-0.0044483,-0.0014164,-0.0013259,-0.005281,0.0015612,-0.0049597,-0.0096569,-0.005453,-0.0060865,-0.0010001,-0.0099827,-0.00053398,-0.0061091,-0.010865
0.6875,0.001068,0.0066024,-0.0026971,0.00024889,0.0017422,-0.0014164,0.0017694,0.0040049,0.0046565,-0.008055,-0.0065616,-0.010096,-0.013825,-0.0025477,-0.0068875,-0.0036293,-0.0092044,-0.018603
0.6876,0.001068,0.0066024,0.0081364,-0.0012988,-0.0013531,0.0016789,-0.0013259,0.00090958,-0.0030817,-0.0018644,-0.005014,-0.010096,-0.0029912,-0.0040954,-0.0084351,-0.00053398,-0.0061091,-0.0077699
0.6877,0.001068,-0.0011358,-0.0042447,0.0048918,-0.0029007,0.00013123,0.003317,-0.0021857,1.3576e-05,-0.0034121,-0.0065616,-0.010096,0.00010408,-0.005643,-0.0053398,-0.0051769,-0.0076568,-3.1677e-05
0.6878,0.0026156,0.0066024,-0.00734,0.01263,-0.0044483,-0.0060593,0.0048647,0.0040049,-0.006177,-0.0096026,0.0011766,-0.0023577,-0.0045388,-0.010286,-0.0068875,-0.0067246,-0.0014662,-0.0062222
0.6879,0.0026156,0.0004118,-0.0042447,0.0017965,-0.005996,0.0063218,0.003317,-0.00063806,-0.0030817,0.0043262,0.0011766,-0.0023577,-0.0045388,-0.005643,-0.014626,-0.0067246,-0.0045615,-0.0093175
0.688,0.0057109,0.0019594,-0.0026971,-0.0012988,-0.0044483,0.0063218,-0.0013259,-0.0037333,-0.0077246,0.0089691,-0.0081093,-0.0070006,-0.0045388,-0.0087383,-0.0053398,-0.00053398,-0.010752,-0.0015793
0.6881,0.0072585,-0.0026835,-0.0026971,-0.0028464,-0.0013531,0.0094171,0.0048647,0.00090958,-0.0015341,-0.00031677,-0.0065616,-0.005453,-0.0060865,-0.0040954,-0.0068875,-0.0036293,-0.0061091,-0.0093175
0.6882,-0.0020273,-0.0011358,-0.0088876,0.0033442,-0.0029007,-0.0014164,0.0017694,0.00090958,0.0046565,0.0027785,-0.0019187,-0.0085482,-0.0076341,-0.0025477,-0.0053398,-0.011367,-0.0030138,-0.0046746
0.6883,-0.0051226,0.0019594,-0.0057923,0.00024889,-0.0029007,0.0032265,-0.0028735,0.00090958,0.0015612,-0.0018644,-0.0034664,-0.0023577,-0.010729,0.0051905,-0.01153,-0.0082722,-0.0076568,-0.0015793
0.6884,-0.0066702,-0.0057788,-0.0057923,0.0033442,0.00019459,0.0047742,0.0048647,0.00090958,-0.0030817,-0.00031677,-0.00037107,-0.0039053,-0.0076341,0.0020952,-0.0037922,-0.0036293,-0.0045615,-0.0062222
0.6885,-0.0051226,0.0019594,-0.0042447,0.0064395,-0.0075436,0.0032265,0.0017694,0.00090958,-0.0015341,0.0012309,-0.0034664,-0.0085482,-0.010729,-0.005643,-0.0053398,-0.0020816,-0.0030138,-0.0046746
0.6886,0.0057109,0.0004118,-0.0042447,0.0048918,-0.0075436,0.0016789,-0.0044212,-0.00063806,-0.0015341,0.0012309,-0.005014,-0.014739,-0.0029912,-0.005643,-0.0084351,-0.0082722,-0.0076568,-0.012413
0.6887,0.0072585,-0.0057788,-0.0042447,0.0064395,-0.005996,-0.0045117,0.00022174,-0.0037333,-0.0015341,-0.008055,-0.0096569,-0.017834,-0.0029912,-0.0010001,-0.0084351,-0.0036293,-0.0076568,-0.0077699
0.6888,-0.003575,-0.0011358,-0.00734,-0.0012988,-0.005996,0.0094171,-0.0044212,-0.0021857,-0.0046294,-0.0018644,-0.0096569,-0.016286,-0.0060865,-0.0040954,-0.0053398,-0.0036293,-0.0030138,-0.012413
0.6889,-0.0066702,-0.0011358,-0.0042447,-0.0028464,0.0017422,0.0078694,-0.0028735,-0.0021857,-0.006177,0.0012309,-0.0065616,-0.010096,0.0016517,-0.0087383,-0.00069689,-0.0082722,-0.0061091,-0.0062222
0.689,0.001068,0.0050547,-0.0057923,-0.0012988,-0.0013531,0.0078694,0.00022174,0.0071001,-0.0077246,-0.0018644,0.0058195,-0.005453,0.0016517,-0.0010001,-0.0037922,-0.0098198,-0.010752,-0.003127
0.6891,-0.0097655,0.0035071,0.0019459,-0.0028464,-0.0013531,0.0032265,-0.0013259,0.00090958,-0.006177,0.0012309,-0.005014,-0.005453,-0.0045388,-0.0010001,-0.0037922,-0.0036293,-0.010752,-0.003127
0.6892,-0.012861,0.0035071,-0.0026971,0.0048918,0.00019459,0.0016789,-0.0028735,-0.0037333,-0.0046294,-0.0034121,-0.012752,-0.011644,-0.0029912,-0.005643,-0.0084351,-0.0051769,-0.0030138,-0.0077699
0.6893,0.001068,0.0035071,-0.0026971,0.0064395,-0.0029007,0.00013123,-0.0075165,-0.0021857,1.3576e-05,-0.0065073,-0.005014,-0.011644,-0.0060865,0.00054756,-0.0037922,-0.011367,0.0031767,-0.012413
0.6894,0.0041632,0.0004118,0.0034935,-0.0028464,-0.0013531,0.00013123,0.00022174,-0.00063806,0.0031089,-0.0049597,-0.0034664,-0.0070006,-0.010729,0.0020952,-0.0053398,-0.014463,-0.0045615,-0.0062222
0.6895,-0.0020273,-0.0057788,-0.0057923,-0.010585,0.0017422,0.0016789,0.0048647,0.0055525,-0.0077246,-0.0065073,-0.0143,-0.010096,-0.0045388,-0.0071907,-0.0037922,-0.0051769,-0.0061091,-0.0093175
0.6896,-0.0051226,-0.0026835,-0.010435,-0.0012988,-0.0029007,0.0063218,0.003317,0.0055525,-0.0030817,-0.0049597,-0.0065616,-0.0070006,-0.0060865,-0.0010001,-0.0053398,-0.0020816,-0.0045615,-0.0093175
0.6897,-0.003575,-0.0011358,0.00039822,-0.0028464,-0.0029007,-0.0014164,-0.0044212,0.0024572,-0.0030817,0.0027785,-0.0096569,-0.00081002,-0.0076341,0.0020952,-0.0068875,-0.0082722,8.1455e-05,-0.0093175
0.6898,-0.003575,0.0019594,-0.0011494,0.00024889,0.00019459,-0.0029641,-0.0013259,0.0040049,0.0046565,-0.0018644,-0.005014,-0.0039053,0.00010408,0.0020952,-0.00069689,-0.011367,-0.0014662,-0.0046746
0.6899,-0.0020273,0.014341,0.00039822,-0.0012988,0.0079328,0.0078694,0.00022174,0.0040049,-0.0015341,0.0012309,-0.011205,-0.010096,-0.0029912,0.00054756,-0.0099827,-0.014463,-0.0092044,-0.012413
0.69,0.0041632,-0.0011358,0.0019459,0.0079871,0.00019459,0.0063218,-0.0013259,-0.00063806,0.0015612,-0.00031677,-0.0019187,-0.017834,-0.0045388,-0.0087383,-0.0022445,-0.0082722,-0.010752,-0.0062222
0.6901,-0.00047968,-0.0042311,-0.00734,0.0095347,-0.0075436,0.0032265,0.00022174,-0.0068286,-0.0046294,-0.0034121,-0.0065616,-0.014739,-0.0076341,-0.0025477,-0.0084351,-0.0098198,-0.0045615,-0.0077699
0.6902,-0.0020273,0.0035071,-0.0088876,-0.0028464,-0.012187,0.0078694,-0.0013259,-0.005281,-0.0015341,-0.0018644,-0.0034664,-0.017834,-0.0060865,0.00054756,-0.0099827,-0.014463,-0.0061091,-0.0077699
0.6903,-0.0020273,0.0050547,-0.0042447,0.0064395,-0.005996,-0.0014164,0.0017694,-0.0021857,0.0015612,-0.00031677,0.0011766,-0.013191,-0.010729,-0.0087383,-0.0053398,-0.0082722,-0.0030138,0.0030636
0.6904,-0.00047968,0.0066024,0.00039822,0.01263,-0.005996,0.0016789,0.00022174,-0.005281,0.0031089,-0.00031677,-0.0065616,-0.00081002,-0.0091818,-0.0071907,0.0054937,-0.0082722,-0.0014662,-0.0046746
0.6905,-0.003575,0.0019594,0.00039822,0.018821,0.0032899,0.00013123,-0.0028735,-0.0099239,1.3576e-05,0.0043262,-0.012752,-0.011644,-0.0045388,-0.0025477,0.0023984,-0.0098198,-0.0092044,-0.003127
0.6906,0.001068,0.0066024,0.0019459,0.011082,0.00019459,0.0063218,-0.0028735,0.0024572,0.0046565,-0.00031677,-0.0081093,-0.0070006,-0.0045388,0.0051905,-0.0037922,-0.011367,0.0016291,-0.0062222
0.6907,-0.0066702,0.0050547,-0.0026971,0.00024889,0.00019459,-0.0014164,-0.0028735,0.0055525,0.0031089,-0.00031677,-0.005014,-0.00081002,-0.0014436,0.0020952,-0.00069689,-0.0036293,8.1455e-05,-0.0077699
0.6908,-0.00047968,0.0019594,-0.0057923,-0.004394,-0.0029007,-0.0014164,0.003317,0.00090958,1.3576e-05,-0.0049597,-0.0034664,-0.0070006,-0.0029912,-0.0025477,0.003946,-0.00053398,-0.0030138,-0.0046746
0.6909,-0.003575,0.00815,-0.0042447,-0.004394,-0.0044483,0.0032265,-0.0028735,0.00090958,0.0062041,-0.0018644,-0.00037107,-0.016286,-0.0029912,0.0020952,-0.0037922,-0.012915,8.1455e-05,-0.0046746
0.691,0.0026156,-0.0057788,-0.00734,0.0017965,0.0063852,0.0016789,-0.0059688,0.0040049,0.010847,0.0012309,-0.0019187,-0.010096,-0.0029912,0.00054756,-0.013078,-0.0036293,-0.0014662,-0.0062222
0.6911,-0.003575,0.0019594,-0.0026971,0.0033442,0.0063852,-0.0014164,0.0017694,-0.00063806,0.0031089,0.0012309,-0.005014,-0.011644,-0.0076341,-0.0010001,-0.0068875,-0.0067246,-0.0092044,-0.0046746
0.6912,-0.0082179,0.0035071,0.00039822,0.0079871,0.00019459,0.0016789,0.00022174,-0.00063806,0.0015612,-0.00031677,-0.0019187,-0.014739,-0.0076341,0.00054756,-0.0068875,-0.0067246,8.1455e-05,-0.0062222
0.6913,-0.003575,-0.0011358,0.0034935,0.0033442,-0.0013531,0.0016789,-0.0013259,-0.00063806,-0.0046294,0.0012309,-0.0096569,-0.0085482,-0.0029912,0.0067381,-0.0099827,-0.00053398,-0.0030138,-0.0062222
0.6914,-0.0051226,-0.0026835,-0.0042447,0.011082,0.00019459,0.0032265,-0.0044212,-0.00063806,1.3576e-05,-0.0034121,-0.0096569,0.00073762,-0.0014436,0.0051905,-0.0068875,-0.0051769,-0.0076568,-0.003127
0.6915,-0.003575,-0.0026835,-0.0042447,0.0064395,-0.0013531,0.0016789,-0.010612,-0.0021857,0.0031089,-0.0034121,-0.0081093,-0.005453,-0.0076341,0.00054756,-0.0053398,-0.0098198,-0.0092044,-0.0062222
0.6916,-0.0051226,0.0035071,-0.0011494,-0.0012988,-0.0013531,0.00013123,-0.0059688,-0.0068286,0.0062041,-0.0034121,-0.005014,-0.019382,-0.0045388,0.0036428,-0.014626,-0.0082722,-0.010752,-0.0093175
0.6917,-0.0066702,0.0004118,0.0050412,0.0064395,-0.0044483,0.00013123,-0.0013259,-0.0021857,0.0092994,0.0027785,0.0089148,-0.010096,-0.0060865,-0.0025477,-0.014626,-0.0082722,-0.0076568,-0.01396
0.6918,-0.0051226,-0.0011358,-0.0026971,0.0064395,-0.005996,0.00013123,0.0017694,-0.005281,-0.0015341,0.0012309,0.0011766,-0.010096,-0.0045388,-0.0010001,-0.0099827,-0.0082722,-0.0045615,-0.0062222
0.6919,-0.0066702,-0.0011358,-0.0042447,0.0095347,-0.0029007,-0.0045117,0.0064123,-0.0083763,0.0062041,0.0012309,0.0027242,-0.011644,0.00010408,0.0020952,-0.0084351,-0.00053398,-0.0061091,-0.0015793
0.692,-0.00047968,0.0004118,-0.0011494,0.0079871,-0.0044483,-0.0029641,-0.0028735,-0.0083763,0.0062041,0.0012309,-0.0019187,-0.011644,0.0016517,-0.0010001,-0.020816,-0.0067246,-0.0061091,-0.0015793
0.6921,-0.0020273,-0.0026835,0.0050412,-0.0012988,-0.0075436,0.0047742,0.00022174,0.0024572,1.3576e-05,-0.0018644,-0.0081093,-0.005453,0.0031994,-0.005643,-0.013078,-0.0082722,8.1455e-05,-0.003127
0.6922,-0.00047968,-0.0026835,0.0096841,-0.0028464,0.00019459,0.00013123,0.0017694,-0.0021857,0.0015612,-0.0034121,-0.005014,-0.010096,-0.010729,-0.0040954,-0.01153,-0.0067246,-0.0030138,-0.0046746
0.6923,-0.003575,0.0096977,-0.0057923,-0.0012988,0.00019459,0.0078694,0.00022174,-0.0021857,-0.0015341,-0.00031677,-0.0034664,-0.011644,-0.0045388,-0.0025477,-0.0037922,-0.0051769,0.0031767,-0.003127
0.6924,-0.0020273,0.00815,-0.0088876,0.0033442,-0.0029007,0.0016789,-0.0044212,-0.00063806,0.0015612,-0.0018644,-0.00037107,-0.010096,-0.0045388,-0.0040954,-0.0037922,-0.0082722,-0.0014662,-0.0015793
0.6925,0.0041632,0.0035071,0.0019459,0.0033442,-0.0075436,-0.0029641,-0.0028735,-0.005281,1.3576e-05,-0.00031677,-0.0034664,-0.014739,-0.010729,-0.010286,-0.014626,-0.01601,8.1455e-05,-0.0046746
0.6926,0.0041632,-0.0011358,-0.0011494,0.01263,-0.0013531,0.0032265,0.003317,-0.0021857,1.3576e-05,-0.00031677,-0.0081093,-0.016286,-0.0045388,-0.0071907,-0.0099827,-0.0098198,8.1455e-05,-0.010865
0.6927,-0.00047968,0.00815,0.00039822,0.0017965,0.0032899,0.00013123,0.00022174,-0.0021857,1.3576e-05,-0.0034121,-0.0065616,-0.005453,-0.0045388,-0.0010001,-0.014626,-0.0051769,-0.0045615,-0.0062222
0.6928,0.001068,0.0050547,0.00039822,0.00024889,0.0063852,0.0032265,-0.0044212,0.0024572,-0.006177,0.0058738,-0.0065616,-0.0070006,-0.0045388,0.00054756,-0.0053398,-0.0020816,-0.0061091,-0.0046746
0.6929,0.0026156,0.0004118,0.0034935,0.0033442,-0.0029007,0.00013123,-0.0044212,0.0071001,-0.0015341,0.0027785,-0.0019187,-0.013191,-0.013825,-0.0040954,-0.020816,-0.00053398,-0.010752,-0.003127
0.693,0.001068,0.0035071,0.0081364,-0.0012988,-0.0013531,-0.0014164,0.00022174,-0.0068286,-0.0015341,-0.0034121,-0.0096569,-0.0085482,-0.0045388,-0.0040954,-0.0053398,-0.0067246,-0.0030138,-0.003127
0.6931,-0.0051226,0.0004118,0.0019459,0.0017965,-0.0029007,-0.0029641,0.00022174,-0.0021857,1.3576e-05,-0.0034121,-0.0034664,-0.0070006,0.0016517,-0.0071907,-0.0068875,-0.0067246,-0.0014662,-0.0046746
0.6932,-0.0097655,0.0050547,0.0034935,0.00024889,-0.0029007,0.00013123,0.0095076,0.0055525,0.0046565,-0.0034121,-0.0065616,-0.0070006,0.00010408,-0.005643,-0.0068875,-0.0082722,-0.0092044,0.0061589
0.6933,-0.003575,0.0066024,-0.0042447,0.00024889,-0.0013531,-0.0045117,-0.0028735,0.0040049,1.3576e-05,-0.0065073,-0.0065616,-0.0085482,-0.0076341,-0.005643,-0.00069689,-0.011367,-0.0014662,-0.0062222
0.6934,0.0026156,0.0066024,-0.0042447,0.0064395,-0.0013531,0.0016789,-0.0028735,-0.0068286,-0.0077246,0.0012309,-0.00037107,-0.0023577,-0.0045388,-0.005643,-0.00069689,-0.0067246,8.1455e-05,-0.0093175
0.6935,0.0088062,-0.0042311,0.0019459,-0.0028464,0.0032899,0.0032265,-0.0013259,-0.0099239,0.0015612,-0.00031677,0.0058195,-0.005453,0.0078423,-0.0025477,-0.0037922,-0.0036293,-0.0045615,-0.0093175
0.6936,-0.0020273,-0.0042311,0.0034935,0.0017965,0.00019459,0.0016789,-0.0028735,-0.005281,0.0092994,0.0027785,-0.0019187,-0.011644,0.00010408,-0.010286,-0.014626,-0.0051769,-0.0076568,-0.0046746
0.6937,-0.0051226,-0.0011358,0.00039822,0.0017965,-0.0029007,0.00013123,-0.0044212,-0.005281,0.0092994,-0.00031677,-0.005014,-0.005453,0.00010408,-0.0040954,-0.016173,-0.0036293,-0.0061091,0.001516
0.6938,0.0026156,0.0050547,-0.011983,0.0048918,-0.0029007,-0.0060593,-0.0013259,0.00090958,0.0062041,-0.0065073,-0.0065616,-0.00081002,-0.0045388,-0.0025477,-0.00069689,-0.0036293,0.0047244,0.001516
0.6939,-0.003575,-0.0057788,-0.00734,0.0017965,-0.005996,-0.0060593,0.0064123,-0.00063806,-0.0030817,-0.0034121,-0.0065616,-0.005453,-0.0045388,0.0020952,0.00085075,-0.00053398,-0.0030138,-0.0046746
0.694,-0.0020273,-0.0057788,0.00039822,0.0064395,-0.0044483,0.0016789,0.0048647,-0.0068286,-0.0046294,0.0012309,-0.0034664,-0.014739,-0.0045388,-0.0010001,-0.01153,-0.011367,-0.0045615,-0.0062222
0.6941,-0.0051226,-0.0011358,0.0034935,0.014178,-0.0044483,0.0016789,0.003317,-0.0037333,0.0046565,-0.00031677,-0.0019187,-0.0023577,-0.0029912,-0.005643,-0.014626,-0.012915,-0.0030138,-3.1677e-05
0.6942,-0.0051226,-0.0026835,-0.0011494,0.0048918,-0.0044483,0.0016789,0.003317,-0.0037333,1.3576e-05,-0.0018644,-0.0081093,-0.0023577,0.0016517,-0.0010001,-0.0099827,-0.0067246,-0.0061091,0.001516
0.6943,-0.003575,-0.0057788,-0.0057923,0.0095347,-0.0029007,0.0047742,0.0017694,-0.00063806,0.0015612,0.0027785,-0.0096569,-0.0039053,0.0031994,0.00054756,-0.017721,-0.0098198,-0.0061091,-0.0062222
0.6944,-0.00047968,0.0050547,-0.010435,0.0079871,-0.0029007,0.0047742,-0.0059688,0.00090958,-0.006177,-0.0018644,-0.0096569,-0.0070006,-0.0091818,0.0051905,-0.016173,-0.0051769,-0.0076568,-0.0015793
0.6945,-0.00047968,0.0004118,-0.0057923,0.0048918,-0.0044483,-0.0045117,0.00022174,-0.005281,-0.0030817,-0.0065073,-0.0096569,-0.0023577,-0.010729,0.0051905,-0.0084351,0.0025613,-0.0030138,-0.010865
0.6946,0.001068,0.0035071,0.00039822,0.0017965,0.0017422,0.0047742,0.00022174,-0.0037333,0.0077518,-0.0018644,-0.0096569,-0.0085482,-0.0091818,0.0020952,-0.0084351,-0.0020816,-0.0030138,-0.0077699
0.6947,0.001068,-0.0042311,-0.0026971,0.0095347,0.0079328,0.0032265,0.003317,-0.00063806,0.0015612,-0.01115,-0.0081093,-0.010096,-0.0045388,0.00054756,-0.0084351,-0.0082722,-0.0061091,-0.0046746
0.6948,-0.0051226,0.0019594,-0.00734,0.0079871,0.00019459,0.00013123,0.0017694,0.00090958,-0.006177,-0.0049597,-0.012752,-0.0070006,-0.0076341,0.00054756,-0.0068875,-0.0020816,-0.0123,-0.003127
0.6949,-0.003575,0.0004118,-0.0011494,0.0079871,-0.005996,-0.0045117,-0.0028735,0.0024572,-0.0015341,-0.0034121,-0.017395,-0.011644,-0.0029912,-0.0010001,-0.0037922,-0.0036293,-0.010752,0.0030636
0.695,-0.0020273,0.0035071,0.00039822,0.00024889,0.0032899,-0.0014164,0.0017694,-0.00063806,-0.0092723,-0.0018644,-0.022038,-0.011644,-0.0014436,-0.0087383,-0.0068875,-0.0067246,-0.0092044,-0.0077699
0.6951,-0.0020273,0.0066024,0.0034935,-0.0028464,0.0017422,-0.0029641,0.0048647,0.010195,-0.0077246,-0.0018644,-0.0143,-0.011644,-0.0029912,-0.011834,-0.0037922,-0.0051769,-0.0061091,-0.003127
0.6952,-0.0066702,-0.0042311,-0.00734,0.0064395,0.0048375,-0.0045117,0.011055,0.0024572,-0.006177,-0.00031677,-0.011205,-0.0039053,-0.0014436,-0.0087383,-0.0084351,-0.0020816,-0.0061091,0.001516
0.6953,-0.00047968,-0.0042311,-0.0042447,-0.004394,0.0063852,-0.0045117,0.00022174,0.00090958,-0.006177,-0.00031677,-0.0096569,-0.0039053,-0.0076341,0.00054756,-0.0099827,-0.0067246,-0.0076568,-0.0046746
0.6954,-0.0051226,-0.0057788,-0.00734,-0.0012988,0.00019459,-0.0045117,-0.0028735,0.00090958,-0.0046294,-0.0018644,-0.005014,-0.010096,-0.0014436,-0.0010001,-0.01153,-0.0067246,-0.0076568,-3.1677e-05
0.6955,-0.0082179,-0.0011358,-0.0057923,0.0079871,-0.0075436,-0.0014164,0.0017694,0.0024572,-0.006177,-0.0034121,-0.012752,-0.010096,-0.0060865,-0.0071907,-0.0053398,-0.012915,-0.013847,0.0046113
0.6956,0.0057109,0.0004118,-0.0026971,0.0079871,0.00019459,0.0063218,0.0048647,0.0040049,-0.006177,-0.0065073,-0.0096569,-0.017834,-0.0045388,-0.005643,-0.00069689,-0.0082722,-0.0123,-0.0062222
0.6957,0.0041632,0.0004118,0.0034935,0.0079871,-0.0044483,-0.0045117,0.0017694,0.00090958,1.3576e-05,0.0012309,-0.0034664,-0.0039053,-0.0029912,-0.0071907,-0.0084351,-0.01601,-0.0123,-0.015508
0.6958,0.001068,0.0035071,-0.0057923,0.0033442,-0.0013531,0.0016789,0.0017694,-0.0037333,0.0062041,-0.00031677,0.0011766,-0.0070006,0.00010408,-0.0025477,-0.0099827,-0.0067246,-0.013847,-0.0062222
0.6959,0.001068,0.0035071,-0.00734,0.0095347,-0.010639,0.0016789,0.003317,-0.0037333,1.3576e-05,0.0027785,-0.0034664,-0.019382,-0.0029912,-0.005643,-0.00069689,-0.0082722,-0.0076568,-0.0015793
0.696,-0.0020273,0.0050547,-0.0042447,0.0095347,0.0017422,-0.007607,-0.0013259,-0.0037333,1.3576e-05,-0.00031677,-0.00037107,-0.005453,-0.010729,-0.0025477,-0.0099827,-0.0082722,-0.0030138,-0.0015793
0.6961,-0.0020273,0.0050547,-0.0011494,0.0033442,-0.0029007,0.00013123,-0.0059688,-0.0021857,-0.0046294,-0.00031677,-0.00037107,-0.0023577,-0.0045388,0.0051905,-0.013078,-0.0067246,-0.0030138,-0.003127
0.6962,-0.00047968,0.0035071,0.00039822,-0.0012988,0.0063852,0.0032265,0.00022174,-0.0021857,-0.006177,0.0027785,-0.0019187,-0.010096,-0.0029912,-0.0025477,-0.0068875,-0.0036293,-0.0045615,0.0030636
0.6963,0.0026156,0.0050547,0.0034935,0.0079871,0.0079328,0.0047742,0.0017694,-0.0037333,0.0062041,0.0012309,-0.005014,-0.0039053,-0.0060865,-0.0025477,-0.0068875,-0.0051769,-0.0123,-0.0015793
0.6964,-0.00047968,-0.0042311,0.0019459,0.0095347,0.00019459,0.010965,0.0048647,0.0040049,-0.0046294,-0.00031677,-0.005014,0.00073762,-0.0091818,-0.0040954,-0.0037922,-0.0051769,-0.0061091,-0.0046746
0.6965,0.0041632,-0.0042311,-0.0011494,0.0079871,0.0063852,0.0032265,-0.0028735,0.00090958,1.3576e-05,-0.0065073,-0.0065616,0.00073762,-0.0060865,-0.0010001,-0.0084351,-0.0098198,-0.0014662,-0.0015793
0.6966,-0.00047968,0.0019594,-0.0042447,0.0033442,-0.0029007,-0.0045117,-0.0028735,0.00090958,0.0062041,-0.0049597,-0.00037107,-0.0023577,0.0062947,-0.0010001,-0.0084351,-0.0051769,8.1455e-05,0.0061589
0.6967,0.0026156,0.0050547,-0.0026971,0.0033442,-0.005996,0.00013123,-0.0059688,-0.0021857,0.0031089,-0.0049597,-0.0019187,-0.0085482,0.0016517,0.0020952,-0.0099827,-0.012915,-0.0092044,-3.1677e-05
0.6968,0.0026156,0.00815,0.0019459,0.0048918,-0.0075436,-0.0014164,-0.0075165,-0.0037333,0.0031089,-0.0018644,0.0011766,-0.0070006,-0.0045388,0.014476,-0.00069689,-0.0067246,-0.0076568,-0.0062222
0.6969,0.001068,-0.0011358,-0.0026971,0.0064395,-0.0013531,0.00013123,-0.0044212,-0.005281,0.0015612,-0.0018644,-0.00037107,-0.010096,0.0016517,-0.0071907,-0.0053398,-0.0082722,-0.0030138,-0.010865
0.697,-0.00047968,-0.0026835,-0.0011494,-0.0012988,-0.0029007,-0.0045117,-0.0028735,-0.0037333,-0.0046294,-0.00031677,-0.005014,-0.0085482,-0.0045388,-0.011834,-0.0022445,-0.0036293,-0.0076568,-0.01396
0.6971,0.0026156,-0.0057788,-0.0042447,-0.0012988,-0.005996,-0.0029641,-0.0044212,-0.0037333,-0.0046294,-0.0034121,-0.0065616,-0.011644,0.004747,-0.0087383,-0.0053398,-0.0098198,-0.0123,-0.0093175
0.6972,0.0026156,-0.0042311,0.00039822,0.0048918,-0.0090913,-0.0091546,-0.0013259,-0.005281,0.0015612,-0.0034121,-0.0019187,-0.013191,-0.0029912,-0.0010001,-0.0022445,-0.0051769,-0.010752,-0.010865
0.6973,-0.0097655,-0.0088741,-0.0042447,0.0017965,-0.0029007,-0.0014164,0.0017694,-0.00063806,0.0015612,-0.00031677,-0.017395,-0.010096,-0.0029912,0.0036428,-0.0053398,0.0010137,-0.0076568,-0.0062222
0.6974,-0.0051226,0.0004118,0.0034935,0.0048918,0.0032899,0.0047742,0.003317,0.00090958,0.0015612,-0.0065073,-0.011205,-0.0023577,-0.0045388,-0.0040954,-0.013078,-0.0036293,8.1455e-05,-0.0062222
0.6975,0.0026156,0.00815,0.0050412,0.0033442,0.00019459,0.0016789,0.00022174,-0.0099239,1.3576e-05,-0.00031677,-0.012752,-0.010096,-0.0014436,0.00054756,-0.0084351,-0.0051769,-0.0045615,-0.003127
0.6976,-0.003575,0.0096977,-0.0011494,0.0048918,-0.0029007,-0.0045117,-0.0028735,-0.0068286,0.0062041,0.0043262,-0.0034664,-0.014739,-0.0045388,-0.0025477,-0.01153,-0.017558,-0.0045615,-0.0062222
0.6977,-0.0066702,0.0066024,-0.0011494,0.0017965,-0.0013531,-0.0045117,-0.0044212,-0.00063806,0.0046565,0.0027785,-0.0019187,-0.010096,-0.0029912,-0.0025477,-0.013078,-0.012915,-0.0014662,-0.010865
0.6978,0.0088062,-0.0042311,0.0081364,0.00024889,-0.0013531,0.00013123,0.00022174,-0.0021857,-0.006177,-0.0034121,-0.0081093,-0.0023577,-0.0045388,-0.011834,-0.0084351,-0.0082722,-0.0014662,-0.010865
0.6979,0.0026156,-0.0011358,-0.0057923,0.0048918,0.00019459,-0.0029641,0.003317,0.00090958,-0.0046294,-0.00031677,-0.0081093,-0.0070006,-0.0060865,-0.011834,-0.0099827,-0.0098198,8.1455e-05,-0.003127
0.698,0.010354,0.0035071,-0.0042447,0.0048918,0.0079328,-0.0014164,0.00022174,-0.0021857,-0.006177,-0.0034121,-0.0065616,-0.014739,-0.0091818,-0.0071907,-0.0022445,-0.011367,0.0016291,0.0077065
0.6981,0.010354,0.0035071,0.00039822,0.0064395,-0.0013531,0.0016789,-0.0013259,-0.0068286,-0.0046294,-0.0049597,-0.0019187,-0.014739,-0.0076341,-0.0071907,-0.0068875,-0.020653,8.1455e-05,-0.003127
0.6982,0.010354,-0.0042311,0.00039822,-0.0028464,-0.0013531,-0.0014164,-0.0044212,-0.0037333,0.0077518,-0.0018644,-0.005014,-0.017834,-0.0029912,0.0036428,-0.016173,-0.01601,-0.0061091,-0.0046746
0.6983,0.0057109,0.0050547,-0.0026971,-0.0028464,-0.0013531,0.00013123,0.00022174,-0.00063806,0.0015612,-0.0049597,-0.005014,-0.0070006,-0.0029912,0.014476,-0.0068875,-0.014463,-0.0045615,-0.0015793
0.6984,-0.0020273,0.0019594,0.0034935,0.0017965,-0.0013531,0.00013123,-0.010612,-0.00063806,-0.0030817,-0.01115,-0.0034664,-0.0039053,-0.0014436,0.0051905,-0.0053398,-0.017558,-0.0045615,-0.0046746
0.6985,0.001068,-0.0026835,0.0050412,0.00024889,-0.0013531,-0.0014164,-0.0028735,0.0055525,-0.006177,-0.008055,-0.0096569,-0.005453,0.0078423,0.0020952,-0.0068875,-0.014463,-0.0014662,-0.003127
0.6986,0.001068,-0.0011358,0.0050412,0.01263,0.00019459,-0.0045117,0.003317,-0.0068286,0.0046565,-0.00031677,-0.0065616,-0.010096,0.0093899,-0.0010001,-0.0084351,-0.00053398,-0.0030138,-0.0062222
0.6987,0.001068,-0.0026835,-0.0011494,0.0079871,-0.0013531,0.00013123,-0.0028735,-0.005281,0.0092994,-0.0018644,-0.0065616,-0.016286,0.0031994,-0.005643,-0.0053398,-0.0020816,-0.0030138,-0.0077699
0.6988,-0.0051226,-0.0026835,-0.0011494,0.00024889,0.00019459,0.0016789,-0.010612,0.0024572,0.0062041,0.0043262,-0.0081093,-0.011644,0.0031994,0.00054756,-0.01153,-0.0082722,-0.0061091,-0.0077699
0.6989,-0.012861,0.0096977,-0.0057923,0.0017965,-0.0029007,-0.0045117,0.00022174,-0.0021857,0.0031089,0.0058738,-0.0143,-0.011644,-0.0029912,-0.0071907,-0.0068875,-0.0098198,-0.0061091,-0.0015793
0.699,0.001068,0.0035071,-0.0026971,0.0064395,-0.0013531,0.00013123,0.0048647,-0.0021857,1.3576e-05,-0.0065073,0.0011766,-0.017834,-0.0045388,0.00054756,-0.0022445,-0.0067246,-0.0076568,-0.0062222
0.6991,0.0026156,-0.0057788,-0.0042447,0.0033442,-0.0029007,-0.0029641,0.003317,-0.0021857,0.0015612,-0.00031677,0.0027242,-0.019382,-0.0060865,0.00054756,-0.00069689,-0.011367,-0.0030138,-0.003127
0.6992,-0.00047968,-0.0026835,-0.0011494,0.0048918,0.00019459,0.00013123,0.003317,-0.0021857,1.3576e-05,-0.0065073,-0.005014,-0.011644,-0.0060865,-0.0040954,-0.0037922,-0.012915,-0.0014662,-0.0046746
0.6993,-0.003575,0.0050547,0.0034935,0.0048918,0.0048375,0.0032265,0.0017694,-0.0099239,-0.0015341,-0.00031677,-0.0065616,-0.014739,-0.010729,-0.0071907,-0.0022445,-0.014463,-0.0030138,-0.003127
0.6994,0.0026156,0.0004118,-0.00734,0.0064395,0.0017422,-0.0014164,0.003317,0.00090958,-0.0015341,-0.0065073,-0.0034664,-0.014739,-0.0091818,-0.0040954,-0.0037922,-0.0098198,-0.0061091,-0.003127
0.6995,-0.003575,0.0019594,-0.0042447,0.0017965,-0.0044483,0.00013123,0.00022174,0.0024572,-0.0077246,0.0012309,-0.0034664,-0.0039053,-0.0091818,-0.0025477,-0.0037922,-0.00053398,0.0016291,-0.0015793
0.6996,0.001068,0.0019594,-0.0011494,-0.004394,-0.010639,-0.0014164,0.00022174,-0.005281,-0.0092723,0.0012309,-0.011205,-0.0085482,-0.010729,-0.0025477,-0.0037922,-0.0020816,-0.0045615,-0.0015793
0.6997,0.0057109,-0.0026835,0.00039822,0.0064395,-0.005996,-0.0045117,-0.0013259,0.0040049,-0.0046294,-0.00031677,-0.0081093,-0.0085482,-0.012277,-0.0087383,-0.0022445,-0.012915,-0.0076568,-0.003127
0.6998,-0.0020273,-0.0042311,-0.0026971,0.0033442,0.00019459,-0.0045117,0.003317,0.00090958,-0.0015341,-0.00031677,-0.005014,-0.005453,-0.0045388,-0.011834,-0.0068875,-0.0082722,-0.0045615,-0.0093175
0.6999,0.001068,-0.0011358,-0.0011494,0.0064395,0.0017422,-0.0060593,-0.0059688,0.00090958,-0.0092723,-0.0018644,-0.005014,-0.013191,-0.0076341,-0.005643,-0.0099827,-0.0036293,-0.0030138,-0.0077699
